[
    {
        "frame": 1,
        "object_rotation_in_cam": [
            [
                0.9986067859909034,
                -0.043167583590323765,
                0.030348751208092373
            ],
            [
                0.052556503518801735,
                0.8651126413506226,
                -0.49881653111462454
            ],
            [
                -0.004722384016199798,
                0.4997165971851659,
                0.8661760915581093
            ]
        ],
        "object_translation_in_cam": [
            0.026493495505884552,
            0.005814572761512076,
            1.91646125271888
        ],
        "raw_rvec": [
            0.5230311795256263,
            0.018370244014735436,
            0.05014023147629424
        ],
        "refined_raw_rvec": [
            0.5230311795256263,
            0.018370244014735436,
            0.05014023147629424
        ],
        "num_inliers": 14,
        "total_matches": 14,
        "inlier_ratio": 1.0,
        "reprojection_errors": [
            1.6140886545181274,
            1.1951583623886108,
            1.173567295074463,
            1.6295915842056274,
            2.4504833221435547,
            1.1121701002120972,
            2.1174826622009277,
            0.9204356670379639,
            2.237868547439575,
            1.671460747718811,
            1.9790849685668945,
            2.0126092433929443,
            3.7052321434020996,
            1.7378613948822021
        ],
        "mean_reprojection_error": 1.8255068063735962,
        "std_reprojection_error": 0.6815270781517029,
        "inliers": [
            0,
            1,
            2,
            3,
            4,
            5,
            6,
            7,
            8,
            9,
            10,
            11,
            12,
            13
        ],
        "mkpts0": [
            [
                591,
                284
            ],
            [
                602,
                348
            ],
            [
                598,
                298
            ],
            [
                805,
                213
            ],
            [
                519,
                327
            ],
            [
                387,
                289
            ],
            [
                727,
                126
            ],
            [
                636,
                358
            ],
            [
                436,
                260
            ],
            [
                539,
                313
            ],
            [
                727,
                143
            ],
            [
                617,
                368
            ],
            [
                834,
                225
            ],
            [
                752,
                77
            ]
        ],
        "mkpts1": [
            [
                657,
                364
            ],
            [
                628,
                383
            ],
            [
                658,
                371
            ],
            [
                774,
                393
            ],
            [
                612,
                360
            ],
            [
                605,
                328
            ],
            [
                765,
                337
            ],
            [
                632,
                393
            ],
            [
                632,
                330
            ],
            [
                624,
                360
            ],
            [
                764,
                345
            ],
            [
                620,
                391
            ],
            [
                775,
                404
            ],
            [
                788,
                321
            ]
        ],
        "mpts3D": [
            [
                0.02500000037252903,
                -0.014000000432133675,
                -0.010999999940395355
            ],
            [
                -0.023000000044703484,
                0.0,
                -0.06499999761581421
            ],
            [
                0.02500000037252903,
                0.0,
                -0.014999999664723873
            ],
            [
                0.23000000417232513,
                0.0,
                -0.07000000029802322
            ],
            [
                -0.05700000002980232,
                -0.017999999225139618,
                -0.009999999776482582
            ],
            [
                -0.07400000095367432,
                -0.0,
                0.12800000607967377
            ],
            [
                0.20600000023841858,
                -0.07000000029802322,
                -0.0020000000949949026
            ],
            [
                -0.017000000923871994,
                -0.0,
                -0.09200000017881393
            ],
            [
                -0.01899999938905239,
                -0.0,
                0.12800000607967377
            ],
            [
                -0.03500000014901161,
                -0.017999999225139618,
                -0.009999999776482582
            ],
            [
                0.20600000023841858,
                -0.054999999701976776,
                -0.0020000000949949026
            ],
            [
                -0.03700000047683716,
                -0.0,
                -0.09700000286102295
            ],
            [
                0.23000000417232513,
                -0.0,
                -0.11299999803304672
            ],
            [
                0.24300000071525574,
                -0.10400000214576721,
                0.0
            ]
        ],
        "mconf": [
            0.6724756360054016,
            0.19982992112636566,
            0.3291495740413666,
            0.18967919051647186,
            0.6089115142822266,
            0.1452402025461197,
            0.971028745174408,
            0.1494625359773636,
            0.6089938282966614,
            0.5091274380683899,
            0.8702987432479858,
            0.1895403116941452,
            0.24736881256103516,
            0.3113442659378052
        ],
        "kf_translation_vector": [
            0.026520275195335404,
            0.00582045014574807,
            1.918398416396697
        ],
        "kf_rotation_matrix": [
            [
                0.9986039687159006,
                -0.043195106992095236,
                0.030402243285555755
            ],
            [
                0.052609577530878776,
                0.8648465119016173,
                -0.49927221353048296
            ],
            [
                -0.004727157377867829,
                0.5001746630763569,
                0.8659116354453136
            ]
        ],
        "kf_euler_angles": [
            0.523806924756258,
            0.004727174983567957,
            0.05263446495381555
        ]
    },
    {
        "frame": 2,
        "object_rotation_in_cam": [
            [
                0.9987353122422419,
                -0.039025454684816156,
                0.031698422153714226
            ],
            [
                0.04946755959679685,
                0.8754233287526447,
                -0.48081904706778855
            ],
            [
                -0.008985356305070616,
                0.4817790046922783,
                0.8762466855913286
            ]
        ],
        "object_translation_in_cam": [
            0.025508115801519782,
            0.006000139470457112,
            1.9050641965269668
        ],
        "raw_rvec": [
            0.5023766946028941,
            0.02123272752184542,
            0.04618420734278046
        ],
        "refined_raw_rvec": [
            0.5023766946028941,
            0.02123272752184542,
            0.04618420734278046
        ],
        "num_inliers": 11,
        "total_matches": 12,
        "inlier_ratio": 0.9166666666666666,
        "reprojection_errors": [
            0.689514696598053,
            0.46072614192962646,
            1.6789917945861816,
            2.8239359855651855,
            0.7441755533218384,
            2.0381577014923096,
            0.589585542678833,
            3.3078298568725586,
            1.9385854005813599,
            1.6744781732559204,
            1.6879016160964966
        ],
        "mean_reprojection_error": 1.6030802726745605,
        "std_reprojection_error": 0.885285496711731,
        "inliers": [
            0,
            1,
            2,
            3,
            4,
            5,
            6,
            7,
            8,
            9,
            11
        ],
        "mkpts0": [
            [
                591,
                284
            ],
            [
                602,
                348
            ],
            [
                703,
                392
            ],
            [
                519,
                327
            ],
            [
                387,
                289
            ],
            [
                727,
                126
            ],
            [
                636,
                358
            ],
            [
                745,
                202
            ],
            [
                436,
                260
            ],
            [
                539,
                313
            ],
            [
                834,
                225
            ],
            [
                752,
                77
            ]
        ],
        "mkpts1": [
            [
                657,
                363
            ],
            [
                628,
                383
            ],
            [
                631,
                410
            ],
            [
                612,
                360
            ],
            [
                605,
                330
            ],
            [
                765,
                337
            ],
            [
                631,
                391
            ],
            [
                764,
                377
            ],
            [
                632,
                331
            ],
            [
                623,
                360
            ],
            [
                775,
                403
            ],
            [
                788,
                320
            ]
        ],
        "mpts3D": [
            [
                0.02500000037252903,
                -0.014000000432133675,
                -0.010999999940395355
            ],
            [
                -0.023000000044703484,
                0.0,
                -0.06499999761581421
            ],
            [
                -0.014000000432133675,
                0.0,
                -0.15600000321865082
            ],
            [
                -0.05700000002980232,
                -0.017999999225139618,
                -0.009999999776482582
            ],
            [
                -0.07400000095367432,
                -0.0,
                0.12800000607967377
            ],
            [
                0.20600000023841858,
                -0.07000000029802322,
                -0.0020000000949949026
            ],
            [
                -0.017000000923871994,
                -0.0,
                -0.09200000017881393
            ],
            [
                0.21699999272823334,
                -0.0,
                -0.027000000700354576
            ],
            [
                -0.01899999938905239,
                -0.0,
                0.12800000607967377
            ],
            [
                -0.03500000014901161,
                -0.017999999225139618,
                -0.009999999776482582
            ],
            [
                0.23000000417232513,
                -0.0,
                -0.11299999803304672
            ],
            [
                0.24300000071525574,
                -0.10400000214576721,
                0.0
            ]
        ],
        "mconf": [
            0.5983726382255554,
            0.31006768345832825,
            0.2842855751514435,
            0.46517568826675415,
            0.4782552123069763,
            0.9198917746543884,
            0.219193696975708,
            0.16668111085891724,
            0.6258176565170288,
            0.5816876292228699,
            0.2242870032787323,
            0.20858167111873627
        ],
        "kf_translation_vector": [
            0.02506188868490241,
            0.00608571552085505,
            1.9001329424694744
        ],
        "kf_rotation_matrix": [
            [
                0.9987844243800419,
                -0.037162224969342725,
                0.03238275237153857
            ],
            [
                0.0480639884045562,
                0.8799652928618646,
                -0.4726001866029885
            ],
            [
                -0.010932823719200565,
                0.47358214957265954,
                0.8806817932554664
            ]
        ],
        "kf_euler_angles": [
            0.49338564948351943,
            0.010933041524853289,
            0.04808538952709981
        ]
    },
    {
        "frame": 3,
        "object_rotation_in_cam": [
            [
                0.9988705316626878,
                -0.03811630017786322,
                0.02836914938186375
            ],
            [
                0.04694616064121419,
                0.883799448938348,
                -0.4655046638405696
            ],
            [
                -0.007329323089398401,
                0.4663107137060261,
                0.8845906393954369
            ]
        ],
        "object_translation_in_cam": [
            0.025853547080697765,
            0.005710778602254319,
            1.9334663843073034
        ],
        "raw_rvec": [
            0.4848656828560074,
            0.018575529711978126,
            0.044261845365813283
        ],
        "refined_raw_rvec": [
            0.4848656828560074,
            0.018575529711978126,
            0.044261845365813283
        ],
        "num_inliers": 10,
        "total_matches": 11,
        "inlier_ratio": 0.9090909090909091,
        "reprojection_errors": [
            1.0750688314437866,
            0.7253358960151672,
            2.4896671772003174,
            0.9065921902656555,
            4.020564079284668,
            0.2815578281879425,
            2.0137226581573486,
            1.9084497690200806,
            1.9168599843978882,
            3.1646523475646973
        ],
        "mean_reprojection_error": 1.8502470254898071,
        "std_reprojection_error": 1.0999518632888794,
        "inliers": [
            0,
            1,
            2,
            3,
            4,
            5,
            6,
            7,
            9,
            10
        ],
        "mkpts0": [
            [
                591,
                284
            ],
            [
                602,
                348
            ],
            [
                519,
                327
            ],
            [
                387,
                289
            ],
            [
                727,
                126
            ],
            [
                636,
                358
            ],
            [
                436,
                260
            ],
            [
                539,
                313
            ],
            [
                575,
                312
            ],
            [
                617,
                368
            ],
            [
                834,
                225
            ]
        ],
        "mkpts1": [
            [
                657,
                363
            ],
            [
                628,
                382
            ],
            [
                611,
                360
            ],
            [
                605,
                331
            ],
            [
                765,
                337
            ],
            [
                632,
                390
            ],
            [
                632,
                332
            ],
            [
                623,
                360
            ],
            [
                633,
                372
            ],
            [
                620,
                389
            ],
            [
                774,
                401
            ]
        ],
        "mpts3D": [
            [
                0.02500000037252903,
                -0.014000000432133675,
                -0.010999999940395355
            ],
            [
                -0.023000000044703484,
                0.0,
                -0.06499999761581421
            ],
            [
                -0.05700000002980232,
                -0.017999999225139618,
                -0.009999999776482582
            ],
            [
                -0.07400000095367432,
                -0.0,
                0.12800000607967377
            ],
            [
                0.20600000023841858,
                -0.07000000029802322,
                -0.0020000000949949026
            ],
            [
                -0.017000000923871994,
                -0.0,
                -0.09200000017881393
            ],
            [
                -0.01899999938905239,
                -0.0,
                0.12800000607967377
            ],
            [
                -0.03500000014901161,
                -0.017999999225139618,
                -0.009999999776482582
            ],
            [
                0.0,
                -0.0,
                -0.014999999664723873
            ],
            [
                -0.03700000047683716,
                -0.0,
                -0.09700000286102295
            ],
            [
                0.23000000417232513,
                -0.0,
                -0.11299999803304672
            ]
        ],
        "mconf": [
            0.689725935459137,
            0.2868393063545227,
            0.48985594511032104,
            0.19483530521392822,
            0.8600886464118958,
            0.3294871151447296,
            0.6745408773422241,
            0.6299952268600464,
            0.2309340536594391,
            0.2609872817993164,
            0.32266849279403687
        ],
        "kf_translation_vector": [
            0.025523406871948387,
            0.005748691362146604,
            1.9324758825957993
        ],
        "kf_rotation_matrix": [
            [
                0.9989257046382629,
                -0.03646083759633763,
                0.028601467352626773
            ],
            [
                0.04550731302059146,
                0.8883369853830827,
                -0.45693159757467267
            ],
            [
                -0.008747632513759889,
                0.4577422940064313,
                0.8890418838295158
            ]
        ],
        "kf_euler_angles": [
            0.4754738739601214,
            0.0087477440806417,
            0.045524777683139256
        ]
    },
    {
        "frame": 4,
        "object_rotation_in_cam": [
            [
                0.9986291974718399,
                -0.04067305625991671,
                0.032945841182564155
            ],
            [
                0.05127359305319734,
                0.8866950432788332,
                -0.45950290410416683
            ],
            [
                -0.010523526603007387,
                0.460562268015114,
                0.8875650132067002
            ]
        ],
        "object_translation_in_cam": [
            0.026390496590107452,
            0.0056634290302653425,
            1.9129762336943121
        ],
        "raw_rvec": [
            0.47827712261986155,
            0.02259666464572176,
            0.04779659115529747
        ],
        "refined_raw_rvec": [
            0.47827712261986155,
            0.02259666464572176,
            0.04779659115529747
        ],
        "num_inliers": 13,
        "total_matches": 13,
        "inlier_ratio": 1.0,
        "reprojection_errors": [
            1.1456401348114014,
            0.8412611484527588,
            1.0618757009506226,
            2.957840919494629,
            0.7624553442001343,
            2.10451078414917,
            0.17331883311271667,
            2.5932183265686035,
            2.165673017501831,
            1.9337555170059204,
            1.774989128112793,
            4.971418857574463,
            2.0515670776367188
        ],
        "mean_reprojection_error": 1.8875019550323486,
        "std_reprojection_error": 1.171822428703308,
        "inliers": [
            0,
            1,
            2,
            3,
            4,
            5,
            6,
            7,
            8,
            9,
            10,
            11,
            12
        ],
        "mkpts0": [
            [
                591,
                284
            ],
            [
                602,
                348
            ],
            [
                598,
                298
            ],
            [
                519,
                327
            ],
            [
                387,
                289
            ],
            [
                727,
                126
            ],
            [
                636,
                358
            ],
            [
                436,
                260
            ],
            [
                539,
                313
            ],
            [
                727,
                143
            ],
            [
                617,
                368
            ],
            [
                834,
                225
            ],
            [
                752,
                77
            ]
        ],
        "mkpts1": [
            [
                657,
                363
            ],
            [
                628,
                382
            ],
            [
                658,
                370
            ],
            [
                612,
                360
            ],
            [
                605,
                331
            ],
            [
                765,
                336
            ],
            [
                632,
                390
            ],
            [
                632,
                332
            ],
            [
                623,
                360
            ],
            [
                764,
                344
            ],
            [
                620,
                389
            ],
            [
                774,
                401
            ],
            [
                788,
                320
            ]
        ],
        "mpts3D": [
            [
                0.02500000037252903,
                -0.014000000432133675,
                -0.010999999940395355
            ],
            [
                -0.023000000044703484,
                0.0,
                -0.06499999761581421
            ],
            [
                0.02500000037252903,
                0.0,
                -0.014999999664723873
            ],
            [
                -0.05700000002980232,
                -0.017999999225139618,
                -0.009999999776482582
            ],
            [
                -0.07400000095367432,
                -0.0,
                0.12800000607967377
            ],
            [
                0.20600000023841858,
                -0.07000000029802322,
                -0.0020000000949949026
            ],
            [
                -0.017000000923871994,
                -0.0,
                -0.09200000017881393
            ],
            [
                -0.01899999938905239,
                -0.0,
                0.12800000607967377
            ],
            [
                -0.03500000014901161,
                -0.017999999225139618,
                -0.009999999776482582
            ],
            [
                0.20600000023841858,
                -0.054999999701976776,
                -0.0020000000949949026
            ],
            [
                -0.03700000047683716,
                -0.0,
                -0.09700000286102295
            ],
            [
                0.23000000417232513,
                -0.0,
                -0.11299999803304672
            ],
            [
                0.24300000071525574,
                -0.10400000214576721,
                0.0
            ]
        ],
        "mconf": [
            0.5862013101577759,
            0.23466821014881134,
            0.15196558833122253,
            0.42065203189849854,
            0.4112989008426666,
            0.9791700839996338,
            0.2875710129737854,
            0.7064149975776672,
            0.5631306767463684,
            0.9539098739624023,
            0.2639859616756439,
            0.23115317523479462,
            0.18723100423812866
        ],
        "kf_translation_vector": [
            0.0262538576972241,
            0.005622631462598501,
            1.9191667896501339
        ],
        "kf_rotation_matrix": [
            [
                0.9987026056715564,
                -0.03942371246258709,
                0.032231604373829104
            ],
            [
                0.04973169012091145,
                0.8911879056074465,
                -0.45090007307243885
            ],
            [
                -0.01094826116611323,
                0.45191801003575893,
                0.8919922913247392
            ]
        ],
        "kf_euler_angles": [
            0.46894462775880624,
            0.010948479895745279,
            0.04975519720375831
        ]
    },
    {
        "frame": 5,
        "object_rotation_in_cam": [
            [
                0.9980849415441707,
                -0.058808228636455864,
                0.019184413137014696
            ],
            [
                0.06099803886419328,
                0.8841333415619271,
                -0.4632358725242067
            ],
            [
                0.01028050181127833,
                0.4635189603276042,
                0.8860273611459892
            ]
        ],
        "object_translation_in_cam": [
            0.025037609971365265,
            0.005562572143125612,
            1.8876790938460042
        ],
        "raw_rvec": [
            0.482148746071768,
            0.004632303526950649,
            0.06232979812926791
        ],
        "refined_raw_rvec": [
            0.482148746071768,
            0.004632303526950649,
            0.06232979812926791
        ],
        "num_inliers": 12,
        "total_matches": 13,
        "inlier_ratio": 0.9230769230769231,
        "reprojection_errors": [
            1.236565113067627,
            0.7045406103134155,
            2.0594124794006348,
            3.6361846923828125,
            1.954848051071167,
            1.3420699834823608,
            4.275761127471924,
            0.42514047026634216,
            0.5802532434463501,
            1.3929708003997803,
            1.2249077558517456,
            3.131006956100464
        ],
        "mean_reprojection_error": 1.8303049802780151,
        "std_reprojection_error": 1.18864107131958,
        "inliers": [
            0,
            1,
            2,
            3,
            4,
            5,
            6,
            7,
            8,
            9,
            10,
            11
        ],
        "mkpts0": [
            [
                591,
                284
            ],
            [
                602,
                348
            ],
            [
                703,
                392
            ],
            [
                519,
                327
            ],
            [
                387,
                289
            ],
            [
                727,
                126
            ],
            [
                425,
                243
            ],
            [
                636,
                358
            ],
            [
                436,
                260
            ],
            [
                539,
                313
            ],
            [
                727,
                143
            ],
            [
                617,
                368
            ],
            [
                834,
                225
            ]
        ],
        "mkpts1": [
            [
                658,
                363
            ],
            [
                628,
                382
            ],
            [
                631,
                410
            ],
            [
                612,
                360
            ],
            [
                605,
                331
            ],
            [
                765,
                336
            ],
            [
                639,
                325
            ],
            [
                632,
                390
            ],
            [
                633,
                332
            ],
            [
                623,
                359
            ],
            [
                764,
                346
            ],
            [
                620,
                388
            ],
            [
                775,
                401
            ]
        ],
        "mpts3D": [
            [
                0.02500000037252903,
                -0.014000000432133675,
                -0.010999999940395355
            ],
            [
                -0.023000000044703484,
                0.0,
                -0.06499999761581421
            ],
            [
                -0.014000000432133675,
                0.0,
                -0.15600000321865082
            ],
            [
                -0.05700000002980232,
                -0.017999999225139618,
                -0.009999999776482582
            ],
            [
                -0.07400000095367432,
                -0.0,
                0.12800000607967377
            ],
            [
                0.20600000023841858,
                -0.07000000029802322,
                -0.0020000000949949026
            ],
            [
                -0.0,
                -0.0,
                0.15600000321865082
            ],
            [
                -0.017000000923871994,
                -0.0,
                -0.09200000017881393
            ],
            [
                -0.01899999938905239,
                -0.0,
                0.12800000607967377
            ],
            [
                -0.03500000014901161,
                -0.017999999225139618,
                -0.009999999776482582
            ],
            [
                0.20600000023841858,
                -0.054999999701976776,
                -0.0020000000949949026
            ],
            [
                -0.03700000047683716,
                -0.0,
                -0.09700000286102295
            ],
            [
                0.23000000417232513,
                -0.0,
                -0.11299999803304672
            ]
        ],
        "mconf": [
            0.5603195428848267,
            0.38580042123794556,
            0.35275885462760925,
            0.5375891327857971,
            0.5401273369789124,
            0.9898852705955505,
            0.14850962162017822,
            0.508665919303894,
            0.6426270604133606,
            0.7503807544708252,
            0.5890745520591736,
            0.27505990862846375,
            0.24013261497020721
        ],
        "kf_translation_vector": [
            0.025249332537066276,
            0.0055015419178279625,
            1.8887976610976078
        ],
        "kf_rotation_matrix": [
            [
                0.9980988150259412,
                -0.058239044110789596,
                0.0201734772628166
            ],
            [
                0.06101535190084171,
                0.8873927187395032,
                -0.45695873945087123
            ],
            [
                0.008711043349009727,
                0.4573208681759168,
                0.8892590968073351
            ]
        ],
        "kf_euler_angles": [
            0.47499974503193015,
            -0.008711153521738114,
            0.06105559364762935
        ]
    },
    {
        "frame": 6,
        "object_rotation_in_cam": [
            [
                0.9973350260516365,
                -0.01998872872662836,
                0.0701662064991041
            ],
            [
                0.046114698973207406,
                0.9179695148136416,
                -0.39396117119764207
            ],
            [
                -0.056535655556401936,
                0.39614696843053165,
                0.916444924179357
            ]
        ],
        "object_translation_in_cam": [
            0.029160920130897276,
            0.009329040808336495,
            1.9228348770710952
        ],
        "raw_rvec": [
            0.40651881824666003,
            0.06518941983902962,
            0.03401089795535699
        ],
        "refined_raw_rvec": [
            0.40651881824666003,
            0.06518941983902962,
            0.03401089795535699
        ],
        "num_inliers": 10,
        "total_matches": 12,
        "inlier_ratio": 0.8333333333333334,
        "reprojection_errors": [
            1.7733914852142334,
            1.3163541555404663,
            1.4497547149658203,
            1.3732212781906128,
            1.2036714553833008,
            1.93486750125885,
            0.7490593791007996,
            0.7526426911354065,
            2.6445937156677246,
            1.1552355289459229
        ],
        "mean_reprojection_error": 1.435279130935669,
        "std_reprojection_error": 0.5397694706916809,
        "inliers": [
            0,
            1,
            2,
            3,
            4,
            6,
            7,
            9,
            10,
            11
        ],
        "mkpts0": [
            [
                591,
                284
            ],
            [
                602,
                348
            ],
            [
                598,
                298
            ],
            [
                703,
                392
            ],
            [
                519,
                327
            ],
            [
                387,
                289
            ],
            [
                727,
                126
            ],
            [
                636,
                358
            ],
            [
                436,
                260
            ],
            [
                539,
                313
            ],
            [
                834,
                225
            ],
            [
                752,
                77
            ]
        ],
        "mkpts1": [
            [
                658,
                365
            ],
            [
                628,
                381
            ],
            [
                658,
                370
            ],
            [
                632,
                405
            ],
            [
                612,
                360
            ],
            [
                605,
                332
            ],
            [
                765,
                336
            ],
            [
                632,
                389
            ],
            [
                633,
                334
            ],
            [
                624,
                359
            ],
            [
                775,
                400
            ],
            [
                787,
                319
            ]
        ],
        "mpts3D": [
            [
                0.02500000037252903,
                -0.014000000432133675,
                -0.010999999940395355
            ],
            [
                -0.023000000044703484,
                0.0,
                -0.06499999761581421
            ],
            [
                0.02500000037252903,
                0.0,
                -0.014999999664723873
            ],
            [
                -0.014000000432133675,
                0.0,
                -0.15600000321865082
            ],
            [
                -0.05700000002980232,
                -0.017999999225139618,
                -0.009999999776482582
            ],
            [
                -0.07400000095367432,
                -0.0,
                0.12800000607967377
            ],
            [
                0.20600000023841858,
                -0.07000000029802322,
                -0.0020000000949949026
            ],
            [
                -0.017000000923871994,
                -0.0,
                -0.09200000017881393
            ],
            [
                -0.01899999938905239,
                -0.0,
                0.12800000607967377
            ],
            [
                -0.03500000014901161,
                -0.017999999225139618,
                -0.009999999776482582
            ],
            [
                0.23000000417232513,
                -0.0,
                -0.11299999803304672
            ],
            [
                0.24300000071525574,
                -0.10400000214576721,
                0.0
            ]
        ],
        "mconf": [
            0.6607174277305603,
            0.3675115704536438,
            0.3609645366668701,
            0.23931419849395752,
            0.6740511059761047,
            0.575967013835907,
            0.9393616318702698,
            0.28380638360977173,
            0.6880766749382019,
            0.7997258901596069,
            0.24261760711669922,
            0.29064542055130005
        ],
        "kf_translation_vector": [
            0.028840231487866116,
            0.009101404663205158,
            1.9119219817342143
        ],
        "kf_rotation_matrix": [
            [
                0.9975484035116365,
                -0.027221206094275353,
                0.06446850851507341
            ],
            [
                0.05061823507988252,
                0.9167991304077844,
                -0.3961276924943876
            ],
            [
                -0.048321598988266684,
                0.3984198293537902,
                0.9159293982883799
            ]
        ],
        "kf_euler_angles": [
            0.410301471965793,
            0.04834042374469966,
            0.050699151737483454
        ]
    },
    {
        "frame": 7,
        "object_rotation_in_cam": [
            [
                0.998730602592504,
                -0.04288712747449556,
                0.0264173757629357
            ],
            [
                0.05013951970824492,
                0.8966187289844898,
                -0.43995554707000195
            ],
            [
                -0.004817884249366472,
                0.4407216231718436,
                0.897630903467642
            ]
        ],
        "object_translation_in_cam": [
            0.026600323488153443,
            0.007063568508673644,
            1.8971863017358743
        ],
        "raw_rvec": [
            0.4561900255661005,
            0.01617983813485582,
            0.04818772416340599
        ],
        "refined_raw_rvec": [
            0.4561900255661005,
            0.01617983813485582,
            0.04818772416340599
        ],
        "num_inliers": 9,
        "total_matches": 11,
        "inlier_ratio": 0.8181818181818182,
        "reprojection_errors": [
            2.504624366760254,
            2.7318577766418457,
            0.9652848839759827,
            1.5581954717636108,
            0.5632750391960144,
            0.9562535285949707,
            1.5177581310272217,
            0.7941771149635315,
            0.4926777184009552
        ],
        "mean_reprojection_error": 1.3426783084869385,
        "std_reprojection_error": 0.7659136056900024,
        "inliers": [
            0,
            1,
            2,
            3,
            4,
            5,
            7,
            8,
            10
        ],
