[
    {
        "frame": 1,
        "object_rotation_in_cam": [
            [
                0.9986067859909034,
                -0.043167583590323765,
                0.030348751208092373
            ],
            [
                0.052556503518801735,
                0.8651126413506226,
                -0.49881653111462454
            ],
            [
                -0.004722384016199798,
                0.4997165971851659,
                0.8661760915581093
            ]
        ],
        "object_translation_in_cam": [
            0.026493495505884552,
            0.005814572761512076,
            1.91646125271888
        ],
        "raw_rvec": [
            0.5230311795256263,
            0.018370244014735436,
            0.05014023147629424
        ],
        "refined_raw_rvec": [
            0.5230311795256263,
            0.018370244014735436,
            0.05014023147629424
        ],
        "num_inliers": 14,
        "total_matches": 14,
        "inlier_ratio": 1.0,
        "reprojection_errors": [
            1.6140886545181274,
            1.1951583623886108,
            1.173567295074463,
            1.6295915842056274,
            2.4504833221435547,
            1.1121701002120972,
            2.1174826622009277,
            0.9204356670379639,
            2.237868547439575,
            1.671460747718811,
            1.9790849685668945,
            2.0126092433929443,
            3.7052321434020996,
            1.7378613948822021
        ],
        "mean_reprojection_error": 1.8255068063735962,
        "std_reprojection_error": 0.6815270781517029,
        "inliers": [
            0,
            1,
            2,
            3,
            4,
            5,
            6,
            7,
            8,
            9,
            10,
            11,
            12,
            13
        ],
        "mkpts0": [
            [
                591,
                284
            ],
            [
                602,
                348
            ],
            [
                598,
                298
            ],
            [
                805,
                213
            ],
            [
                519,
                327
            ],
            [
                387,
                289
            ],
            [
                727,
                126
            ],
            [
                636,
                358
            ],
            [
                436,
                260
            ],
            [
                539,
                313
            ],
            [
                727,
                143
            ],
            [
                617,
                368
            ],
            [
                834,
                225
            ],
            [
                752,
                77
            ]
        ],
        "mkpts1": [
            [
                657,
                364
            ],
            [
                628,
                383
            ],
            [
                658,
                371
            ],
            [
                774,
                393
            ],
            [
                612,
                360
            ],
            [
                605,
                328
            ],
            [
                765,
                337
            ],
            [
                632,
                393
            ],
            [
                632,
                330
            ],
            [
                624,
                360
            ],
            [
                764,
                345
            ],
            [
                620,
                391
            ],
            [
                775,
                404
            ],
            [
                788,
                321
            ]
        ],
        "mpts3D": [
            [
                0.02500000037252903,
                -0.014000000432133675,
                -0.010999999940395355
            ],
            [
                -0.023000000044703484,
                0.0,
                -0.06499999761581421
            ],
            [
                0.02500000037252903,
                0.0,
                -0.014999999664723873
            ],
            [
                0.23000000417232513,
                0.0,
                -0.07000000029802322
            ],
            [
                -0.05700000002980232,
                -0.017999999225139618,
                -0.009999999776482582
            ],
            [
                -0.07400000095367432,
                -0.0,
                0.12800000607967377
            ],
            [
                0.20600000023841858,
                -0.07000000029802322,
                -0.0020000000949949026
            ],
            [
                -0.017000000923871994,
                -0.0,
                -0.09200000017881393
            ],
            [
                -0.01899999938905239,
                -0.0,
                0.12800000607967377
            ],
            [
                -0.03500000014901161,
                -0.017999999225139618,
                -0.009999999776482582
            ],
            [
                0.20600000023841858,
                -0.054999999701976776,
                -0.0020000000949949026
            ],
            [
                -0.03700000047683716,
                -0.0,
                -0.09700000286102295
            ],
            [
                0.23000000417232513,
                -0.0,
                -0.11299999803304672
            ],
            [
                0.24300000071525574,
                -0.10400000214576721,
                0.0
            ]
        ],
        "mconf": [
            0.6690864562988281,
            0.19781211018562317,
            0.3239162564277649,
            0.1898794323205948,
            0.6087159514427185,
            0.14357052743434906,
            0.969764232635498,
            0.14972944557666779,
            0.6074760556221008,
            0.5085068345069885,
            0.870277464389801,
            0.18872442841529846,
            0.24550104141235352,
            0.3064229488372803
        ],
        "kf_translation_vector": [
            0.026520275195335404,
            0.00582045014574807,
            1.918398416396697
        ],
        "kf_rotation_matrix": [
            [
                0.9986039687159006,
                -0.043195106992095236,
                0.030402243285555755
            ],
            [
                0.052609577530878776,
                0.8648465119016173,
                -0.49927221353048296
            ],
            [
                -0.004727157377867829,
                0.5001746630763569,
                0.8659116354453136
            ]
        ],
        "kf_euler_angles": [
            0.523806924756258,
            0.004727174983567957,
            0.05263446495381555
        ]
    },
    {
        "frame": 2,
        "object_rotation_in_cam": [
            [
                0.9987353122422419,
                -0.039025454684816156,
                0.031698422153714226
            ],
            [
                0.04946755959679685,
                0.8754233287526447,
                -0.48081904706778855
            ],
            [
                -0.008985356305070616,
                0.4817790046922783,
                0.8762466855913286
            ]
        ],
        "object_translation_in_cam": [
            0.025508115801519782,
            0.006000139470457112,
            1.9050641965269668
        ],
        "raw_rvec": [
            0.5023766946028941,
            0.02123272752184542,
            0.04618420734278046
        ],
        "refined_raw_rvec": [
            0.5023766946028941,
            0.02123272752184542,
            0.04618420734278046
        ],
        "num_inliers": 11,
        "total_matches": 12,
        "inlier_ratio": 0.9166666666666666,
        "reprojection_errors": [
            0.689514696598053,
            0.46072614192962646,
            1.6789917945861816,
            2.8239359855651855,
            0.7441755533218384,
            2.0381577014923096,
            0.589585542678833,
            3.3078298568725586,
            1.9385854005813599,
            1.6744781732559204,
            1.6879016160964966
        ],
        "mean_reprojection_error": 1.6030802726745605,
        "std_reprojection_error": 0.885285496711731,
        "inliers": [
            0,
            1,
            2,
            3,
            4,
            5,
            6,
            7,
            8,
            9,
            11
        ],
        "mkpts0": [
            [
                591,
                284
            ],
            [
                602,
                348
            ],
            [
                703,
                392
            ],
            [
                519,
                327
            ],
            [
                387,
                289
            ],
            [
                727,
                126
            ],
            [
                636,
                358
            ],
            [
                745,
                202
            ],
            [
                436,
                260
            ],
            [
                539,
                313
            ],
            [
                834,
                225
            ],
            [
                752,
                77
            ]
        ],
        "mkpts1": [
            [
                657,
                363
            ],
            [
                628,
                383
            ],
            [
                631,
                410
            ],
            [
                612,
                360
            ],
            [
                605,
                330
            ],
            [
                765,
                337
            ],
            [
                631,
                391
            ],
            [
                764,
                377
            ],
            [
                632,
                331
            ],
            [
                623,
                360
            ],
            [
                775,
                403
            ],
            [
                788,
                320
            ]
        ],
        "mpts3D": [
            [
                0.02500000037252903,
                -0.014000000432133675,
                -0.010999999940395355
            ],
            [
                -0.023000000044703484,
                0.0,
                -0.06499999761581421
            ],
            [
                -0.014000000432133675,
                0.0,
                -0.15600000321865082
            ],
            [
                -0.05700000002980232,
                -0.017999999225139618,
                -0.009999999776482582
            ],
            [
                -0.07400000095367432,
                -0.0,
                0.12800000607967377
            ],
            [
                0.20600000023841858,
                -0.07000000029802322,
                -0.0020000000949949026
            ],
            [
                -0.017000000923871994,
                -0.0,
                -0.09200000017881393
            ],
            [
                0.21699999272823334,
                -0.0,
                -0.027000000700354576
            ],
            [
                -0.01899999938905239,
                -0.0,
                0.12800000607967377
            ],
            [
                -0.03500000014901161,
                -0.017999999225139618,
                -0.009999999776482582
            ],
            [
                0.23000000417232513,
                -0.0,
                -0.11299999803304672
            ],
            [
                0.24300000071525574,
                -0.10400000214576721,
                0.0
            ]
        ],
        "mconf": [
            0.5925682783126831,
            0.30444100499153137,
            0.2821495831012726,
            0.45827460289001465,
            0.4765101671218872,
            0.9209356307983398,
            0.2184414267539978,
            0.1675015389919281,
            0.6223950386047363,
            0.5759441256523132,
            0.2231781780719757,
            0.20851410925388336
        ],
        "kf_translation_vector": [
            0.02506188868490241,
            0.00608571552085505,
            1.9001329424694744
        ],
        "kf_rotation_matrix": [
            [
                0.9987844243800419,
                -0.037162224969342725,
                0.03238275237153857
            ],
            [
                0.0480639884045562,
                0.8799652928618646,
                -0.4726001866029885
            ],
            [
                -0.010932823719200565,
                0.47358214957265954,
                0.8806817932554664
            ]
        ],
        "kf_euler_angles": [
            0.49338564948351943,
            0.010933041524853289,
            0.04808538952709981
        ]
    },
    {
        "frame": 3,
        "object_rotation_in_cam": [
            [
                0.9990752313762583,
                -0.0323899546502024,
                0.028276719898771584
            ],
            [
                0.04192727664414423,
                0.8796490367394297,
                -0.47377175478979194
            ],
            [
                -0.009528143768916917,
                0.47451919139393217,
                0.8801935874994589
            ]
        ],
        "object_translation_in_cam": [
            0.025896201195688407,
            0.006114602281080942,
            1.933065018649023
        ],
        "raw_rvec": [
            0.49416553945572816,
            0.019700558065619322,
            0.03872758127790006
        ],
        "refined_raw_rvec": [
            0.49416553945572816,
            0.019700558065619322,
            0.03872758127790006
        ],
        "num_inliers": 9,
        "total_matches": 10,
        "inlier_ratio": 0.9,
        "reprojection_errors": [
            0.8432576060295105,
            1.1248551607131958,
            2.0181772708892822,
            0.758927047252655,
            4.144259929656982,
            0.8065106272697449,
            1.8592950105667114,
            1.491532802581787,
            3.309767723083496
        ],
        "mean_reprojection_error": 1.8173980712890625,
        "std_reprojection_error": 1.1235127449035645,
        "inliers": [
            0,
            1,
            2,
            3,
            4,
            5,
            6,
            7,
            9
        ],
        "mkpts0": [
            [
                591,
                284
            ],
            [
                602,
                348
            ],
            [
                519,
                327
            ],
            [
                387,
                289
            ],
            [
                727,
                126
            ],
            [
                636,
                358
            ],
            [
                436,
                260
            ],
            [
                539,
                313
            ],
            [
                575,
                312
            ],
            [
                834,
                225
            ]
        ],
        "mkpts1": [
            [
                657,
                363
            ],
            [
                628,
                382
            ],
            [
                611,
                360
            ],
            [
                605,
                331
            ],
            [
                765,
                337
            ],
            [
                632,
                390
            ],
            [
                632,
                332
            ],
            [
                623,
                360
            ],
            [
                633,
                372
            ],
            [
                774,
                401
            ]
        ],
        "mpts3D": [
            [
                0.02500000037252903,
                -0.014000000432133675,
                -0.010999999940395355
            ],
            [
                -0.023000000044703484,
                0.0,
                -0.06499999761581421
            ],
            [
                -0.05700000002980232,
                -0.017999999225139618,
                -0.009999999776482582
            ],
            [
                -0.07400000095367432,
                -0.0,
                0.12800000607967377
            ],
            [
                0.20600000023841858,
                -0.07000000029802322,
                -0.0020000000949949026
            ],
            [
                -0.017000000923871994,
                -0.0,
                -0.09200000017881393
            ],
            [
                -0.01899999938905239,
                -0.0,
                0.12800000607967377
            ],
            [
                -0.03500000014901161,
                -0.017999999225139618,
                -0.009999999776482582
            ],
            [
                0.0,
                -0.0,
                -0.014999999664723873
            ],
            [
                0.23000000417232513,
                -0.0,
                -0.11299999803304672
            ]
        ],
        "mconf": [
            0.6957207918167114,
            0.28845006227493286,
            0.4951708912849426,
            0.1948242336511612,
            0.8615980744361877,
            0.3329582214355469,
            0.6759321093559265,
            0.638926088809967,
            0.23567041754722595,
            0.3254188001155853
        ],
        "kf_translation_vector": [
            0.02557081296223081,
            0.00619750390416831,
            1.9320298019154973
        ],
        "kf_rotation_matrix": [
            [
                0.9991398509490159,
                -0.03008939749044388,
                0.028533951780996963
            ],
            [
                0.03992882661436583,
                0.8837940244864299,
                -0.4661692944492156
            ],
            [
                -0.01119138288050682,
                0.46690764658628336,
                0.8842352642303292
            ]
        ],
        "kf_euler_angles": [
            0.48582367825499984,
            0.011191616508291247,
            0.03994194677749409
        ]
    },
    {
        "frame": 4,
        "object_rotation_in_cam": [
            [
                0.9986291974718399,
                -0.04067305625991671,
                0.032945841182564155
            ],
            [
                0.05127359305319734,
                0.8866950432788332,
                -0.45950290410416683
            ],
            [
                -0.010523526603007387,
                0.460562268015114,
                0.8875650132067002
            ]
        ],
        "object_translation_in_cam": [
            0.026390496590107452,
            0.0056634290302653425,
            1.9129762336943121
        ],
        "raw_rvec": [
            0.47827712261986155,
            0.02259666464572176,
            0.04779659115529747
        ],
        "refined_raw_rvec": [
            0.47827712261986155,
            0.02259666464572176,
            0.04779659115529747
        ],
        "num_inliers": 13,
        "total_matches": 13,
        "inlier_ratio": 1.0,
        "reprojection_errors": [
            1.1456401348114014,
            0.8412611484527588,
            1.0618757009506226,
            2.957840919494629,
            0.7624553442001343,
            2.10451078414917,
            0.17331883311271667,
            2.5932183265686035,
            2.165673017501831,
            1.9337555170059204,
            1.774989128112793,
            4.971418857574463,
            2.0515670776367188
        ],
        "mean_reprojection_error": 1.8875019550323486,
        "std_reprojection_error": 1.171822428703308,
        "inliers": [
            0,
            1,
            2,
            3,
            4,
            5,
            6,
            7,
            8,
            9,
            10,
            11,
            12
        ],
        "mkpts0": [
            [
                591,
                284
            ],
            [
                602,
                348
            ],
            [
                598,
                298
            ],
            [
                519,
                327
            ],
            [
                387,
                289
            ],
            [
                727,
                126
            ],
            [
                636,
                358
            ],
            [
                436,
                260
            ],
            [
                539,
                313
            ],
            [
                727,
                143
            ],
            [
                617,
                368
            ],
            [
                834,
                225
            ],
            [
                752,
                77
            ]
        ],
        "mkpts1": [
            [
                657,
                363
            ],
            [
                628,
                382
            ],
            [
                658,
                370
            ],
            [
                612,
                360
            ],
            [
                605,
                331
            ],
            [
                765,
                336
            ],
            [
                632,
                390
            ],
            [
                632,
                332
            ],
            [
                623,
                360
            ],
            [
                764,
                344
            ],
            [
                620,
                389
            ],
            [
                774,
                401
            ],
            [
                788,
                320
            ]
        ],
        "mpts3D": [
            [
                0.02500000037252903,
                -0.014000000432133675,
                -0.010999999940395355
            ],
            [
                -0.023000000044703484,
                0.0,
                -0.06499999761581421
            ],
            [
                0.02500000037252903,
                0.0,
                -0.014999999664723873
            ],
            [
                -0.05700000002980232,
                -0.017999999225139618,
                -0.009999999776482582
            ],
            [
                -0.07400000095367432,
                -0.0,
                0.12800000607967377
            ],
            [
                0.20600000023841858,
                -0.07000000029802322,
                -0.0020000000949949026
            ],
            [
                -0.017000000923871994,
                -0.0,
                -0.09200000017881393
            ],
            [
                -0.01899999938905239,
                -0.0,
                0.12800000607967377
            ],
            [
                -0.03500000014901161,
                -0.017999999225139618,
                -0.009999999776482582
            ],
            [
                0.20600000023841858,
                -0.054999999701976776,
                -0.0020000000949949026
            ],
            [
                -0.03700000047683716,
                -0.0,
                -0.09700000286102295
            ],
            [
                0.23000000417232513,
                -0.0,
                -0.11299999803304672
            ],
            [
                0.24300000071525574,
                -0.10400000214576721,
                0.0
            ]
        ],
        "mconf": [
            0.5892197489738464,
            0.23266829550266266,
            0.15590572357177734,
            0.4186336398124695,
            0.4080909490585327,
            0.9790151119232178,
            0.283638060092926,
            0.703163206577301,
            0.5654336214065552,
            0.9529497623443604,
            0.2611626982688904,
            0.22978848218917847,
            0.1890086829662323
        ],
        "kf_translation_vector": [
            0.02626727852732987,
            0.005749691864330194,
            1.919040502648018
        ],
        "kf_rotation_matrix": [
            [
                0.9987721550978936,
                -0.03760850003707065,
                0.03224566522915688
            ],
            [
                0.04815278395073585,
                0.8899391077746251,
                -0.4535302568198707
            ],
            [
                -0.01164008586321236,
                0.45452611055721076,
                0.8906573545549552
            ]
        ],
        "kf_euler_angles": [
            0.4718746935845693,
            0.01164034873488111,
            0.04817467823145856
        ]
    },
    {
        "frame": 5,
        "object_rotation_in_cam": [
            [
                0.9985416636203038,
                -0.03825355697907591,
                0.038094768575811705
            ],
            [
                0.05153296144455609,
                0.8856964384620586,
                -0.4613958959292756
            ],
            [
                -0.01609036665679046,
                0.462686161749056,
                0.8863761142014018
            ]
        ],
        "object_translation_in_cam": [
            0.026841337173049495,
            0.005636075759612529,
            1.917728830480661
        ],
        "raw_rvec": [
            0.4805576655366045,
            0.028178322344646792,
            0.04669238984979772
        ],
        "refined_raw_rvec": [
            0.4805576655366045,
            0.028178322344646792,
            0.04669238984979772
        ],
        "num_inliers": 13,
        "total_matches": 14,
        "inlier_ratio": 0.9285714285714286,
        "reprojection_errors": [
            1.1768206357955933,
            2.470520496368408,
            0.9060714840888977,
            1.6778526306152344,
            2.868664503097534,
            0.9748237729072571,
            2.2214138507843018,
            0.1934049278497696,
            2.188382387161255,
            1.288248896598816,
            2.791350841522217,
            2.7822437286376953,
            3.898921012878418
        ],
        "mean_reprojection_error": 1.9568246603012085,
        "std_reprojection_error": 0.9876052141189575,
        "inliers": [
            0,
            1,
            2,
            3,
            4,
            5,
            6,
            8,
            9,
            10,
            11,
            12,
            13
        ],
        "mkpts0": [
            [
                591,
                284
            ],
            [
                587,
                330
            ],
            [
                602,
                348
            ],
            [
                703,
                392
            ],
            [
                519,
                327
            ],
            [
                387,
                289
            ],
            [
                727,
                126
            ],
            [
                425,
                243
            ],
            [
                636,
                358
            ],
            [
                436,
                260
            ],
            [
                539,
                313
            ],
            [
                727,
                143
            ],
            [
                617,
                368
            ],
            [
                834,
                225
            ]
        ],
        "mkpts1": [
            [
                658,
                363
            ],
            [
                637,
                376
            ],
            [
                628,
                382
            ],
            [
                631,
                410
            ],
            [
                612,
                360
            ],
            [
                605,
                331
            ],
            [
                765,
                336
            ],
            [
                639,
                325
            ],
            [
                632,
                390
            ],
            [
                633,
                332
            ],
            [
                623,
                359
            ],
            [
                764,
                346
            ],
            [
                620,
                388
            ],
            [
                775,
                401
            ]
        ],
        "mpts3D": [
            [
                0.02500000037252903,
                -0.014000000432133675,
                -0.010999999940395355
            ],
            [
                -0.014000000432133675,
                0.0,
                -0.041999999433755875
            ],
            [
                -0.023000000044703484,
                0.0,
                -0.06499999761581421
            ],
            [
                -0.014000000432133675,
                0.0,
                -0.15600000321865082
            ],
            [
                -0.05700000002980232,
                -0.017999999225139618,
                -0.009999999776482582
            ],
            [
                -0.07400000095367432,
                -0.0,
                0.12800000607967377
            ],
            [
                0.20600000023841858,
                -0.07000000029802322,
                -0.0020000000949949026
            ],
            [
                -0.0,
                -0.0,
                0.15600000321865082
            ],
            [
                -0.017000000923871994,
                -0.0,
                -0.09200000017881393
            ],
            [
                -0.01899999938905239,
                -0.0,
                0.12800000607967377
            ],
            [
                -0.03500000014901161,
                -0.017999999225139618,
                -0.009999999776482582
            ],
            [
                0.20600000023841858,
                -0.054999999701976776,
                -0.0020000000949949026
            ],
            [
                -0.03700000047683716,
                -0.0,
                -0.09700000286102295
            ],
            [
                0.23000000417232513,
                -0.0,
                -0.11299999803304672
            ]
        ],
        "mconf": [
            0.5596861243247986,
            0.16869017481803894,
            0.3877145051956177,
            0.35474511981010437,
            0.5365604162216187,
            0.5433874726295471,
            0.9897367358207703,
            0.14869582653045654,
            0.5070673823356628,
            0.6467018723487854,
            0.7476997971534729,
            0.5941354632377625,
            0.27445605397224426,
            0.23831449449062347
        ],
        "kf_translation_vector": [
            0.026979542241739454,
            0.00555404231630694,
            1.917672410388354
        ],
        "kf_rotation_matrix": [
            [
                0.9985027409400458,
                -0.0388892515811071,
                0.03846950021350918
            ],
            [
                0.05214930907109651,
                0.8890597244669186,
                -0.4548112310554938
            ],
            [
                -0.016514414873772414,
                0.45613641867567195,
                0.889756619339867
            ]
        ],
        "kf_euler_angles": [
            0.47371871145670835,
            0.01651516561735176,
            0.05218009753899986
        ]
    },
    {
        "frame": 6,
        "object_rotation_in_cam": [
            [
                0.9973350260516365,
                -0.01998872872662836,
                0.0701662064991041
            ],
            [
                0.046114698973207406,
                0.9179695148136416,
                -0.39396117119764207
            ],
            [
                -0.056535655556401936,
                0.39614696843053165,
                0.916444924179357
            ]
        ],
        "object_translation_in_cam": [
            0.029160920130897276,
            0.009329040808336495,
            1.9228348770710952
        ],
        "raw_rvec": [
            0.40651881824666003,
            0.06518941983902962,
            0.03401089795535699
        ],
        "refined_raw_rvec": [
            0.40651881824666003,
            0.06518941983902962,
            0.03401089795535699
        ],
        "num_inliers": 10,
        "total_matches": 12,
        "inlier_ratio": 0.8333333333333334,
        "reprojection_errors": [
            1.7733914852142334,
            1.3163541555404663,
            1.4497547149658203,
            1.3732212781906128,
            1.2036714553833008,
            1.93486750125885,
            0.7490593791007996,
            0.7526426911354065,
            2.6445937156677246,
            1.1552355289459229
        ],
        "mean_reprojection_error": 1.435279130935669,
        "std_reprojection_error": 0.5397694706916809,
        "inliers": [
            0,
            1,
            2,
            3,
            4,
            6,
            7,
            9,
            10,
            11
        ],
        "mkpts0": [
            [
                591,
                284
            ],
            [
                602,
                348
            ],
            [
                598,
                298
            ],
            [
                703,
                392
            ],
            [
                519,
                327
            ],
            [
                387,
                289
            ],
            [
                727,
                126
            ],
            [
                636,
                358
            ],
            [
                436,
                260
            ],
            [
                539,
                313
            ],
            [
                834,
                225
            ],
            [
                752,
                77
            ]
        ],
        "mkpts1": [
            [
                658,
                365
            ],
            [
                628,
                381
            ],
            [
                658,
                370
            ],
            [
                632,
                405
            ],
            [
                612,
                360
            ],
            [
                605,
                332
            ],
            [
                765,
                336
            ],
            [
                632,
                389
            ],
            [
                633,
                334
            ],
            [
                624,
                359
            ],
            [
                775,
                400
            ],
            [
                787,
                319
            ]
        ],
        "mpts3D": [
            [
                0.02500000037252903,
                -0.014000000432133675,
                -0.010999999940395355
            ],
            [
                -0.023000000044703484,
                0.0,
                -0.06499999761581421
            ],
            [
                0.02500000037252903,
                0.0,
                -0.014999999664723873
            ],
            [
                -0.014000000432133675,
                0.0,
                -0.15600000321865082
            ],
            [
                -0.05700000002980232,
                -0.017999999225139618,
                -0.009999999776482582
            ],
            [
                -0.07400000095367432,
                -0.0,
                0.12800000607967377
            ],
            [
                0.20600000023841858,
                -0.07000000029802322,
                -0.0020000000949949026
            ],
            [
                -0.017000000923871994,
                -0.0,
                -0.09200000017881393
            ],
            [
                -0.01899999938905239,
                -0.0,
                0.12800000607967377
            ],
            [
                -0.03500000014901161,
                -0.017999999225139618,
                -0.009999999776482582
            ],
            [
                0.23000000417232513,
                -0.0,
                -0.11299999803304672
            ],
            [
                0.24300000071525574,
                -0.10400000214576721,
                0.0
            ]
        ],
        "mconf": [
            0.6677906513214111,
            0.36914193630218506,
            0.3606131970882416,
            0.23807965219020844,
            0.6689379811286926,
            0.5715579986572266,
            0.9395152926445007,
            0.27988389134407043,
            0.6869826316833496,
            0.796807587146759,
            0.2448968142271042,
            0.2901206612586975
        ],
        "kf_translation_vector": [
            0.029419606778800452,
            0.009053728426500299,
            1.9217714025763803
        ],
        "kf_rotation_matrix": [
            [
                0.997228185540798,
                -0.022089426355364133,
                0.07104930123723169
            ],
            [
                0.04840951069380277,
                0.9177826512548997,
                -0.394121205125928
            ],
            [
                -0.05650190472359798,
                0.3964682361789128,
                0.9163080663531166
            ]
        ],
        "kf_euler_angles": [
            0.40835770811680094,
            0.056532011389648314,
            0.04850598787221505
        ]
    },
    {
        "frame": 7,
        "object_rotation_in_cam": [
            [
                0.998730602592504,
                -0.04288712747449556,
                0.0264173757629357
            ],
            [
                0.05013951970824492,
                0.8966187289844898,
                -0.43995554707000195
            ],
            [
                -0.004817884249366472,
                0.4407216231718436,
                0.897630903467642
            ]
        ],
        "object_translation_in_cam": [
            0.026600323488153443,
            0.007063568508673644,
            1.8971863017358743
        ],
        "raw_rvec": [
            0.4561900255661005,
            0.01617983813485582,
            0.04818772416340599
        ],
        "refined_raw_rvec": [
            0.4561900255661005,
            0.01617983813485582,
            0.04818772416340599
        ],
        "num_inliers": 9,
        "total_matches": 11,
        "inlier_ratio": 0.8181818181818182,
        "reprojection_errors": [
            2.504624366760254,
            2.7318577766418457,
            0.9652848839759827,
            1.5581954717636108,
            0.5632750391960144,
            0.9562535285949707,
            1.5177581310272217,
            0.7941771149635315,
            0.4926777184009552
        ],
        "mean_reprojection_error": 1.3426783084869385,
        "std_reprojection_error": 0.7659136056900024,
        "inliers": [
            0,
            1,
            2,
            3,
            4,
            5,
            7,
            8,
            10
        ],
        "mkpts0": [
            [
