[
    {
        "frame": 1,
        "object_rotation_in_cam": [
            [
                0.8934467258110728,
                -0.25453312504980197,
                -0.37008895740059
            ],
            [
                0.027323163166474387,
                0.8532133926577621,
                -0.5208458038076237
            ],
            [
                0.44833736504116184,
                0.4552359770951911,
                0.7692553621952432
            ]
        ],
        "object_translation_in_cam": [
            0.06885736828710481,
            -0.002142078710630497,
            2.0900136772523266
        ],
        "raw_rvec": [
            0.531671871932764,
            -0.44579692337785676,
            0.15352715653944662
        ],
        "refined_raw_rvec": [
            0.531671871932764,
            -0.44579692337785676,
            0.15352715653944662
        ],
        "num_inliers": 10,
        "total_matches": 12,
        "inlier_ratio": 0.8333333333333334,
        "reprojection_errors": [
            1.392566204071045,
            4.4809956550598145,
            1.4434987306594849,
            0.8535151481628418,
            3.2825334072113037,
            1.865295648574829,
            3.562528371810913,
            4.917746543884277,
            1.379889726638794,
            1.3019704818725586
        ],
        "mean_reprojection_error": 2.448054075241089,
        "std_reprojection_error": 1.4010878801345825,
        "inliers": [
            0,
            1,
            2,
            3,
            4,
            5,
            6,
            8,
            9,
            11
        ],
        "mkpts0": [
            [
                591,
                284
            ],
            [
                602,
                348
            ],
            [
                598,
                298
            ],
            [
                519,
                327
            ],
            [
                387,
                289
            ],
            [
                727,
                126
            ],
            [
                425,
                243
            ],
            [
                650,
                377
            ],
            [
                516,
                389
            ],
            [
                480,
                281
            ],
            [
                834,
                225
            ],
            [
                752,
                77
            ]
        ],
        "mkpts1": [
            [
                678,
                359
            ],
            [
                664,
                375
            ],
            [
                678,
                364
            ],
            [
                642,
                354
            ],
            [
                609,
                327
            ],
            [
                766,
                334
            ],
            [
                630,
                322
            ],
            [
                673,
                389
            ],
            [
                632,
                376
            ],
            [
                640,
                340
            ],
            [
                785,
                390
            ],
            [
                785,
                321
            ]
        ],
        "mpts3D": [
            [
                0.02500000037252903,
                -0.014000000432133675,
                -0.010999999940395355
            ],
            [
                -0.023000000044703484,
                0.0,
                -0.06499999761581421
            ],
            [
                0.02500000037252903,
                0.0,
                -0.014999999664723873
            ],
            [
                -0.05700000002980232,
                -0.017999999225139618,
                -0.009999999776482582
            ],
            [
                -0.07400000095367432,
                -0.0,
                0.12800000607967377
            ],
            [
                0.20600000023841858,
                -0.07000000029802322,
                -0.0020000000949949026
            ],
            [
                -0.0,
                -0.0,
                0.15600000321865082
            ],
            [
                -0.028999999165534973,
                -0.0,
                -0.12700000405311584
            ],
            [
                -0.09000000357627869,
                -0.0,
                -0.041999999433755875
            ],
            [
                -0.01899999938905239,
                -0.0,
                0.07400000095367432
            ],
            [
                0.23000000417232513,
                -0.0,
                -0.11299999803304672
            ],
            [
                0.24300000071525574,
                -0.10400000214576721,
                0.0
            ]
        ],
        "mconf": [
            0.646010160446167,
            0.6465808749198914,
            0.37165841460227966,
            0.8113265633583069,
            0.8312571048736572,
            0.9763113856315613,
            0.6927616596221924,
            0.848874568939209,
            0.387146532535553,
            0.45151057839393616,
            0.6059467792510986,
            0.28825342655181885
        ],
        "kf_translation_vector": [
            0.06892696948181022,
            -0.0021442439289814396,
            2.092126268141378
        ],
        "kf_rotation_matrix": [
            [
                0.8932351954261873,
                -0.2549733394410598,
                -0.3702964782795199
            ],
            [
                0.027344323216826547,
                0.8529175195960684,
                -0.5213290637916745
            ],
            [
                0.44875736611197214,
                0.45554396158918,
                0.7688280207041631
            ]
        ],
        "kf_euler_angles": [
            0.5348994041950509,
            -0.46537434327657573,
            0.030603122639623313
        ]
    },
    {
        "frame": 2,
        "object_rotation_in_cam": [
            [
                0.9434003529154605,
                -0.1735558876423059,
                -0.28262011248967395
            ],
            [
                0.021261870401523664,
                0.8820442253656003,
                -0.47068664455901743
            ],
            [
                0.33097387659151206,
                0.4380369143849515,
                0.8358109562874234
            ]
        ],
        "object_translation_in_cam": [
            0.0781769522687807,
            -0.0011271358296004934,
            2.2241901861296856
        ],
        "raw_rvec": [
            0.48188821009655763,
            -0.3253835627063027,
            0.10331016489532197
        ],
        "refined_raw_rvec": [
            0.48188821009655763,
            -0.3253835627063027,
            0.10331016489532197
        ],
        "num_inliers": 11,
        "total_matches": 12,
        "inlier_ratio": 0.9166666666666666,
        "reprojection_errors": [
            2.3186826705932617,
            1.6942806243896484,
            1.1226061582565308,
            2.0133819580078125,
            1.8009581565856934,
            3.0163731575012207,
            2.98504638671875,
            5.628867149353027,
            2.811239004135132,
            0.6959055066108704,
            1.9072555303573608
        ],
        "mean_reprojection_error": 2.363145112991333,
        "std_reprojection_error": 1.246573567390442,
        "inliers": [
            0,
            1,
            2,
            3,
            4,
            6,
            7,
            8,
            9,
            10,
            11
        ],
        "mkpts0": [
            [
                591,
                284
            ],
            [
                602,
                348
            ],
            [
                715,
                384
            ],
            [
                598,
                298
            ],
            [
                519,
                327
            ],
            [
                387,
                289
            ],
            [
                727,
                126
            ],
            [
                650,
                377
            ],
            [
                516,
                389
            ],
            [
                834,
                225
            ],
            [
                469,
                339
            ],
            [
                752,
                77
            ]
        ],
        "mkpts1": [
            [
                678,
                359
            ],
            [
                665,
                375
            ],
            [
                692,
                400
            ],
            [
                678,
                364
            ],
            [
                642,
                354
            ],
            [
                609,
                327
            ],
            [
                767,
                334
            ],
            [
                673,
                389
            ],
            [
                632,
                376
            ],
            [
                785,
                390
            ],
            [
                623,
                348
            ],
            [
                785,
                321
            ]
        ],
        "mpts3D": [
            [
                0.02500000037252903,
                -0.014000000432133675,
                -0.010999999940395355
            ],
            [
                -0.023000000044703484,
                0.0,
                -0.06499999761581421
            ],
            [
                0.0,
                0.0,
                -0.15600000321865082
            ],
            [
                0.02500000037252903,
                0.0,
                -0.014999999664723873
            ],
            [
                -0.05700000002980232,
                -0.017999999225139618,
                -0.009999999776482582
            ],
            [
                -0.07400000095367432,
                -0.0,
                0.12800000607967377
            ],
            [
                0.20600000023841858,
                -0.07000000029802322,
                -0.0020000000949949026
            ],
            [
                -0.028999999165534973,
                -0.0,
                -0.12700000405311584
            ],
            [
                -0.09000000357627869,
                -0.0,
                -0.041999999433755875
            ],
            [
                0.23000000417232513,
                -0.0,
                -0.11299999803304672
            ],
            [
                -0.10000000149011612,
                -0.029999999329447746,
                0.0
            ],
            [
                0.24300000071525574,
                -0.10400000214576721,
                0.0
            ]
        ],
        "mconf": [
            0.7209518551826477,
            0.8557079434394836,
            0.7534562349319458,
            0.6265168786048889,
            0.841905951499939,
            0.6672394871711731,
            0.9532120823860168,
            0.7216576933860779,
            0.26807859539985657,
            0.5463303923606873,
            0.4896673858165741,
            0.24087359011173248
        ],
        "kf_translation_vector": [
            0.0824429139157068,
            -0.0006639307347369759,
            2.28576522609233
        ],
        "kf_rotation_matrix": [
            [
                0.961120905381566,
                -0.13902069875110992,
                -0.2385788141417252
            ],
            [
                0.018135557503289837,
                0.8939311660473712,
                -0.44783721587562597
            ],
            [
                0.27553168019769264,
                0.42609895058300756,
                0.8616971495365969
            ]
        ],
        "kf_euler_angles": [
            0.45922834109562005,
            -0.27914274776440523,
            0.01886693494947167
        ]
    },
    {
        "frame": 3,
        "object_rotation_in_cam": [
            [
                0.9199161280014226,
                -0.22081475992516109,
                -0.3240295653826419
            ],
            [
                0.011236514022352803,
                0.8408688682540109,
                -0.5411222478829018
            ],
            [
                0.39195415318056753,
                0.49414612029278604,
                0.7760100215874095
            ]
        ],
        "object_translation_in_cam": [
            0.07328348982673857,
            -0.0031208586323587086,
            2.1704666049579084
        ],
        "raw_rvec": [
            0.5617078205866171,
            -0.38847285060813547,
            0.12590456673866635
        ],
        "refined_raw_rvec": [
            0.5617078205866171,
            -0.38847285060813547,
            0.12590456673866635
        ],
        "num_inliers": 9,
        "total_matches": 10,
        "inlier_ratio": 0.9,
        "reprojection_errors": [
            1.764382004737854,
            3.4724342823028564,
            0.8555154204368591,
            1.3400439023971558,
            1.6330429315567017,
            3.3109652996063232,
            4.647810459136963,
            3.3638758659362793,
            2.2183024883270264
        ],
        "mean_reprojection_error": 2.5118188858032227,
        "std_reprojection_error": 1.1729989051818848,
        "inliers": [
            0,
            1,
            2,
            3,
            4,
            5,
            7,
            8,
            9
        ],
        "mkpts0": [
            [
                591,
                284
            ],
            [
                602,
                348
            ],
            [
                598,
                298
            ],
            [
                519,
                327
            ],
            [
                387,
                289
            ],
            [
                727,
                126
            ],
            [
                650,
                377
            ],
            [
                516,
                389
            ],
            [
                834,
                225
            ],
            [
                752,
                77
            ]
        ],
        "mkpts1": [
            [
                678,
                359
            ],
            [
                665,
                375
            ],
            [
                678,
                364
            ],
            [
                642,
                354
            ],
            [
                609,
                327
            ],
            [
                767,
                334
            ],
            [
                673,
                389
            ],
            [
                632,
                376
            ],
            [
                785,
                390
            ],
            [
                785,
                321
            ]
        ],
        "mpts3D": [
            [
                0.02500000037252903,
                -0.014000000432133675,
                -0.010999999940395355
            ],
            [
                -0.023000000044703484,
                0.0,
                -0.06499999761581421
            ],
            [
                0.02500000037252903,
                0.0,
                -0.014999999664723873
            ],
            [
                -0.05700000002980232,
                -0.017999999225139618,
                -0.009999999776482582
            ],
            [
                -0.07400000095367432,
                -0.0,
                0.12800000607967377
            ],
            [
                0.20600000023841858,
                -0.07000000029802322,
                -0.0020000000949949026
            ],
            [
                -0.028999999165534973,
                -0.0,
                -0.12700000405311584
            ],
            [
                -0.09000000357627869,
                -0.0,
                -0.041999999433755875
            ],
            [
                0.23000000417232513,
                -0.0,
                -0.11299999803304672
            ],
            [
                0.24300000071525574,
                -0.10400000214576721,
                0.0
            ]
        ],
        "mconf": [
            0.4714009761810303,
            0.8119196891784668,
            0.4120834171772003,
            0.6531535387039185,
            0.7556220889091492,
            0.9067047238349915,
            0.6637645363807678,
            0.2048681527376175,
            0.5529727339744568,
            0.24912333488464355
        ],
        "kf_translation_vector": [
            0.07624631065413705,
            -0.002961590503785695,
            2.2150611137526313
        ],
        "kf_rotation_matrix": [
            [
                0.9351177104329972,
                -0.1941107504382995,
                -0.2964386685282966
            ],
            [
                0.0075229258435650275,
                0.8472878424446421,
                -0.5310807072679777
            ],
            [
                0.3542573545055929,
                0.4943928889150647,
                0.7937741480855339
            ]
        ],
        "kf_euler_angles": [
            0.5570432767184701,
            -0.3621198001181386,
            0.008044723643258648
        ]
    },
    {
        "frame": 4,
        "object_rotation_in_cam": [
            [
                0.894348389889438,
                -0.2431181748976886,
                -0.375545617118063
            ],
            [
                0.012822833391457664,
                0.8530355452293972,
                -0.5216952496611409
            ],
            [
                0.4471873572072279,
                0.46176174766821265,
                0.7660284302455185
            ]
        ],
        "object_translation_in_cam": [
            0.06966314765922142,
            -0.0021767519506920353,
            2.0843043129722365
        ],
        "raw_rvec": [
            0.535941369073779,
            -0.44835375399171795,
            0.1394767384411332
        ],
        "refined_raw_rvec": [
            0.535941369073779,
            -0.44835375399171795,
            0.1394767384411332
        ],
        "num_inliers": 10,
        "total_matches": 12,
        "inlier_ratio": 0.8333333333333334,
        "reprojection_errors": [
            4.5287766456604,
            1.3781414031982422,
            1.2694852352142334,
            3.299722194671631,
            2.630486011505127,
            3.5979392528533936,
            4.0579962730407715,
            1.3979490995407104,
            1.4957085847854614,
            2.071178674697876
        ],
        "mean_reprojection_error": 2.5727381706237793,
        "std_reprojection_error": 1.1632784605026245,
        "inliers": [
            0,
            1,
            2,
            3,
            4,
            5,
            7,
            8,
            9,
            11
        ],
        "mkpts0": [
            [
                602,
                348
            ],
            [
                598,
                298
            ],
            [
                519,
                327
            ],
            [
                387,
                289
            ],
            [
                727,
                126
            ],
            [
                425,
                243
            ],
            [
                650,
                377
            ],
            [
                516,
                389
            ],
            [
                496,
                378
            ],
            [
                480,
                281
            ],
            [
                834,
                225
            ],
            [
                469,
                339
            ]
        ],
        "mkpts1": [
            [
                665,
                375
            ],
            [
                678,
                364
            ],
            [
                642,
                354
            ],
            [
                609,
                327
            ],
            [
                767,
                334
            ],
            [
                630,
                322
            ],
            [
                673,
                389
            ],
            [
                632,
                376
            ],
            [
                624,
                365
            ],
            [
                640,
                340
            ],
            [
                785,
                390
            ],
            [
                623,
                348
            ]
        ],
        "mpts3D": [
            [
                -0.023000000044703484,
                0.0,
                -0.06499999761581421
            ],
            [
                0.02500000037252903,
                0.0,
                -0.014999999664723873
            ],
            [
                -0.05700000002980232,
                -0.017999999225139618,
                -0.009999999776482582
            ],
            [
                -0.07400000095367432,
                -0.0,
                0.12800000607967377
            ],
            [
                0.20600000023841858,
                -0.07000000029802322,
                -0.0020000000949949026
            ],
            [
                -0.0,
                -0.0,
                0.15600000321865082
            ],
            [
                -0.028999999165534973,
                -0.0,
                -0.12700000405311584
            ],
            [
                -0.09000000357627869,
                -0.0,
                -0.041999999433755875
            ],
            [
                -0.09000000357627869,
                -0.0,
                -0.014999999664723873
            ],
            [
                -0.01899999938905239,
                -0.0,
                0.07400000095367432
            ],
            [
                0.23000000417232513,
                -0.0,
                -0.11299999803304672
            ],
            [
                -0.10000000149011612,
                -0.029999999329447746,
                0.0
            ]
        ],
        "mconf": [
            0.7200442552566528,
            0.2132541686296463,
            0.8386698961257935,
            0.5131543278694153,
            0.7637572884559631,
            0.6514528393745422,
            0.7362833619117737,
            0.23782485723495483,
            0.2459099143743515,
            0.5250793695449829,
            0.4982081353664398,
            0.48881497979164124
        ],
        "kf_translation_vector": [
            0.07045552107135777,
            -0.0025476250878307526,
            2.1013868889905165
        ],
        "kf_rotation_matrix": [
            [
                0.8994917585850409,
                -0.2384991022969568,
                -0.3661048407780702
            ],
            [
                0.008477426604262572,
                0.8472561599301033,
                -0.531116872918442
            ],
            [
                0.436855478935265,
                0.47463162311843576,
                0.7641217919024423
            ]
        ],
        "kf_euler_angles": [
            0.5558235026632197,
            -0.4520999626445451,
            0.009424406099481848
        ]
    },
    {
        "frame": 5,
        "object_rotation_in_cam": [
            [
                0.927396869218418,
                -0.20827136424243525,
                -0.3107379696793929
            ],
            [
                0.01929624052532962,
                0.8562032986495471,
                -0.5162785744956137
            ],
            [
                0.37358091769450036,
                0.47279905902849373,
                0.7980591129210328
            ]
        ],
        "object_translation_in_cam": [
            0.0736879389586524,
            -0.0039330204162095345,
            2.181212285066016
        ],
        "raw_rvec": [
            0.5321899216464494,
            -0.36820933232014197,
            0.12244659230551197
        ],
        "refined_raw_rvec": [
            0.5321899216464494,
            -0.36820933232014197,
            0.12244659230551197
        ],
        "num_inliers": 13,
        "total_matches": 14,
        "inlier_ratio": 0.9285714285714286,
        "reprojection_errors": [
            2.038067102432251,
            3.6000876426696777,
            0.41548964381217957,
            0.44427490234375,
            2.6321752071380615,
            3.323320150375366,
            5.079895496368408,
            5.166315078735352,
            2.3346571922302246,
            2.819091558456421,
            1.9135419130325317,
            2.969194173812866,
            2.3536012172698975
        ],
        "mean_reprojection_error": 2.6992084980010986,
        "std_reprojection_error": 1.3771196603775024,
        "inliers": [
            0,
            1,
            2,
            3,
            4,
            5,
            7,
            8,
            9,
            10,
            11,
            12,
            13
        ],
        "mkpts0": [
            [
                602,
                348
            ],
            [
                715,
                384
            ],
            [
                598,
                298
            ],
            [
                519,
                327
            ],
            [
                387,
                289
            ],
            [
                727,
                126
            ],
            [
                425,
                243
            ],
            [
                650,
                377
            ],
            [
                516,
                389
            ],
            [
                496,
                378
            ],
            [
                834,
                225
            ],
            [
                469,
                339
            ],
            [
                816,
                414
            ],
            [
                752,
                77
            ]
        ],
        "mkpts1": [
            [
                665,
                375
            ],
            [
                691,
                399
            ],
            [
                678,
                364
            ],
            [
                642,
                354
            ],
            [
                609,
                327
            ],
            [
                767,
                334
            ],
            [
                630,
                321
            ],
            [
                673,
                389
            ],
            [
                632,
                375
            ],
            [
                624,
                365
            ],
            [
                785,
                390
            ],
            [
                622,
                348
            ],
            [
                712,
                419
            ],
            [
                785,
                321
            ]
        ],
        "mpts3D": [
            [
                -0.023000000044703484,
                0.0,
                -0.06499999761581421
            ],
            [
                0.0,
                0.0,
                -0.15600000321865082
            ],
            [
                0.02500000037252903,
                0.0,
                -0.014999999664723873
            ],
            [
                -0.05700000002980232,
                -0.017999999225139618,
                -0.009999999776482582
            ],
            [
                -0.07400000095367432,
                -0.0,
                0.12800000607967377
            ],
            [
                0.20600000023841858,
                -0.07000000029802322,
                -0.0020000000949949026
            ],
            [
                -0.0,
                -0.0,
                0.15600000321865082
            ],
            [
                -0.028999999165534973,
                -0.0,
                -0.12700000405311584
            ],
            [
                -0.09000000357627869,
                -0.0,
                -0.041999999433755875
            ],
            [
                -0.09000000357627869,
                -0.0,
                -0.014999999664723873
            ],
            [
                0.23000000417232513,
                -0.0,
                -0.11299999803304672
            ],
            [
                -0.10000000149011612,
                -0.029999999329447746,
                0.0
            ],
            [
                -0.0,
                -0.02500000037252903,
                -0.23999999463558197
            ],
            [
                0.24300000071525574,
                -0.10400000214576721,
                0.0
            ]
        ],
        "mconf": [
            0.8176546096801758,
            0.671389102935791,
            0.16925810277462006,
            0.730826735496521,
            0.6504097580909729,
            0.9168265461921692,
            0.4410598576068878,
            0.7120211720466614,
            0.43073368072509766,
            0.24575145542621613,
            0.5229260325431824,
            0.48071110248565674,
            0.28761276602745056,
            0.3594602942466736
        ],
        "kf_translation_vector": [
            0.07205952517622123,
            -0.00399022463177495,
            2.1508711957258884
        ],
        "kf_rotation_matrix": [
            [
                0.9174362078625856,
                -0.22141938796949703,
                -0.3305816981230693
            ],
            [
                0.016829104492983086,
                0.8517026394288943,
                -0.5237550908886892
            ],
            [
                0.39752683650878595,
                0.47494849049246196,
                0.7851091297611108
            ]
        ],
        "kf_euler_angles": [
            0.5440482028320601,
            -0.4088199873101629,
            0.01834156656296754
        ]
    },
    {
        "frame": 6,
        "object_rotation_in_cam": [
            [
                0.9164806660237643,
                -0.22414208923628484,
                -0.3313963075193066
            ],
            [
                0.025630248860610466,
                0.8595190656913625,
                -0.5104606410453115
            ],
            [
                0.39925715916935123,
                0.45933353845091757,
                0.7934774233122066
            ]
        ],
        "object_translation_in_cam": [
            0.06904306519618295,
            -0.004172854353355388,
            2.146360372211041
        ],
        "raw_rvec": [
            0.5229918539867999,
            -0.39402774242662847,
            0.13469754813724474
        ],
        "refined_raw_rvec": [
            0.5229918539867999,
            -0.39402774242662847,
            0.13469754813724474
        ],
        "num_inliers": 15,
        "total_matches": 15,
        "inlier_ratio": 1.0,
        "reprojection_errors": [
            1.8849600553512573,
            1.8922841548919678,
            4.244508743286133,
            1.2369168996810913,
            1.8905377388000488,
            1.005875825881958,
            4.360992908477783,
            6.314058303833008,
            6.012768268585205,
            5.716153144836426,
            2.2532050609588623,
            1.869496464729309,
            2.967928409576416,
            3.340097665786743,
            2.998960256576538
        ],
        "mean_reprojection_error": 3.199249505996704,
        "std_reprojection_error": 1.69275963306427,
        "inliers": [
            0,
            1,
            2,
            3,
            4,
            5,
            6,
            7,
            8,
            9,
            10,
            11,
            12,
            13,
            14
        ],
        "mkpts0": [
            [
                591,
                284
            ],
            [
                602,
                348
            ],
            [
                715,
                384
            ],
            [
                598,
                298
            ],
            [
                519,
                327
            ],
            [
                387,
                289
            ],
            [
                727,
                126
            ],
            [
                425,
                243
            ],
            [
                650,
                377
            ],
            [
                516,
                389
            ],
            [
                496,
                378
            ],
            [
                480,
                281
            ],
            [
                834,
                225
            ],
            [
                816,
                414
            ],
            [
                752,
                77
            ]
        ],
        "mkpts1": [
            [
                678,
                359
            ],
            [
                664,
                375
            ],
            [
                690,
                399
            ],
            [
                678,
                364
            ],
            [
                642,
                355
            ],
            [
                609,
                327
            ],
            [
                767,
                334
            ],
            [
                630,
                322
            ],
            [
                673,
                388
            ],
            [
                631,
                375
            ],
            [
                624,
                365
            ],
            [
                640,
                340
            ],
            [
                785,
                390
            ],
            [
                712,
                419
            ],
            [
                785,
                321
            ]
        ],
        "mpts3D": [
            [
                0.02500000037252903,
                -0.014000000432133675,
                -0.010999999940395355
            ],
            [
                -0.023000000044703484,
                0.0,
                -0.06499999761581421
            ],
            [
                0.0,
                0.0,
                -0.15600000321865082
            ],
            [
                0.02500000037252903,
                0.0,
                -0.014999999664723873
            ],
            [
                -0.05700000002980232,
                -0.017999999225139618,
                -0.009999999776482582
            ],
            [
                -0.07400000095367432,
                -0.0,
                0.12800000607967377
            ],
            [
                0.20600000023841858,
                -0.07000000029802322,
                -0.0020000000949949026
            ],
            [
                -0.0,
                -0.0,
                0.15600000321865082
            ],
            [
                -0.028999999165534973,
                -0.0,
                -0.12700000405311584
            ],
            [
                -0.09000000357627869,
                -0.0,
                -0.041999999433755875
            ],
            [
                -0.09000000357627869,
                -0.0,
                -0.014999999664723873
            ],
            [
                -0.01899999938905239,
                -0.0,
                0.07400000095367432
            ],
            [
                0.23000000417232513,
                -0.0,
                -0.11299999803304672
            ],
            [
                -0.0,
                -0.02500000037252903,
                -0.23999999463558197
            ],
            [
                0.24300000071525574,
                -0.10400000214576721,
                0.0
            ]
        ],
        "mconf": [
            0.5261383056640625,
            0.4551924765110016,
            0.5066702365875244,
            0.3448501229286194,
            0.9148378968238831,
            0.8415312170982361,
            0.9483054280281067,
            0.5685166716575623,
            0.5346894860267639,
            0.44399815797805786,
            0.5232712626457214,
            0.6746171712875366,
            0.4946514666080475,
            0.3255288004875183,
            0.4250987470149994
        ],
        "kf_translation_vector": [
            0.06843121256666972,
            -0.004648143684486219,
            2.1399627554734195
        ],
        "kf_rotation_matrix": [
            [
                0.9143358862777718,
                -0.2288091684574207,
                -0.33412011536940567
            ],
            [
                0.0272570962335333,
                0.8579781117415242,
                -0.5129625819466411
            ],
            [
                0.4040382875044854,
                0.45991295285333317,
                0.7907168507298744
            ]
        ],
        "kf_euler_angles": [
            0.5268104791694931,
            -0.4159272379333355,
            0.029801987021076712
        ]
    },
    {
        "frame": 7,
        "object_rotation_in_cam": [
            [
                0.9309442041003271,
                -0.20666499054846027,
                -0.3010522720950855
            ],
            [
                0.037765194592164375,
                0.8745046535879111,
                -0.4835446214471873
            ],
            [
                0.36320335754150807,
                0.4387837651220616,
                0.8219197822998805
            ]
        ],
        "object_translation_in_cam": [
            0.07282311977069965,
            -0.004552624011433989,
            2.1772832885165423
        ],
        "raw_rvec": [
            0.4921252441365039,
            -0.35442578658985263,
            0.1304202128962983
        ],
        "refined_raw_rvec": [
            0.4921252441365039,
            -0.35442578658985263,
            0.1304202128962983
        ],
        "num_inliers": 11,
        "total_matches": 13,
        "inlier_ratio": 0.8461538461538461,
        "reprojection_errors": [
            2.2592954635620117,
            0.5110979676246643,
            1.2064367532730103,
            0.05975295975804329,
            0.9438819289207458,
            3.1903584003448486,
            3.208747625350952,
            2.5976145267486572,
            2.943667411804199,
            3.576300621032715,
            1.648773431777954
        ],
        "mean_reprojection_error": 2.013266086578369,
        "std_reprojection_error": 1.1491329669952393,
        "inliers": [
            0,
            1,
            2,
            3,
            4,
            5,
            6,
            8,
            10,
            11,
            12
        ],
        "mkpts0": [
            [
                591,
                284
            ],
            [
                602,
                348
            ],
            [
                715,
                384
            ],
            [
                598,
                298
            ],
            [
                519,
                327
