{
    "frames": [
        {
            "image": "00000001.png",
            "object_poses": [
                {
                    "name": "Camera",
                    "pose": [
                        [
                            -0.6691305637359619,
                            -0.1290455013513565,
                            0.7318548560142517,
                            3.0
                        ],
                        [
                            0.7431448698043823,
                            -0.11619351804256439,
                            0.6589649319648743,
                            3.0
                        ],
                        [
                            3.2584136988589307e-07,
                            0.9848077893257141,
                            0.17364813387393951,
                            6.0
                        ],
                        [
                            0.0,
                            0.0,
                            0.0,
                            1.0
                        ]
                    ]
                },
                {
                    "name": "Lamp",
                    "pose": [
                        [
                            -0.29086464643478394,
                            -0.7711008191108704,
                            0.5663931965827942,
                            -0.9046268463134766
                        ],
                        [
                            0.9551711678504944,
                            -0.1998833566904068,
                            0.21839119493961334,
                            -2.966461658477783
                        ],
                        [
                            -0.05518905818462372,
                            0.6045247316360474,
                            0.7946722507476807,
                            5.903861999511719
                        ],
                        [
                            0.0,
                            0.0,
                            0.0,
                            1.0
                        ]
                    ]
                },
                {
                    "name": "Lamp.001",
                    "pose": [
                        [
                            -0.29086464643478394,
                            -0.7711008191108704,
                            0.5663931965827942,
                            -2.7746357917785645
                        ],
                        [
                            0.9551711678504944,
                            -0.1998833566904068,
                            0.21839119493961334,
                            2.3410749435424805
                        ],
                        [
                            -0.05518905818462372,
                            0.6045247316360474,
                            0.7946722507476807,
                            7.734886169433594
                        ],
                        [
                            0.0,
                            0.0,
                            0.0,
                            1.0
                        ]
                    ]
                },
                {
                    "name": "Lamp.002",
                    "pose": [
                        [
                            -0.29086464643478394,
                            -0.7711008191108704,
                            0.5663931965827942,
                            0.0
                        ],
                        [
                            0.9551711678504944,
                            -0.1998833566904068,
                            0.21839119493961334,
                            0.0
                        ],
                        [
                            -0.05518905818462372,
                            0.6045247316360474,
                            0.7946722507476807,
                            7.734886169433594
                        ],
                        [
                            0.0,
                            0.0,
                            0.0,
                            1.0
                        ]
                    ]
                },
                {
                    "name": "Lamp.003",
                    "pose": [
                        [
                            -0.29086464643478394,
                            -0.7711008191108704,
                            0.5663931965827942,
                            -0.9046268463134766
                        ],
                        [
                            0.9551711678504944,
                            -0.1998833566904068,
                            0.21839119493961334,
                            4.248056411743164
                        ],
                        [
                            -0.05518905818462372,
                            0.6045247316360474,
                            0.7946722507476807,
                            7.734886169433594
                        ],
                        [
                            0.0,
                            0.0,
                            0.0,
                            1.0
                        ]
                    ]
                },
                {
                    "name": "Lamp.004",
                    "pose": [
                        [
                            -0.29086464643478394,
                            -0.7711008191108704,
                            0.5663931965827942,
                            -2.7746357917785645
                        ],
                        [
                            0.9551711678504944,
                            -0.1998833566904068,
                            0.21839119493961334,
                            2.3410749435424805
                        ],
                        [
                            -0.05518905818462372,
                            0.6045247316360474,
                            0.7946722507476807,
                            2.2199249267578125
                        ],
                        [
                            0.0,
                            0.0,
                            0.0,
                            1.0
                        ]
                    ]
                },
                {
                    "name": "Ss",
                    "pose": [
                        [
                            0.0013927455293014646,
                            0.0,
                            0.0,
                            0.00697768060490489
                        ],
                        [
                            0.0,
                            0.0014044961426407099,
                            0.0,
                            0.003745553782209754
                        ],
                        [
                            0.0,
                            0.0,
                            0.0014315819134935737,
                            5.000180244445801
                        ],
                        [
                            0.0,
                            0.0,
                            0.0,
                            1.0
                        ]
                    ]
                }
            ]
        },
        {
            "image": "00000002.png",
            "object_poses": [
                {
                    "name": "Camera",
                    "pose": [
                        [
                            -0.6698482632637024,
                            -0.12952853739261627,
                            0.7311126589775085,
                            2.995509386062622
                        ],
                        [
                            0.7424979209899902,
                            -0.11635502427816391,
                            0.6596652865409851,
                            3.001020669937134
                        ],
                        [
                            -0.0003768523456528783,
                            0.984725296497345,
                            0.1741148680448532,
                            6.001020431518555
                        ],
                        [
                            0.0,
                            0.0,
                            0.0,
                            1.0
                        ]
                    ]
                },
                {
                    "name": "Lamp",
                    "pose": [
                        [
                            -0.29086464643478394,
                            -0.7711008191108704,
                            0.5663931965827942,
                            -0.9046268463134766
                        ],
                        [
                            0.9551711678504944,
                            -0.1998833566904068,
                            0.21839119493961334,
                            -2.966461658477783
                        ],
                        [
                            -0.05518905818462372,
                            0.6045247316360474,
                            0.7946722507476807,
                            5.903861999511719
                        ],
                        [
                            0.0,
                            0.0,
                            0.0,
                            1.0
                        ]
                    ]
                },
                {
                    "name": "Lamp.001",
                    "pose": [
                        [
                            -0.29086464643478394,
                            -0.7711008191108704,
                            0.5663931965827942,
                            -2.7746357917785645
                        ],
                        [
                            0.9551711678504944,
                            -0.1998833566904068,
                            0.21839119493961334,
                            2.3410749435424805
                        ],
                        [
                            -0.05518905818462372,
                            0.6045247316360474,
                            0.7946722507476807,
                            7.734886169433594
                        ],
                        [
                            0.0,
                            0.0,
                            0.0,
                            1.0
                        ]
                    ]
                },
                {
                    "name": "Lamp.002",
                    "pose": [
                        [
                            -0.29086464643478394,
                            -0.7711008191108704,
                            0.5663931965827942,
                            0.0
                        ],
                        [
                            0.9551711678504944,
                            -0.1998833566904068,
                            0.21839119493961334,
                            0.0
                        ],
                        [
                            -0.05518905818462372,
                            0.6045247316360474,
                            0.7946722507476807,
                            7.734886169433594
                        ],
                        [
                            0.0,
                            0.0,
                            0.0,
                            1.0
                        ]
                    ]
                },
                {
                    "name": "Lamp.003",
                    "pose": [
                        [
                            -0.29086464643478394,
                            -0.7711008191108704,
                            0.5663931965827942,
                            -0.9046268463134766
                        ],
                        [
                            0.9551711678504944,
                            -0.1998833566904068,
                            0.21839119493961334,
                            4.248056411743164
                        ],
                        [
                            -0.05518905818462372,
                            0.6045247316360474,
                            0.7946722507476807,
                            7.734886169433594
                        ],
                        [
                            0.0,
                            0.0,
                            0.0,
                            1.0
                        ]
                    ]
                },
                {
                    "name": "Lamp.004",
                    "pose": [
                        [
                            -0.29086464643478394,
                            -0.7711008191108704,
                            0.5663931965827942,
                            -2.7746357917785645
                        ],
                        [
                            0.9551711678504944,
                            -0.1998833566904068,
                            0.21839119493961334,
                            2.3410749435424805
                        ],
                        [
                            -0.05518905818462372,
                            0.6045247316360474,
                            0.7946722507476807,
                            2.2199249267578125
                        ],
                        [
                            0.0,
                            0.0,
                            0.0,
                            1.0
                        ]
                    ]
                },
                {
                    "name": "Ss",
                    "pose": [
                        [
                            0.0013927455293014646,
                            0.0,
                            0.0,
                            0.00697768060490489
                        ],
                        [
                            0.0,
                            0.0014044961426407099,
                            0.0,
                            0.003745553782209754
                        ],
                        [
                            0.0,
                            0.0,
                            0.0014315819134935737,
                            5.000180244445801
                        ],
                        [
                            0.0,
                            0.0,
                            0.0,
                            1.0
                        ]
                    ]
                }
            ]
        },
        {
            "image": "00000003.png",
            "object_poses": [
                {
                    "name": "Camera",
                    "pose": [
                        [
                            -0.6719456315040588,
                            -0.13094252347946167,
                            0.7289328575134277,
                            2.982358932495117
                        ],
                        [
                            0.7405989766120911,
                            -0.11683520674705505,
                            0.6617119312286377,
                            3.004009246826172
                        ],
                        [
                            -0.0014812066219747066,
                            0.9844813942909241,
                            0.17548280954360962,
                            6.004009246826172
                        ],
                        [
                            0.0,
                            0.0,
                            0.0,
                            1.0
                        ]
                    ]
                },
                {
                    "name": "Lamp",
                    "pose": [
                        [
                            -0.29086464643478394,
                            -0.7711008191108704,
                            0.5663931965827942,
                            -0.9046268463134766
                        ],
                        [
                            0.9551711678504944,
                            -0.1998833566904068,
                            0.21839119493961334,
                            -2.966461658477783
                        ],
                        [
                            -0.05518905818462372,
                            0.6045247316360474,
                            0.7946722507476807,
                            5.903861999511719
                        ],
                        [
                            0.0,
                            0.0,
                            0.0,
                            1.0
                        ]
                    ]
                },
                {
                    "name": "Lamp.001",
                    "pose": [
                        [
                            -0.29086464643478394,
                            -0.7711008191108704,
                            0.5663931965827942,
                            -2.7746357917785645
                        ],
                        [
                            0.9551711678504944,
                            -0.1998833566904068,
                            0.21839119493961334,
                            2.3410749435424805
                        ],
                        [
                            -0.05518905818462372,
                            0.6045247316360474,
                            0.7946722507476807,
                            7.734886169433594
                        ],
                        [
                            0.0,
                            0.0,
                            0.0,
                            1.0
                        ]
                    ]
                },
                {
                    "name": "Lamp.002",
                    "pose": [
                        [
                            -0.29086464643478394,
                            -0.7711008191108704,
                            0.5663931965827942,
                            0.0
                        ],
                        [
                            0.9551711678504944,
                            -0.1998833566904068,
                            0.21839119493961334,
                            0.0
                        ],
                        [
                            -0.05518905818462372,
                            0.6045247316360474,
                            0.7946722507476807,
                            7.734886169433594
                        ],
                        [
                            0.0,
                            0.0,
                            0.0,
                            1.0
                        ]
                    ]
                },
                {
                    "name": "Lamp.003",
                    "pose": [
                        [
                            -0.29086464643478394,
                            -0.7711008191108704,
                            0.5663931965827942,
                            -0.9046268463134766
                        ],
                        [
                            0.9551711678504944,
                            -0.1998833566904068,
                            0.21839119493961334,
                            4.248056411743164
                        ],
                        [
                            -0.05518905818462372,
                            0.6045247316360474,
                            0.7946722507476807,
                            7.734886169433594
                        ],
                        [
                            0.0,
                            0.0,
                            0.0,
                            1.0
                        ]
                    ]
                },
                {
                    "name": "Lamp.004",
                    "pose": [
                        [
                            -0.29086464643478394,
                            -0.7711008191108704,
                            0.5663931965827942,
                            -2.7746357917785645
                        ],
                        [
                            0.9551711678504944,
                            -0.1998833566904068,
                            0.21839119493961334,
                            2.3410749435424805
                        ],
                        [
                            -0.05518905818462372,
                            0.6045247316360474,
                            0.7946722507476807,
                            2.2199249267578125
                        ],
                        [
                            0.0,
                            0.0,
                            0.0,
                            1.0
                        ]
                    ]
                },
                {
                    "name": "Ss",
                    "pose": [
                        [
                            0.0013927455293014646,
                            0.0,
                            0.0,
                            0.00697768060490489
                        ],
                        [
                            0.0,
                            0.0014044961426407099,
                            0.0,
                            0.003745553782209754
                        ],
                        [
                            0.0,
                            0.0,
                            0.0014315819134935737,
                            5.000180244445801
                        ],
                        [
                            0.0,
                            0.0,
                            0.0,
                            1.0
                        ]
                    ]
                }
            ]
        },
        {
            "image": "00000004.png",
            "object_poses": [
                {
                    "name": "Camera",
                    "pose": [
                        [
                            -0.6753344535827637,
                            -0.1332300305366516,
                            0.7253779768943787,
                            2.961029291152954
                        ],
                        [
                            0.7375043630599976,
                            -0.11763282120227814,
                            0.6650186777114868,
                            3.008857011795044
                        ],
                        [
                            -0.00327220163308084,
                            0.9840794205665588,
                            0.1776992231607437,
                            6.008856773376465
                        ],
                        [
                            0.0,
                            0.0,
                            0.0,
                            1.0
                        ]
                    ]
                },
                {
                    "name": "Lamp",
                    "pose": [
                        [
                            -0.29086464643478394,
                            -0.7711008191108704,
                            0.5663931965827942,
                            -0.9046268463134766
                        ],
                        [
                            0.9551711678504944,
                            -0.1998833566904068,
                            0.21839119493961334,
                            -2.966461658477783
                        ],
                        [
                            -0.05518905818462372,
                            0.6045247316360474,
                            0.7946722507476807,
                            5.903861999511719
                        ],
                        [
                            0.0,
                            0.0,
                            0.0,
                            1.0
                        ]
                    ]
                },
                {
                    "name": "Lamp.001",
                    "pose": [
                        [
                            -0.29086464643478394,
                            -0.7711008191108704,
                            0.5663931965827942,
                            -2.7746357917785645
                        ],
                        [
                            0.9551711678504944,
                            -0.1998833566904068,
                            0.21839119493961334,
                            2.3410749435424805
                        ],
                        [
                            -0.05518905818462372,
                            0.6045247316360474,
                            0.7946722507476807,
                            7.734886169433594
                        ],
                        [
                            0.0,
                            0.0,
                            0.0,
                            1.0
                        ]
                    ]
                },
                {
                    "name": "Lamp.002",
                    "pose": [
                        [
                            -0.29086464643478394,
                            -0.7711008191108704,
                            0.5663931965827942,
                            0.0
                        ],
                        [
                            0.9551711678504944,
                            -0.1998833566904068,
                            0.21839119493961334,
                            0.0
                        ],
                        [
                            -0.05518905818462372,
                            0.6045247316360474,
                            0.7946722507476807,
                            7.734886169433594
                        ],
                        [
                            0.0,
                            0.0,
                            0.0,
                            1.0
                        ]
                    ]
                },
                {
                    "name": "Lamp.003",
                    "pose": [
                        [
                            -0.29086464643478394,
                            -0.7711008191108704,
                            0.5663931965827942,
                            -0.9046268463134766
                        ],
                        [
                            0.9551711678504944,
                            -0.1998833566904068,
                            0.21839119493961334,
                            4.248056411743164
                        ],
                        [
                            -0.05518905818462372,
                            0.6045247316360474,
                            0.7946722507476807,
                            7.734886169433594
                        ],
                        [
                            0.0,
                            0.0,
                            0.0,
                            1.0
                        ]
                    ]
                },
                {
                    "name": "Lamp.004",
                    "pose": [
                        [
                            -0.29086464643478394,
                            -0.7711008191108704,
                            0.5663931965827942,
                            -2.7746357917785645
                        ],
                        [
                            0.9551711678504944,
                            -0.1998833566904068,
                            0.21839119493961334,
                            2.3410749435424805
                        ],
                        [
                            -0.05518905818462372,
                            0.6045247316360474,
                            0.7946722507476807,
                            2.2199249267578125
                        ],
                        [
                            0.0,
                            0.0,
                            0.0,
                            1.0
                        ]
                    ]
                },
                {
                    "name": "Ss",
                    "pose": [
                        [
                            0.0013927455293014646,
                            0.0,
                            0.0,
                            0.00697768060490489
                        ],
                        [
                            0.0,
                            0.0014044961426407099,
                            0.0,
                            0.003745553782209754
                        ],
                        [
                            0.0,
                            0.0,
                            0.0014315819134935737,
                            5.000180244445801
                        ],
                        [
                            0.0,
                            0.0,
                            0.0,
                            1.0
                        ]
                    ]
                }
            ]
        },
        {
            "image": "00000005.png",
            "object_poses": [
                {
                    "name": "Camera",
                    "pose": [
                        [
                            -0.6799198389053345,
                            -0.13633331656455994,
                            0.7205014228820801,
                            2.932001829147339
                        ],
                        [
                            0.7332642078399658,
                            -0.11875640600919724,
                            0.6694927215576172,
                            3.015454053878784
                        ],
                        [
                            -0.005710006691515446,
                            0.9835192561149597,
                            0.18071319162845612,
                            6.015454292297363
                        ],
                        [
                            0.0,
                            0.0,
                            0.0,
                            1.0
                        ]
                    ]
                },
                {
                    "name": "Lamp",
                    "pose": [
                        [
                            -0.29086464643478394,
                            -0.7711008191108704,
                            0.5663931965827942,
                            -0.9046268463134766
                        ],
                        [
                            0.9551711678504944,
                            -0.1998833566904068,
                            0.21839119493961334,
                            -2.966461658477783
                        ],
                        [
                            -0.05518905818462372,
                            0.6045247316360474,
                            0.7946722507476807,
                            5.903861999511719
                        ],
                        [
                            0.0,
                            0.0,
                            0.0,
                            1.0
                        ]
                    ]
                },
                {
                    "name": "Lamp.001",
                    "pose": [
                        [
                            -0.29086464643478394,
                            -0.7711008191108704,
                            0.5663931965827942,
                            -2.7746357917785645
                        ],
                        [
                            0.9551711678504944,
                            -0.1998833566904068,
                            0.21839119493961334,
                            2.3410749435424805
                        ],
                        [
                            -0.05518905818462372,
                            0.6045247316360474,
                            0.7946722507476807,
                            7.734886169433594
                        ],
                        [
                            0.0,
                            0.0,
                            0.0,
                            1.0
                        ]
                    ]
                },
                {
                    "name": "Lamp.002",
                    "pose": [
                        [
                            -0.29086464643478394,
                            -0.7711008191108704,
                            0.5663931965827942,
                            0.0
                        ],
                        [
                            0.9551711678504944,
                            -0.1998833566904068,
                            0.21839119493961334,
                            0.0
                        ],
                        [
                            -0.05518905818462372,
                            0.6045247316360474,
                            0.7946722507476807,
                            7.734886169433594
                        ],
                        [
                            0.0,
                            0.0,
                            0.0,
                            1.0
                        ]
                    ]
                },
                {
                    "name": "Lamp.003",
                    "pose": [
                        [
                            -0.29086464643478394,
                            -0.7711008191108704,
                            0.5663931965827942,
                            -0.9046268463134766
                        ],
                        [
                            0.9551711678504944,
                            -0.1998833566904068,
                            0.21839119493961334,
                            4.248056411743164
                        ],
                        [
                            -0.05518905818462372,
                            0.6045247316360474,
                            0.7946722507476807,
                            7.734886169433594
                        ],
                        [
                            0.0,
                            0.0,
                            0.0,
                            1.0
                        ]
                    ]
                },
                {
                    "name": "Lamp.004",
                    "pose": [
                        [
                            -0.29086464643478394,
                            -0.7711008191108704,
                            0.5663931965827942,
                            -2.7746357917785645
                        ],
                        [
                            0.9551711678504944,
                            -0.1998833566904068,
                            0.21839119493961334,
                            2.3410749435424805
                        ],
                        [
                            -0.05518905818462372,
                            0.6045247316360474,
                            0.7946722507476807,
                            2.2199249267578125
                        ],
                        [
                            0.0,
                            0.0,
                            0.0,
                            1.0
                        ]
                    ]
                },
                {
                    "name": "Ss",
                    "pose": [
                        [
                            0.0013927455293014646,
                            0.0,
                            0.0,
                            0.00697768060490489
                        ],
                        [
                            0.0,
                            0.0014044961426407099,
                            0.0,
                            0.003745553782209754
                        ],
                        [
                            0.0,
                            0.0,
                            0.0014315819134935737,
                            5.000180244445801
                        ],
                        [
                            0.0,
                            0.0,
                            0.0,
                            1.0
                        ]
                    ]
                }
            ]
        },
        {
            "image": "00000006.png",
            "object_poses": [
                {
                    "name": "Camera",
                    "pose": [
                        [
                            -0.685602068901062,
                            -0.1401914358139038,
                            0.714350163936615,
                            2.8957574367523193
                        ],
                        [
                            0.7279238700866699,
                            -0.12022210657596588,
                            0.6750358939170837,
                            3.023691415786743
                        ],
                        [
                            -0.008753577247262001,
                            0.9827985763549805,
                            0.1844732165336609,
                            6.023691654205322
                        ],
                        [
                            0.0,
                            0.0,
                            0.0,
                            1.0
                        ]
                    ]
                },
                {
                    "name": "Lamp",
                    "pose": [
                        [
                            -0.29086464643478394,
                            -0.7711008191108704,
                            0.5663931965827942,
                            -0.9046268463134766
                        ],
                        [
                            0.9551711678504944,
                            -0.1998833566904068,
                            0.21839119493961334,
                            -2.966461658477783
                        ],
                        [
                            -0.05518905818462372,
                            0.6045247316360474,
                            0.7946722507476807,
                            5.903861999511719
                        ],
                        [
                            0.0,
                            0.0,
                            0.0,
                            1.0
                        ]
                    ]
                },
                {
                    "name": "Lamp.001",
                    "pose": [
                        [
                            -0.29086464643478394,
                            -0.7711008191108704,
                            0.5663931965827942,
                            -2.7746357917785645
                        ],
                        [
                            0.9551711678504944,
                            -0.1998833566904068,
                            0.21839119493961334,
                            2.3410749435424805
                        ],
                        [
                            -0.05518905818462372,
                            0.6045247316360474,
                            0.7946722507476807,
                            7.734886169433594
                        ],
                        [
                            0.0,
                            0.0,
                            0.0,
                            1.0
                        ]
                    ]
                },
                {
                    "name": "Lamp.002",
                    "pose": [
                        [
                            -0.29086464643478394,
