[
    {
        "frame": 1,
        "object_rotation_in_cam": [
            [
                0.9991219897473398,
                0.037266485662583206,
                0.019143109718043658
            ],
            [
                -0.03237529220150697,
                0.9767793812335651,
                -0.21178734818643113
            ],
            [
                -0.026591165039983086,
                0.21098163295257255,
                0.9771282722849044
            ]
        ],
        "object_translation_in_cam": [
            -0.011977655846548979,
            0.009892834723980882,
            1.0505311290107906
        ],
        "raw_rvec": [
            0.2130549948237592,
            0.02304784907726244,
            -0.03509606731879092
        ],
        "refined_raw_rvec": [
            0.2130549948237592,
            0.02304784907726244,
            -0.03509606731879092
        ],
        "num_inliers": 10,
        "total_matches": 11,
        "inlier_ratio": 0.9090909090909091,
        "reprojection_errors": [
            0.839169442653656,
            1.7424615621566772,
            0.7540313601493835,
            1.4233143329620361,
            2.1905620098114014,
            4.417963981628418,
            0.8087493777275085,
            1.923450231552124,
            2.200310707092285,
            1.9918688535690308
        ],
        "mean_reprojection_error": 1.829188346862793,
        "std_reprojection_error": 1.01759934425354,
        "inliers": [
            0,
            1,
            2,
            3,
            4,
            5,
            6,
            7,
            8,
            9
        ],
        "mkpts0": [
            [
                963,
                266
            ],
            [
                930,
                263
            ],
            [
                954,
                233
            ],
            [
                537,
                396
            ],
            [
                605,
                386
            ],
            [
                676,
                338
            ],
            [
                531,
                330
            ],
            [
                491,
                331
            ],
            [
                636,
                340
            ],
            [
                639,
                363
            ],
            [
                137,
                419
            ]
        ],
        "mkpts1": [
            [
                855,
                308
            ],
            [
                829,
                308
            ],
            [
                844,
                289
            ],
            [
                551,
                390
            ],
            [
                595,
                386
            ],
            [
                664,
                361
            ],
            [
                579,
                357
            ],
            [
                557,
                357
            ],
            [
                639,
                361
            ],
            [
                641,
                373
            ],
            [
                387,
                406
            ]
        ],
        "mpts3D": [
            [
                0.23100000619888306,
                -0.054999999701976776,
                -0.0020000000949949026
            ],
            [
                0.20600000023841858,
                -0.054999999701976776,
                -0.0020000000949949026
            ],
            [
                0.22100000083446503,
                -0.07500000298023224,
                -0.0020000000949949026
            ],
            [
                -0.052000001072883606,
                -0.009999999776482582,
                -0.10999999940395355
            ],
            [
                -0.017000000923871994,
                -0.009999999776482582,
                -0.09200000017881393
            ],
            [
                0.04899999871850014,
                -0.01600000075995922,
                -0.010999999940395355
            ],
            [
                -0.03500000014901161,
                -0.017999999225139618,
                -0.009999999776482582
            ],
            [
                -0.05700000002980232,
                -0.017999999225139618,
                -0.009999999776482582
            ],
            [
                0.02500000037252903,
                -0.014000000432133675,
                -0.010999999940395355
            ],
            [
                0.02500000037252903,
                -0.0,
                -0.014999999664723873
            ],
            [
                -0.22499999403953552,
                0.009999999776482582,
                0.0
            ]
        ],
        "mconf": [
            0.999535858631134,
            0.9985848665237427,
            0.9972413778305054,
            0.8464261293411255,
            0.6240946650505066,
            0.21149875223636627,
            0.830966591835022,
            0.7225296497344971,
            0.7640184760093689,
            0.7158790826797485,
            0.339671790599823
        ],
        "kf_translation_vector": [
            -0.011989762890100423,
            0.009902834425290132,
            1.0515930084214222
        ],
        "kf_rotation_matrix": [
            [
                0.9991202143715792,
                0.037308254360391147,
                0.01915440917047749
            ],
            [
                -0.0324079825758189,
                0.9767324295194418,
                -0.2119987825210659
            ],
            [
                -0.026618037107479123,
                0.2111915132803142,
                0.9770821996223837
            ]
        ],
        "kf_euler_angles": [
            0.21287039242629383,
            0.026621181344901153,
            -0.0324251511474061
        ]
    },
    {
        "frame": 2,
        "object_rotation_in_cam": [
            [
                0.9991804549129688,
                0.035962936697718405,
                0.018576482551562686
            ],
            [
                -0.03125027387012235,
                0.9770601434319173,
                -0.21065824574377215
            ],
            [
                -0.025726229862826033,
                0.20990508164615038,
                0.9773832502126113
            ]
        ],
        "object_translation_in_cam": [
            -0.011943142156664113,
            0.010059239096374602,
            1.04932322710906
        ],
        "raw_rvec": [
            0.21192223287619516,
            0.022324175994129152,
            -0.03386879628976419
        ],
        "refined_raw_rvec": [
            0.21192223287619516,
            0.022324175994129152,
            -0.03386879628976419
        ],
        "num_inliers": 11,
        "total_matches": 13,
        "inlier_ratio": 0.8461538461538461,
        "reprojection_errors": [
            1.1019235849380493,
            1.9923335313796997,
            0.7707485556602478,
            1.4494036436080933,
            2.096010684967041,
            4.273437023162842,
            0.8805379867553711,
            1.5116044282913208,
            2.1734769344329834,
            2.1998162269592285,
            1.98087739944458
        ],
        "mean_reprojection_error": 1.8572880029678345,
        "std_reprojection_error": 0.911374032497406,
        "inliers": [
            0,
            1,
            2,
            3,
            4,
            5,
            6,
            7,
            8,
            9,
            12
        ],
        "mkpts0": [
            [
                963,
                266
            ],
            [
                930,
                263
            ],
            [
                954,
                233
            ],
            [
                537,
                396
            ],
            [
                605,
                386
            ],
            [
                676,
                338
            ],
            [
                531,
                330
            ],
            [
                491,
                331
            ],
            [
                636,
                340
            ],
            [
                639,
                363
            ],
            [
                137,
                419
            ],
            [
                1059,
                384
            ],
            [
                988,
                187
            ]
        ],
        "mkpts1": [
            [
                855,
                308
            ],
            [
                829,
                308
            ],
            [
                845,
                288
            ],
            [
                551,
                390
            ],
            [
                595,
                386
            ],
            [
                664,
                361
            ],
            [
                579,
                357
            ],
            [
                557,
                358
            ],
            [
                639,
                361
            ],
            [
                641,
                373
            ],
            [
                387,
                406
            ],
            [
                866,
                379
            ],
            [
                868,
                259
            ]
        ],
        "mpts3D": [
            [
                0.23100000619888306,
                -0.054999999701976776,
                -0.0020000000949949026
            ],
            [
                0.20600000023841858,
                -0.054999999701976776,
                -0.0020000000949949026
            ],
            [
                0.22100000083446503,
                -0.07500000298023224,
                -0.0020000000949949026
            ],
            [
                -0.052000001072883606,
                -0.009999999776482582,
                -0.10999999940395355
            ],
            [
                -0.017000000923871994,
                -0.009999999776482582,
                -0.09200000017881393
            ],
            [
                0.04899999871850014,
                -0.01600000075995922,
                -0.010999999940395355
            ],
            [
                -0.03500000014901161,
                -0.017999999225139618,
                -0.009999999776482582
            ],
            [
                -0.05700000002980232,
                -0.017999999225139618,
                -0.009999999776482582
            ],
            [
                0.02500000037252903,
                -0.014000000432133675,
                -0.010999999940395355
            ],
            [
                0.02500000037252903,
                -0.0,
                -0.014999999664723873
            ],
            [
                -0.22499999403953552,
                0.009999999776482582,
                0.0
            ],
            [
                0.23000000417232513,
                -0.0,
                -0.11299999803304672
            ],
            [
                0.24300000071525574,
                -0.10400000214576721,
                0.0
            ]
        ],
        "mconf": [
            0.9991981983184814,
            0.9992741346359253,
            0.9941773414611816,
            0.7892252802848816,
            0.6276710033416748,
            0.2559281587600708,
            0.8847185373306274,
            0.8812634348869324,
            0.8173854351043701,
            0.798262357711792,
            0.3112928867340088,
            0.12997664511203766,
            0.5438426733016968
        ],
        "kf_translation_vector": [
            -0.011929090368993298,
            0.010136646251753928,
            1.0489215880037854
        ],
        "kf_rotation_matrix": [
            [
                0.9992062466921735,
                0.03537390523467395,
                0.018318389661413047
            ],
            [
                -0.030741073367408348,
                0.9771808131641322,
                -0.2101728926196357
            ],
            [
                -0.025335014891621332,
                0.20944294023034915,
                0.9774926044774495
            ]
        ],
        "kf_euler_angles": [
            0.21107400493006973,
            0.02533772594277412,
            -0.030755792415334725
        ]
    },
    {
        "frame": 3,
        "object_rotation_in_cam": [
            [
                0.9990256672337933,
                0.03978024622265678,
                0.019111468246553912
            ],
            [
                -0.03494585625082796,
                0.9775169304570672,
                -0.20794094786907594
            ],
            [
                -0.026953725882903564,
                0.20707047756804467,
                0.9779546584483205
            ]
        ],
        "object_translation_in_cam": [
            -0.01192822147388527,
            0.010174795846678826,
            1.0497785511702822
        ],
        "raw_rvec": [
            0.20909385502002736,
            0.02320887674990904,
            -0.03764900886847963
        ],
        "refined_raw_rvec": [
            0.20909385502002736,
            0.02320887674990904,
            -0.03764900886847963
        ],
        "num_inliers": 10,
        "total_matches": 12,
        "inlier_ratio": 0.8333333333333334,
        "reprojection_errors": [
            0.5155363082885742,
            1.429526686668396,
            0.18967288732528687,
            1.409878134727478,
            2.1981453895568848,
            4.336209297180176,
            1.0690399408340454,
            1.6220874786376953,
            2.1303820610046387,
            2.1761693954467773
        ],
        "mean_reprojection_error": 1.7076648473739624,
        "std_reprojection_error": 1.088791847229004,
        "inliers": [
            0,
            1,
            2,
            3,
            4,
            5,
            6,
            7,
            8,
            9
        ],
        "mkpts0": [
            [
                963,
                266
            ],
            [
                930,
                263
            ],
            [
                954,
                233
            ],
            [
                537,
                396
            ],
            [
                605,
                386
            ],
            [
                676,
                338
            ],
            [
                531,
                330
            ],
            [
                491,
                331
            ],
            [
                636,
                340
            ],
            [
                639,
                363
            ],
            [
                137,
                419
            ],
            [
                1059,
                384
            ]
        ],
        "mkpts1": [
            [
                855,
                308
            ],
            [
                829,
                308
            ],
            [
                844,
                288
            ],
            [
                551,
                390
            ],
            [
                595,
                386
            ],
            [
                664,
                361
            ],
            [
                579,
                357
            ],
            [
                557,
                358
            ],
            [
                639,
                361
            ],
            [
                641,
                373
            ],
            [
                387,
                406
            ],
            [
                866,
                379
            ]
        ],
        "mpts3D": [
            [
                0.23100000619888306,
                -0.054999999701976776,
                -0.0020000000949949026
            ],
            [
                0.20600000023841858,
                -0.054999999701976776,
                -0.0020000000949949026
            ],
            [
                0.22100000083446503,
                -0.07500000298023224,
                -0.0020000000949949026
            ],
            [
                -0.052000001072883606,
                -0.009999999776482582,
                -0.10999999940395355
            ],
            [
                -0.017000000923871994,
                -0.009999999776482582,
                -0.09200000017881393
            ],
            [
                0.04899999871850014,
                -0.01600000075995922,
                -0.010999999940395355
            ],
            [
                -0.03500000014901161,
                -0.017999999225139618,
                -0.009999999776482582
            ],
            [
                -0.05700000002980232,
                -0.017999999225139618,
                -0.009999999776482582
            ],
            [
                0.02500000037252903,
                -0.014000000432133675,
                -0.010999999940395355
            ],
            [
                0.02500000037252903,
                -0.0,
                -0.014999999664723873
            ],
            [
                -0.22499999403953552,
                0.009999999776482582,
                0.0
            ],
            [
                0.23000000417232513,
                -0.0,
                -0.11299999803304672
            ]
        ],
        "mconf": [
            0.9992742538452148,
            0.9992196559906006,
            0.9957534074783325,
            0.8468561172485352,
            0.6282134056091309,
            0.25974422693252563,
            0.8931401968002319,
            0.9281705617904663,
            0.8098000288009644,
            0.7558460831642151,
            0.3773996829986572,
            0.14948679506778717
        ],
        "kf_translation_vector": [
            -0.01191439491128815,
            0.010250891733576382,
            1.0494462378449585
        ],
        "kf_rotation_matrix": [
            [
                0.9990309972327273,
                0.039718968676632146,
                0.0189596966074673
            ],
            [
                -0.03493689659770789,
                0.9776688920105008,
                -0.20722681016480624
            ],
            [
                -0.026767140756972143,
                0.20636361385240443,
                0.9781091856502893
            ]
        ],
        "kf_euler_angles": [
            0.20793270895180752,
            0.026770338140684646,
            -0.03495653792887655
        ]
    },
    {
        "frame": 4,
        "object_rotation_in_cam": [
            [
                0.9989744760863049,
                0.04026839915992126,
                0.02069908590228179
            ],
            [
                -0.035095348431431146,
                0.9775167977648378,
                -0.2079163933076311
            ],
            [
                -0.02860616448546066,
                0.20697672844229217,
                0.9779275644119847
            ]
        ],
        "object_translation_in_cam": [
            -0.011768053429438232,
            0.010182462339798862,
            1.0504723421857654
        ],
        "raw_rvec": [
            0.2090370118348594,
            0.024841631901132213,
            -0.037970773125201376
        ],
        "refined_raw_rvec": [
            0.2090370118348594,
            0.024841631901132213,
            -0.037970773125201376
        ],
        "num_inliers": 10,
        "total_matches": 12,
        "inlier_ratio": 0.8333333333333334,
        "reprojection_errors": [
            0.46575984358787537,
            1.3996144533157349,
            0.22354312241077423,
            1.4348281621932983,
            2.16990065574646,
            4.381805896759033,
            0.9873721599578857,
            1.4512052536010742,
            1.4309699535369873,
            2.1984522342681885
        ],
        "mean_reprojection_error": 1.6143451929092407,
        "std_reprojection_error": 1.099723219871521,
        "inliers": [
            0,
            1,
            2,
            3,
            4,
            5,
            6,
            7,
            8,
            9
        ],
        "mkpts0": [
            [
                963,
                266
            ],
            [
                930,
                263
            ],
            [
                954,
                233
            ],
            [
                537,
                396
            ],
            [
                605,
                386
            ],
            [
                676,
                338
            ],
            [
                531,
                330
            ],
            [
                491,
                331
            ],
            [
                636,
                340
            ],
            [
                639,
                363
            ],
            [
                137,
                419
            ],
            [
                1059,
                384
            ]
        ],
        "mkpts1": [
            [
                855,
                308
            ],
            [
                829,
                308
            ],
            [
                844,
                288
            ],
            [
                551,
                390
            ],
            [
                595,
                386
            ],
            [
                664,
                361
            ],
            [
                579,
                357
            ],
            [
                557,
                358
            ],
            [
                640,
                361
            ],
            [
                641,
                373
            ],
            [
                387,
                406
            ],
            [
                866,
                379
            ]
        ],
        "mpts3D": [
            [
                0.23100000619888306,
                -0.054999999701976776,
                -0.0020000000949949026
            ],
            [
                0.20600000023841858,
                -0.054999999701976776,
                -0.0020000000949949026
            ],
            [
                0.22100000083446503,
                -0.07500000298023224,
                -0.0020000000949949026
            ],
            [
                -0.052000001072883606,
                -0.009999999776482582,
                -0.10999999940395355
            ],
            [
                -0.017000000923871994,
                -0.009999999776482582,
                -0.09200000017881393
            ],
            [
                0.04899999871850014,
                -0.01600000075995922,
                -0.010999999940395355
            ],
            [
                -0.03500000014901161,
                -0.017999999225139618,
                -0.009999999776482582
            ],
            [
                -0.05700000002980232,
                -0.017999999225139618,
                -0.009999999776482582
            ],
            [
                0.02500000037252903,
                -0.014000000432133675,
                -0.010999999940395355
            ],
            [
                0.02500000037252903,
                -0.0,
                -0.014999999664723873
            ],
            [
                -0.22499999403953552,
                0.009999999776482582,
                0.0
            ],
            [
                0.23000000417232513,
                -0.0,
                -0.11299999803304672
            ]
        ],
        "mconf": [
            0.9994825124740601,
            0.9951789379119873,
            0.9958146810531616,
            0.7320765256881714,
            0.5882903933525085,
            0.22270798683166504,
            0.8872438669204712,
            0.8817004561424255,
            0.6207490563392639,
            0.7674669027328491,
            0.4679122567176819,
            0.13380517065525055
        ],
        "kf_translation_vector": [
            -0.011759604947873144,
            0.010254588217281093,
            1.0503391305919545
        ],
        "kf_rotation_matrix": [
            [
                0.9989417689664816,
                0.04107386930898182,
                0.020694914208695802
            ],
            [
                -0.0359151683035021,
                0.9777091996472878,
                -0.20686909293268368
            ],
            [
                -0.028730522094937917,
                0.2059069163118347,
                0.9781497323595726
            ]
        ],
        "kf_euler_angles": [
            0.20747729040034105,
            0.028734476131416865,
            -0.035937735669715996
        ]
    },
    {
        "frame": 5,
        "object_rotation_in_cam": [
            [
                0.9989744760863049,
                0.04026839915992126,
                0.02069908590228179
            ],
            [
                -0.035095348431431146,
                0.9775167977648378,
                -0.2079163933076311
            ],
            [
                -0.02860616448546066,
                0.20697672844229217,
                0.9779275644119847
            ]
        ],
        "object_translation_in_cam": [
            -0.011768053429438232,
            0.010182462339798862,
            1.0504723421857654
        ],
        "raw_rvec": [
            0.2090370118348594,
            0.024841631901132213,
            -0.037970773125201376
        ],
        "refined_raw_rvec": [
            0.2090370118348594,
            0.024841631901132213,
            -0.037970773125201376
        ],
        "num_inliers": 10,
        "total_matches": 11,
        "inlier_ratio": 0.9090909090909091,
        "reprojection_errors": [
            0.46575984358787537,
            1.3996144533157349,
            0.22354312241077423,
            1.4348281621932983,
            2.16990065574646,
            4.381805896759033,
            0.9873721599578857,
            1.4512052536010742,
            1.4309699535369873,
            2.1984522342681885
        ],
        "mean_reprojection_error": 1.6143451929092407,
        "std_reprojection_error": 1.099723219871521,
        "inliers": [
            0,
            1,
            2,
            3,
            4,
            5,
            6,
            7,
            8,
            9
        ],
        "mkpts0": [
            [
                963,
                266
            ],
            [
                930,
                263
            ],
            [
                954,
                233
            ],
            [
                537,
                396
            ],
            [
                605,
                386
            ],
            [
                676,
                338
            ],
            [
                531,
                330
            ],
            [
                491,
                331
            ],
            [
                636,
                340
            ],
            [
                639,
                363
            ],
            [
                137,
                419
            ]
        ],
        "mkpts1": [
            [
                855,
                308
            ],
            [
                829,
                308
            ],
            [
                844,
                288
            ],
            [
                551,
                390
            ],
            [
                595,
                386
            ],
            [
                664,
                361
            ],
            [
                579,
                357
            ],
            [
                557,
                358
            ],
            [
                640,
                361
            ],
            [
                641,
                373
            ],
            [
                387,
                406
            ]
        ],
        "mpts3D": [
            [
                0.23100000619888306,
                -0.054999999701976776,
                -0.0020000000949949026
            ],
            [
                0.20600000023841858,
                -0.054999999701976776,
                -0.0020000000949949026
            ],
            [
                0.22100000083446503,
                -0.07500000298023224,
                -0.0020000000949949026
            ],
            [
                -0.052000001072883606,
                -0.009999999776482582,
                -0.10999999940395355
            ],
            [
                -0.017000000923871994,
                -0.009999999776482582,
                -0.09200000017881393
            ],
            [
                0.04899999871850014,
                -0.01600000075995922,
                -0.010999999940395355
            ],
            [
                -0.03500000014901161,
                -0.017999999225139618,
                -0.009999999776482582
            ],
            [
                -0.05700000002980232,
                -0.017999999225139618,
                -0.009999999776482582
            ],
            [
                0.02500000037252903,
                -0.014000000432133675,
                -0.010999999940395355
            ],
            [
                0.02500000037252903,
                -0.0,
                -0.014999999664723873
            ],
            [
                -0.22499999403953552,
                0.009999999776482582,
                0.0
            ]
        ],
        "mconf": [
            0.9993780851364136,
            0.9962732195854187,
            0.9960053563117981,
            0.8588442206382751,
            0.7318689823150635,
            0.2394830584526062,
            0.9524944424629211,
            0.9317228198051453,
            0.7927835583686829,
            0.8008431196212769,
            0.6739125847816467
        ],
        "kf_translation_vector": [
            -0.011720067595389277,
            0.01022010828664323,
            1.0506750776760199
        ],
        "kf_rotation_matrix": [
            [
                0.9989275865782393,
                0.04115763078708465,
                0.02120674894858148
            ],
            [
                -0.03588054690980544,
                0.9776315025546704,
                -0.20724196381561083
            ],
            [
                -0.02926197406921465,
                0.2062588050016089,
                0.9780598357119471
            ]
        ],
        "kf_euler_angles": [
            0.20784030582018245,
            0.029266151670688658,
            -0.03590363159979262
        ]
    },
    {
        "frame": 6,
        "object_rotation_in_cam": [
            [
                0.9990342684968592,
                0.03789400407622881,
                0.022239038288925702
            ],
            [
                -0.032104562504487594,
                0.9751220476560761,
                -0.21933145976219773
            ],
            [
                -0.029997123784473046,
                0.218405669867089,
                0.9753969119976581
            ]
        ],
        "object_translation_in_cam": [
            -0.011532191754971765,
            0.00909626178759424,
            1.0511255968570605
        ],
        "raw_rvec": [
            0.2207275363378563,
            0.026339916314548937,
            -0.035296551520835884
        ],
        "refined_raw_rvec": [
            0.2207275363378563,
            0.026339916314548937,
            -0.035296551520835884
        ],
        "num_inliers": 9,
        "total_matches": 10,
        "inlier_ratio": 0.9,
        "reprojection_errors": [
            0.10191302746534348,
            0.9329781532287598,
            0.49582451581954956,
            1.5735222101211548,
            2.0855205059051514,
            0.25848188996315,
            1.1115734577178955,
            2.289966344833374,
            1.446393609046936
        ],
        "mean_reprojection_error": 1.144019365310669,
        "std_reprojection_error": 0.731165885925293,
        "inliers": [
            0,
            1,
            2,
            3,
            4,
            5,
            6,
            7,
            8
        ],
        "mkpts0": [
            [
                963,
                266
            ],
            [
                930,
                263
            ],
            [
                954,
                233
            ],
            [
                537,
                396
            ],
            [
                605,
                386
            ],
            [
                531,
                330
            ],
            [
                491,
                331
            ],
            [
                636,
                340
            ],
            [
                639,
                363
            ],
            [
                137,
                419
            ]
        ],
        "mkpts1": [
            [
                855,
                308
            ],
            [
                829,
                308
            ],
            [
                845,
                288
            ],
            [
                551,
                390
            ],
            [
                595,
                386
            ],
            [
                579,
                357
            ],
            [
                557,
                357
            ],
            [
                640,
                361
            ],
            [
                641,
                373
            ],
            [
                387,
                406
            ]
        ],
        "mpts3D": [
            [
                0.23100000619888306,
                -0.054999999701976776,
                -0.0020000000949949026
            ],
            [
                0.20600000023841858,
                -0.054999999701976776,
                -0.0020000000949949026
            ],
            [
                0.22100000083446503,
                -0.07500000298023224,
                -0.0020000000949949026
            ],
            [
                -0.052000001072883606,
                -0.009999999776482582,
                -0.10999999940395355
            ],
            [
                -0.017000000923871994,
                -0.009999999776482582,
                -0.09200000017881393
            ],
            [
                -0.03500000014901161,
                -0.017999999225139618,
                -0.009999999776482582
            ],
            [
                -0.05700000002980232,
                -0.017999999225139618,
                -0.009999999776482582
            ],
            [
                0.02500000037252903,
                -0.014000000432133675,
                -0.010999999940395355
            ],
            [
                0.02500000037252903,
                -0.0,
                -0.014999999664723873
            ],
            [
                -0.22499999403953552,
                0.009999999776482582,
                0.0
            ]
        ],
        "mconf": [
            0.9994673132896423,
            0.9980568885803223,
            0.9968452453613281,
            0.9224406480789185,
            0.8710693717002869,
            0.9299752712249756,
            0.7126724123954773,
            0.7323218584060669,
            0.7659206390380859,
            0.57070392370224
        ],
        "kf_translation_vector": [
            -0.011501654056671775,
            0.009139225377254015,
            1.0513671505444395
        ],
        "kf_rotation_matrix": [
            [
                0.9990015663460303,
                0.03850388929330605,
                0.022656587286409537
            ],
            [
                -0.03262749936560981,
                0.9752403106618956,
                -0.21872764513256282
            ],
            [
                -0.030517482257306123,
                0.21777003230329472,
                0.9755228835385139
            ]
        ],
        "kf_euler_angles": [
            0.21963305696593124,
            0.030522221150539618,
            -0.0326485030862118
        ]
    },
    {
        "frame": 7,
        "object_rotation_in_cam": [
            [
                0.9990004935785791,
                0.038671928515631074,
                0.022416417524599684
            ],
            [
                -0.032857191732458005,
                0.97532858679305,
                -0.21829922751977013
            ],
            [
                -0.030305424946892805,
                0.21734449551151228,
                0.9756243905774571
            ]
        ],
        "object_translation_in_cam": [
            -0.011503754079659041,
            0.009177152919668401,
            1.0511242961082954
        ],
        "raw_rvec": [
            0.21965711571121677,
            0.02658302470580435,
            -0.03606589378524756
        ],
        "refined_raw_rvec": [
            0.21965711571121677,
            0.02658302470580435,
            -0.03606589378524756
        ],
        "num_inliers": 9,
        "total_matches": 10,
        "inlier_ratio": 0.9,
        "reprojection_errors": [
            0.1159420758485794,
            0.8464758992195129,
            0.6092134714126587,
            1.5793287754058838,
            2.083364963531494,
            0.17990270256996155,
            1.0190004110336304,
            1.5358468294143677,
            1.5017180442810059
        ],
        "mean_reprojection_error": 1.0523104667663574,
        "std_reprojection_error": 0.6372065544128418,
        "inliers": [
            0,
            1,
            2,
            3,
            4,
            5,
            6,
            7,
            8
        ],
        "mkpts0": [
            [
                963,
                266
            ],
            [
                930,
                263
            ],
            [
                954,
                233
            ],
            [
                537,
                396
            ],
            [
                605,
                386
            ],
            [
                531,
                330
            ],
            [
                491,
                331
            ],
            [
                636,
                340
            ],
            [
                639,
                363
            ],
            [
                137,
                419
            ]
        ],
        "mkpts1": [
            [
                855,
                308
            ],
            [
                829,
                308
            ],
            [
                845,
                288
            ],
            [
                551,
                390
            ],
            [
                595,
                386
            ],
            [
                579,
                357
            ],
            [
                557,
                358
            ],
            [
                640,
                360
            ],
            [
                641,
                373
            ],
            [
                387,
                406
            ]
        ],
        "mpts3D": [
            [
                0.23100000619888306,
                -0.054999999701976776,
                -0.0020000000949949026
            ],
            [
                0.20600000023841858,
                -0.054999999701976776,
