[
    {
        "frame": 2,
        "object_rotation_in_cam": [
            [
                0.9989926635640567,
                0.030093172084304128,
                -0.03328752227330827
            ],
            [
                -0.02825904887666126,
                0.9981268217272554,
                0.05426116387651589
            ],
            [
                0.03485805935186303,
                -0.05326583091018201,
                0.9979717766328213
            ]
        ],
        "object_translation_in_cam": [
            -0.024008860831520085,
            0.0011808805295288607,
            1.1492873020144638
        ],
        "raw_rvec": [
            -0.053807525775599094,
            -0.03410069394260805,
            -0.029200003586532113
        ],
        "refined_raw_rvec": [
            -0.053807525775599094,
            -0.03410069394260805,
            -0.029200003586532113
        ],
        "num_inliers": 7,
        "total_matches": 8,
        "inlier_ratio": 0.875,
        "reprojection_errors": [
            6.341041088104248,
            3.1165287494659424,
            0.6239836812019348,
            2.0769240856170654,
            1.6223427057266235,
            0.8979164361953735,
            2.293567180633545
        ],
        "mean_reprojection_error": 2.4246151447296143,
        "std_reprojection_error": 1.7797240018844604,
        "inliers": [
            0,
            2,
            3,
            4,
            5,
            6,
            7
        ],
        "mkpts0": [
            [
                591,
                284
            ],
            [
                610,
                269
            ],
            [
                519,
                327
            ],
            [
                727,
                126
            ],
            [
                539,
                313
            ],
            [
                727,
                143
            ],
            [
                834,
                225
            ],
            [
                752,
                77
            ]
        ],
        "mkpts1": [
            [
                623,
                351
            ],
            [
                640,
                343
            ],
            [
                554,
                346
            ],
            [
                795,
                293
            ],
            [
                574,
                346
            ],
            [
                796,
                308
            ],
            [
                845,
                350
            ],
            [
                828,
                258
            ]
        ],
        "mpts3D": [
            [
                0.02500000037252903,
                -0.014000000432133675,
                -0.010999999940395355
            ],
            [
                0.04899999871850014,
                -0.01600000075995922,
                -0.010999999940395355
            ],
            [
                -0.05700000002980232,
                -0.017999999225139618,
                -0.009999999776482582
            ],
            [
                0.20600000023841858,
                -0.07000000029802322,
                -0.0020000000949949026
            ],
            [
                -0.03500000014901161,
                -0.017999999225139618,
                -0.009999999776482582
            ],
            [
                0.20600000023841858,
                -0.054999999701976776,
                -0.0020000000949949026
            ],
            [
                0.23000000417232513,
                -0.0,
                -0.11299999803304672
            ],
            [
                0.24300000071525574,
                -0.10400000214576721,
                0.0
            ]
        ],
        "mconf": [
            0.30417492985725403,
            0.13135309517383575,
            0.30901432037353516,
            0.9922015070915222,
            0.36439090967178345,
            0.982541561126709,
            0.21793508529663086,
            0.3075024485588074
        ],
        "kf_translation_vector": [
            -0.02403312904622184,
            0.0011820741664293716,
            1.150449004404053
        ],
        "kf_rotation_matrix": [
            [
                0.9989906267698114,
                0.030125376397857246,
                -0.033319503641963
            ],
            [
                -0.02828757077606793,
                0.9981229817530265,
                0.054316909301215424
            ],
            [
                0.03489327966311432,
                -0.05331955544952472,
                0.9979676768518191
            ]
        ],
        "kf_euler_angles": [
            -0.05337738753829037,
            -0.03490036421161468,
            -0.028308587975009392
        ]
    },
    {
        "frame": 3,
        "object_rotation_in_cam": [
            [
                0.9989916748571772,
                0.02725636807332228,
                -0.03567525704887806
            ],
            [
                -0.02532323297416585,
                0.9982434495690725,
                0.053560706344993755
            ],
            [
                0.03707246198714168,
                -0.05260328689245676,
                0.9979271149589642
            ]
        ],
        "object_translation_in_cam": [
            -0.023796411447982675,
            0.0004329059981350403,
            1.1514286359150938
        ],
        "raw_rvec": [
            -0.05312483773804048,
            -0.036403215927994954,
            -0.026311018348105515
        ],
        "refined_raw_rvec": [
            -0.05312483773804048,
            -0.036403215927994954,
            -0.026311018348105515
        ],
        "num_inliers": 7,
        "total_matches": 7,
        "inlier_ratio": 1.0,
        "reprojection_errors": [
            6.815124034881592,
            4.197115898132324,
            0.6203164458274841,
            1.6136516332626343,
            1.6403553485870361,
            0.9587701559066772,
            2.4755501747131348
        ],
        "mean_reprojection_error": 2.6172690391540527,
        "std_reprojection_error": 2.0297091007232666,
        "inliers": [
            0,
            1,
            2,
            3,
            4,
            5,
            6
        ],
        "mkpts0": [
            [
                591,
                284
            ],
            [
                519,
                327
            ],
            [
                727,
                126
            ],
            [
                539,
                313
            ],
            [
                727,
                143
            ],
            [
                834,
                225
            ],
            [
                752,
                77
            ]
        ],
        "mkpts1": [
            [
                623,
                351
            ],
            [
                555,
                344
            ],
            [
                795,
                293
            ],
            [
                574,
                346
            ],
            [
                796,
                308
            ],
            [
                845,
                350
            ],
            [
                828,
                258
            ]
        ],
        "mpts3D": [
            [
                0.02500000037252903,
                -0.014000000432133675,
                -0.010999999940395355
            ],
            [
                -0.05700000002980232,
                -0.017999999225139618,
                -0.009999999776482582
            ],
            [
                0.20600000023841858,
                -0.07000000029802322,
                -0.0020000000949949026
            ],
            [
                -0.03500000014901161,
                -0.017999999225139618,
                -0.009999999776482582
            ],
            [
                0.20600000023841858,
                -0.054999999701976776,
                -0.0020000000949949026
            ],
            [
                0.23000000417232513,
                -0.0,
                -0.11299999803304672
            ],
            [
                0.24300000071525574,
                -0.10400000214576721,
                0.0
            ]
        ],
        "mconf": [
            0.3688579499721527,
            0.3564525842666626,
            0.9941977858543396,
            0.3194888234138489,
            0.9633166790008545,
            0.23551872372627258,
            0.33283692598342896
        ],
        "kf_translation_vector": [
            -0.023702816593407634,
            9.148456523702039e-05,
            1.1525706486288365
        ],
        "kf_rotation_matrix": [
            [
                0.9989864357106967,
                0.02596428825595281,
                -0.036768967913173994
            ],
            [
                -0.023986556276272986,
                0.9982933955643781,
                0.05324416860604904
            ],
            [
                0.038088664771076135,
                -0.05230824130006648,
                0.9979043548898114
            ]
        ],
        "kf_euler_angles": [
            -0.0523701610430596,
            -0.038097880287345905,
            -0.024006280178179674
        ]
    },
    {
        "frame": 4,
        "object_rotation_in_cam": [
            [
                0.999633047076384,
                0.023600187650243517,
                -0.013296703939587047
            ],
            [
                -0.02275382918131406,
                0.9979050919688837,
                0.06056146200482091
            ],
            [
                0.014698110435403495,
                -0.06023668786916391,
                0.998075902416335
            ]
        ],
        "object_translation_in_cam": [
            -0.02360372182760413,
            0.0008646144603864051,
            1.1470731493470563
        ],
        "raw_rvec": [
            -0.06044326500899252,
            -0.01400764817929979,
            -0.023193965524338958
        ],
        "refined_raw_rvec": [
            -0.06044326500899252,
            -0.01400764817929979,
            -0.023193965524338958
        ],
        "num_inliers": 7,
        "total_matches": 7,
        "inlier_ratio": 1.0,
        "reprojection_errors": [
            6.69627571105957,
            3.975749969482422,
            2.020925283432007,
            1.7650079727172852,
            1.8598120212554932,
            1.2768656015396118,
            3.429494857788086
        ],
        "mean_reprojection_error": 3.0034472942352295,
        "std_reprojection_error": 1.7546647787094116,
        "inliers": [
            0,
            1,
            2,
            3,
            4,
            5,
            6
        ],
        "mkpts0": [
            [
                591,
                284
            ],
            [
                519,
                327
            ],
            [
                727,
                126
            ],
            [
                539,
                313
            ],
            [
                727,
                143
            ],
            [
                834,
                225
            ],
            [
                752,
                77
            ]
        ],
        "mkpts1": [
            [
                623,
                351
            ],
            [
                555,
                345
            ],
            [
                795,
                293
            ],
            [
                574,
                346
            ],
            [
                796,
                308
            ],
            [
                845,
                350
            ],
            [
                833,
                259
            ]
        ],
        "mpts3D": [
            [
                0.02500000037252903,
                -0.014000000432133675,
                -0.010999999940395355
            ],
            [
                -0.05700000002980232,
                -0.017999999225139618,
                -0.009999999776482582
            ],
            [
                0.20600000023841858,
                -0.07000000029802322,
                -0.0020000000949949026
            ],
            [
                -0.03500000014901161,
                -0.017999999225139618,
                -0.009999999776482582
            ],
            [
                0.20600000023841858,
                -0.054999999701976776,
                -0.0020000000949949026
            ],
            [
                0.23000000417232513,
                -0.0,
                -0.11299999803304672
            ],
            [
                0.24300000071525574,
                -0.10400000214576721,
                0.0
            ]
        ],
        "mconf": [
            0.48723629117012024,
            0.2882162928581238,
            0.9961645603179932,
            0.31470438838005066,
            0.9856862425804138,
            0.15663422644138336,
            0.33771175146102905
        ],
        "kf_translation_vector": [
            -0.023504015972079628,
            0.0006316180039307712,
            1.1474705677410033
        ],
        "kf_rotation_matrix": [
            [
                0.9996867022016158,
                0.02212028983050935,
                -0.011712822848146915
            ],
            [
                -0.021364807169073186,
                0.9979023324092815,
                0.06111039180649986
            ],
            [
                0.013040032817678295,
                -0.06084100385373232,
                0.9980622875322882
            ]
        ],
        "kf_euler_angles": [
            -0.060883784679213834,
            -0.013040402405827073,
            -0.021368249957101525
        ]
    },
    {
        "frame": 5,
        "object_rotation_in_cam": [
            [
                0.9989891525870405,
                0.02883009150420382,
                -0.0344891118657171
            ],
            [
                -0.02696395836413778,
                0.9982090310674773,
                0.05340107905899727
            ],
            [
                0.035966900933549414,
                -0.05241713574001795,
                0.9979773674377835
            ]
        ],
        "object_translation_in_cam": [
            -0.023744924219821342,
            0.0007830011955399957,
            1.151307051793519
        ],
        "raw_rvec": [
            -0.052951691372081444,
            -0.03525635971217406,
            -0.02791947789554318
        ],
        "refined_raw_rvec": [
            -0.052951691372081444,
            -0.03525635971217406,
            -0.02791947789554318
        ],
        "num_inliers": 7,
        "total_matches": 8,
        "inlier_ratio": 0.875,
        "reprojection_errors": [
            6.713261604309082,
            3.8950130939483643,
            0.6250450015068054,
            1.6184509992599487,
            1.6421058177947998,
            0.960964024066925,
            2.4015235900878906
        ],
        "mean_reprojection_error": 2.5509092807769775,
        "std_reprojection_error": 1.9671005010604858,
        "inliers": [
            0,
            2,
            3,
            4,
            5,
            6,
            7
        ],
        "mkpts0": [
            [
                591,
                284
            ],
            [
                610,
                269
            ],
            [
                519,
                327
            ],
            [
                727,
                126
            ],
            [
                539,
                313
            ],
            [
                727,
                143
            ],
            [
                834,
                225
            ],
            [
                752,
                77
            ]
        ],
        "mkpts1": [
            [
                623,
                351
            ],
            [
                635,
                344
            ],
            [
                555,
                345
            ],
            [
                795,
                293
            ],
            [
                574,
                346
            ],
            [
                796,
                308
            ],
            [
                845,
                350
            ],
            [
                828,
                258
            ]
        ],
        "mpts3D": [
            [
                0.02500000037252903,
                -0.014000000432133675,
                -0.010999999940395355
            ],
            [
                0.04899999871850014,
                -0.01600000075995922,
                -0.010999999940395355
            ],
            [
                -0.05700000002980232,
                -0.017999999225139618,
                -0.009999999776482582
            ],
            [
                0.20600000023841858,
                -0.07000000029802322,
                -0.0020000000949949026
            ],
            [
                -0.03500000014901161,
                -0.017999999225139618,
                -0.009999999776482582
            ],
            [
                0.20600000023841858,
                -0.054999999701976776,
                -0.0020000000949949026
            ],
            [
                0.23000000417232513,
                -0.0,
                -0.11299999803304672
            ],
            [
                0.24300000071525574,
                -0.10400000214576721,
                0.0
            ]
        ],
        "mconf": [
            0.4399414658546448,
            0.19973215460777283,
            0.2929627299308777,
            0.9945281744003296,
            0.26963159441947937,
            0.9794281721115112,
            0.14953705668449402,
            0.299773633480072
        ],
        "kf_translation_vector": [
            -0.023637216147707085,
            0.0007392123076390961,
            1.1504605149837495
        ],
        "kf_rotation_matrix": [
            [
                0.9992419168446868,
                0.02703093276146335,
                -0.0280164290122996
            ],
            [
                -0.02544697037997733,
                0.9981382920884935,
                0.055429248282344044
            ],
            [
                0.029462574888093746,
                -0.0546742950636808,
                0.9980694756079123
            ]
        ],
        "kf_euler_angles": [
            -0.05472535209458386,
            -0.02946683901917209,
            -0.025460772851071033
        ]
    },
    {
        "frame": 7,
        "object_rotation_in_cam": [
            [
                0.9186815482700258,
                0.018654165497309007,
                0.39455827830345575
            ],
            [
                0.00946687592478497,
                0.9975574978958611,
                -0.0692056114196943
            ],
            [
                -0.3948855418072596,
                0.06731315251381413,
                0.9162610699850993
            ]
        ],
        "object_translation_in_cam": [
            -0.022076363744106348,
            8.638040233043074e-05,
            1.1509010184777602
        ],
        "raw_rvec": [
            0.07023117165493979,
            0.4061241315452497,
            -0.004726340119266211
        ],
        "refined_raw_rvec": [
            0.07023117165493979,
            0.4061241315452497,
            -0.004726340119266211
        ],
        "num_inliers": 7,
        "total_matches": 8,
        "inlier_ratio": 0.875,
        "reprojection_errors": [
            1.9358023405075073,
            0.8641383051872253,
            0.6610526442527771,
            0.4759705662727356,
            0.6631028652191162,
            0.7566022276878357,
            0.5471969246864319
        ],
        "mean_reprojection_error": 0.8434094190597534,
        "std_reprojection_error": 0.461334228515625,
        "inliers": [
            0,
            2,
            3,
            4,
            5,
            6,
            7
        ],
        "mkpts0": [
            [
                591,
                284
            ],
            [
                610,
                269
            ],
            [
                598,
                298
            ],
            [
                519,
                327
            ],
            [
                727,
                126
            ],
            [
                539,
                313
            ],
            [
                727,
                143
            ],
            [
                752,
                77
            ]
        ],
        "mkpts1": [
            [
                623,
                351
            ],
            [
                635,
                343
            ],
            [
                624,
                363
            ],
            [
                555,
                345
            ],
            [
                795,
                293
            ],
            [
                574,
                346
            ],
            [
                796,
                308
            ],
            [
                833,
                258
            ]
        ],
        "mpts3D": [
            [
                0.02500000037252903,
                -0.014000000432133675,
                -0.010999999940395355
            ],
            [
                0.04899999871850014,
                -0.01600000075995922,
                -0.010999999940395355
            ],
            [
                0.02500000037252903,
                0.0,
                -0.014999999664723873
            ],
            [
                -0.05700000002980232,
                -0.017999999225139618,
                -0.009999999776482582
            ],
            [
                0.20600000023841858,
                -0.07000000029802322,
                -0.0020000000949949026
            ],
            [
                -0.03500000014901161,
                -0.017999999225139618,
                -0.009999999776482582
            ],
            [
                0.20600000023841858,
                -0.054999999701976776,
                -0.0020000000949949026
            ],
            [
                0.24300000071525574,
                -0.10400000214576721,
                0.0
            ]
        ],
        "mconf": [
            0.5351009368896484,
            0.1174880713224411,
            0.1143961101770401,
            0.30647629499435425,
            0.9948979020118713,
            0.3274216055870056,
            0.977522611618042,
            0.42675983905792236
        ],
        "kf_translation_vector": [
            -0.022124374039198792,
            0.00014171254240255505,
            1.15120283998091
        ],
        "kf_rotation_matrix": [
            [
                0.9258028493070501,
                0.01753572599056245,
                0.37759976500116
            ],
            [
                0.007826152079696558,
                0.997820106868447,
                -0.06552698430926245
            ],
            [
                -0.3779257011087931,
                0.0636202219661703,
                0.9236474607762436
            ]
        ],
        "kf_euler_angles": [
            0.06877071353891101,
            0.38755480857430624,
            0.008453166541985005
        ]
    },
    {
        "frame": 8,
        "object_rotation_in_cam": [
            [
                0.9996139015890269,
                0.0249210206981411,
                -0.012287818249233978
            ],
            [
                -0.024179959893622493,
                0.9980722507179041,
                0.05715865539391213
            ],
            [
                0.01368858245057509,
                -0.05683946757544457,
                0.9982894858888547
            ]
        ],
        "object_translation_in_cam": [
            -0.023586705332840366,
            0.0008365750204333293,
            1.1468594316457377
        ],
        "raw_rvec": [
            -0.05703732308981072,
            -0.012996918903863564,
            -0.024566970236797308
        ],
        "refined_raw_rvec": [
            -0.05703732308981072,
            -0.012996918903863564,
            -0.024566970236797308
        ],
        "num_inliers": 7,
        "total_matches": 8,
        "inlier_ratio": 0.875,
        "reprojection_errors": [
            6.6965155601501465,
            4.033470153808594,
            2.0952067375183105,
            1.7946186065673828,
            2.1031289100646973,
            1.2924548387527466,
            3.718707799911499
        ],
        "mean_reprojection_error": 3.104871988296509,
        "std_reprojection_error": 1.738781452178955,
        "inliers": [
            0,
            2,
            3,
            4,
            5,
            6,
            7
        ],
        "mkpts0": [
            [
                591,
                284
            ],
            [
                610,
                269
            ],
            [
                519,
                327
            ],
            [
                727,
                126
            ],
            [
                539,
                313
            ],
            [
                727,
                143
            ],
            [
                834,
                225
            ],
            [
                752,
                77
            ]
        ],
        "mkpts1": [
            [
                623,
                351
            ],
            [
                635,
                343
            ],
            [
                555,
                345
            ],
            [
                795,
                293
            ],
            [
                574,
                346
            ],
            [
                796,
                308
            ],
            [
                845,
                350
            ],
            [
                833,
                258
            ]
        ],
        "mpts3D": [
            [
                0.02500000037252903,
                -0.014000000432133675,
                -0.010999999940395355
            ],
            [
                0.04899999871850014,
                -0.01600000075995922,
                -0.010999999940395355
            ],
            [
                -0.05700000002980232,
                -0.017999999225139618,
                -0.009999999776482582
            ],
            [
                0.20600000023841858,
                -0.07000000029802322,
                -0.0020000000949949026
            ],
            [
                -0.03500000014901161,
                -0.017999999225139618,
                -0.009999999776482582
            ],
            [
                0.20600000023841858,
                -0.054999999701976776,
                -0.0020000000949949026
            ],
            [
                0.23000000417232513,
                -0.0,
                -0.11299999803304672
            ],
            [
                0.24300000071525574,
                -0.10400000214576721,
                0.0
            ]
        ],
        "mconf": [
            0.5156925320625305,
            0.14025507867336273,
            0.28673505783081055,
            0.9958914518356323,
            0.37620288133621216,
            0.9888916611671448,
            0.10825085639953613,
            0.3242591917514801
        ],
        "kf_translation_vector": [
            -0.023085041554379928,
            0.0006717900622887356,
            1.1474702929990979
        ],
        "kf_rotation_matrix": [
            [
                0.9920252176728868,
                0.011433553595109572,
                0.1255198842942802
            ],
            [
                -0.01313605899090917,
                0.9998324993321107,
                0.012744302000981065
            ],
            [
                -0.12535314696986705,
                -0.014291505571234004,
                0.9920092446208646
            ]
        ],
        "kf_euler_angles": [
            -0.014405628812197169,
            0.12568377784576937,
            -0.01324088447770315
        ]
    },
    {
        "frame": 9,
        "object_rotation_in_cam": [
            [
                0.9995872146367439,
                0.02648295638019323,
                -0.011137924228542803
            ],
            [
                -0.025806573007852784,
                0.9980393114587647,
                0.05702239535923834
            ],
            [
                0.012626207837127593,
                -0.05671142569429642,
                0.9983107697863296
            ]
        ],
        "object_translation_in_cam": [
            -0.02353507707005954,
            0.0011858283459167407,
            1.1467069753481145
        ],
        "raw_rvec": [
            -0.05690544741330995,
            -0.011890118128972603,
            -0.026162482164892493
        ],
        "refined_raw_rvec": [
            -0.05690544741330995,
            -0.011890118128972603,
            -0.026162482164892493
        ],
        "num_inliers": 7,
        "total_matches": 8,
        "inlier_ratio": 0.875,
        "reprojection_errors": [
            6.6068220138549805,
            3.832686185836792,
            2.0915935039520264,
            1.8536771535873413,
            2.1169135570526123,
            1.2917873859405518,
            3.7007243633270264
        ],
        "mean_reprojection_error": 3.0706005096435547,
        "std_reprojection_error": 1.6901288032531738,
        "inliers": [
            0,
            2,
            3,
            4,
            5,
            6,
            7
        ],
        "mkpts0": [
            [
                591,
                284
            ],
            [
                610,
                269
            ],
            [
                519,
                327
            ],
            [
                727,
                126
            ],
            [
                539,
                313
            ],
            [
                727,
                143
            ],
            [
                834,
                225
            ],
            [
                752,
                77
            ]
        ],
        "mkpts1": [
            [
                623,
                351
            ],
            [
                635,
                343
            ],
            [
                555,
                346
            ],
            [
                795,
                293
            ],
            [
                574,
                346
            ],
            [
                796,
                308
            ],
            [
                845,
                350
            ],
            [
                833,
                258
            ]
        ],
        "mpts3D": [
            [
                0.02500000037252903,
                -0.014000000432133675,
                -0.010999999940395355
            ],
            [
                0.04899999871850014,
                -0.01600000075995922,
                -0.010999999940395355
            ],
            [
                -0.05700000002980232,
                -0.017999999225139618,
                -0.009999999776482582
            ],
            [
                0.20600000023841858,
                -0.07000000029802322,
                -0.0020000000949949026
            ],
            [
                -0.03500000014901161,
                -0.017999999225139618,
                -0.009999999776482582
            ],
            [
                0.20600000023841858,
                -0.054999999701976776,
                -0.0020000000949949026
            ],
            [
                0.23000000417232513,
                -0.0,
                -0.11299999803304672
            ],
            [
                0.24300000071525574,
                -0.10400000214576721,
                0.0
            ]
        ],
        "mconf": [
            0.4253443777561188,
            0.12550479173660278,
            0.3588862717151642,
            0.9873077869415283,
            0.3930577039718628,
            0.9775332808494568,
            0.1403292566537857,
            0.3157126307487488
        ],
        "kf_translation_vector": [
            -0.023522604710631386,
            0.0012411980092442234,
            1.1458954116262206
        ],
        "kf_rotation_matrix": [
            [
                0.9996727274364304,
                0.025542676392082922,
                -0.0014176397771185473
            ],
            [
                -0.025427164185992477,
                0.9981833744303047,
                0.05462060355203652
            ],
            [
                0.00281022085732074,
                -0.054566681167718935,
                0.9985061742248136
            ]
        ],
        "kf_euler_angles": [
            -0.05459401222534356,
            -0.0028102245562127426,
            -0.025430005369365096
        ]
    },
    {
        "frame": 10,
        "object_rotation_in_cam": [
            [
                0.9995872146367439,
                0.02648295638019323,
                -0.011137924228542803
            ],
            [
                -0.025806573007852784,
                0.9980393114587647,
                0.05702239535923834
            ],
            [
                0.012626207837127593,
                -0.05671142569429642,
                0.9983107697863296
            ]
        ],
        "object_translation_in_cam": [
            -0.02353507707005954,
            0.0011858283459167407,
            1.1467069753481145
        ],
        "raw_rvec": [
            -0.05690544741330995,
            -0.011890118128972603,
            -0.026162482164892493
        ],
        "refined_raw_rvec": [
            -0.05690544741330995,
            -0.011890118128972603,
            -0.026162482164892493
        ],
        "num_inliers": 7,
        "total_matches": 8,
        "inlier_ratio": 0.875,
        "reprojection_errors": [
            6.6068220138549805,
            3.832686185836792,
            2.0915935039520264,
            1.8536771535873413,
            2.1169135570526123,
            1.2917873859405518,
            3.7007243633270264
        ],
        "mean_reprojection_error": 3.0706005096435547,
        "std_reprojection_error": 1.6901288032531738,
        "inliers": [
            0,
            2,
            3,
            4,
            5,
            6,
            7
        ],
        "mkpts0": [
            [
                591,
                284
            ],
            [
                610,
                269
            ],
            [
                519,
                327
            ],
            [
                727,
                126
            ],
            [
                539,
                313
            ],
            [
                727,
                143
            ],
            [
                834,
                225
            ],
            [
                752,
                77
            ]
        ],
        "mkpts1": [
            [
                623,
                351
            ],
            [
                635,
                343
            ],
            [
                555,
                346
            ],
            [
                795,
                293
            ],
            [
                574,
                346
            ],
            [
                796,
                308
            ],
            [
                845,
                350
            ],
            [
                833,
                258
            ]
        ],
        "mpts3D": [
            [
                0.02500000037252903,
                -0.014000000432133675,
                -0.010999999940395355
            ],
            [
                0.04899999871850014,
                -0.01600000075995922,
                -0.010999999940395355
            ],
            [
                -0.05700000002980232,
                -0.017999999225139618,
                -0.009999999776482582
            ],
            [
                0.20600000023841858,
                -0.07000000029802322,
                -0.0020000000949949026
            ],
            [
                -0.03500000014901161,
                -0.017999999225139618,
                -0.009999999776482582
            ],
            [
                0.20600000023841858,
                -0.054999999701976776,
                -0.0020000000949949026
            ],
            [
                0.23000000417232513,
                -0.0,
                -0.11299999803304672
            ],
            [
                0.24300000071525574,
                -0.10400000214576721,
                0.0
            ]
        ],
        "mconf": [
            0.41854172945022583,
            0.14462068676948547,
            0.4538038671016693,
            0.9910206198692322,
            0.39832115173339844,
            0.9884989261627197,
            0.15883620083332062,
            0.4045660197734833
        ],
        "kf_translation_vector": [
            -0.023708654497295558,
            0.0014443866059682718,
            1.1455152011686283
        ],
        "kf_rotation_matrix": [
            [
                0.9980184298099646,
                0.034082657757700786,
                -0.05289221303579816
            ],
            [
                -0.03022632235837449,
                0.9969414046395056,
                0.07207083426808078
            ],
            [
                0.055186802737071564,
                -0.07032928376985631,
                0.9959960886710743
            ]
        ],
        "kf_euler_angles": [
            -0.07049499936888115,
            -0.05521485386503496,
            -0.030277081783064944
        ]
    },
    {
        "frame": 11,
        "object_rotation_in_cam": [
            [
                0.9995872146367439,
                0.02648295638019323,
                -0.011137924228542803
            ],
            [
                -0.025806573007852784,
                0.9980393114587647,
                0.05702239535923834
            ],
            [
                0.012626207837127593,
                -0.05671142569429642,
                0.9983107697863296
            ]
        ],
        "object_translation_in_cam": [
            -0.02353507707005954,
            0.0011858283459167407,
            1.1467069753481145
        ],
        "raw_rvec": [
            -0.05690544741330995,
            -0.011890118128972603,
            -0.026162482164892493
        ],
        "refined_raw_rvec": [
            -0.05690544741330995,
            -0.011890118128972603,
            -0.026162482164892493
        ],
        "num_inliers": 7,
        "total_matches": 8,
        "inlier_ratio": 0.875,
        "reprojection_errors": [
            6.6068220138549805,
            3.832686185836792,
            2.0915935039520264,
            1.8536771535873413,
            2.1169135570526123,
            1.2917873859405518,
            3.7007243633270264
        ],
        "mean_reprojection_error": 3.0706005096435547,
        "std_reprojection_error": 1.6901288032531738,
        "inliers": [
            0,
            2,
            3,
            4,
            5,
            6,
            7
        ],
        "mkpts0": [
            [
                591,
                284
            ],
            [
