[
    {
        "frame": 1,
        "object_rotation_in_cam": [
            [
                0.999579645897947,
                -0.015367996552700994,
                -0.024583656938928947
            ],
            [
                0.014657302802061793,
                0.9994767814130804,
                -0.028832739910007513
            ],
            [
                0.025013895760225963,
                0.028460289845777028,
                0.9992819006270407
            ]
        ],
        "object_translation_in_cam": [
            -0.02896579663641952,
            0.009243254009779158,
            1.1879581077298589
        ],
        "raw_rvec": [
            0.02865445103432016,
            -0.024805646538470217,
            0.01501680874303893
        ],
        "refined_raw_rvec": [
            0.02865445103432016,
            -0.024805646538470217,
            0.01501680874303893
        ],
        "num_inliers": 10,
        "total_matches": 11,
        "inlier_ratio": 0.9090909090909091,
        "reprojection_errors": [
            1.9689429998397827,
            2.8690505027770996,
            0.6325649619102478,
            2.389500856399536,
            2.5089235305786133,
            4.076604843139648,
            1.4103673696517944,
            1.3630598783493042,
            0.10582658648490906,
            0.6604022979736328
        ],
        "mean_reprojection_error": 1.7985244989395142,
        "std_reprojection_error": 1.143632173538208,
        "inliers": [
            0,
            1,
            2,
            3,
            4,
            5,
            6,
            8,
            9,
            10
        ],
        "mkpts0": [
            [
                591,
                284
            ],
            [
                610,
                269
            ],
            [
                598,
                298
            ],
            [
                519,
                327
            ],
            [
                727,
                126
            ],
            [
                745,
                202
            ],
            [
                539,
                313
            ],
            [
                516,
                389
            ],
            [
                727,
                143
            ],
            [
                834,
                225
            ],
            [
                752,
                77
            ]
        ],
        "mkpts1": [
            [
                623,
                359
            ],
            [
                644,
                357
            ],
            [
                625,
                372
            ],
            [
                552,
                353
            ],
            [
                787,
                309
            ],
            [
                806,
                376
            ],
            [
                571,
                353
            ],
            [
                539,
                393
            ],
            [
                789,
                322
            ],
            [
                831,
                378
            ],
            [
                823,
                280
            ]
        ],
        "mpts3D": [
            [
                0.02500000037252903,
                -0.014000000432133675,
                -0.010999999940395355
            ],
            [
                0.04899999871850014,
                -0.01600000075995922,
                -0.010999999940395355
            ],
            [
                0.02500000037252903,
                0.0,
                -0.014999999664723873
            ],
            [
                -0.05700000002980232,
                -0.017999999225139618,
                -0.009999999776482582
            ],
            [
                0.20600000023841858,
                -0.07000000029802322,
                -0.0020000000949949026
            ],
            [
                0.21699999272823334,
                -0.0,
                -0.027000000700354576
            ],
            [
                -0.03500000014901161,
                -0.017999999225139618,
                -0.009999999776482582
            ],
            [
                -0.09000000357627869,
                -0.0,
                -0.041999999433755875
            ],
            [
                0.20600000023841858,
                -0.054999999701976776,
                -0.0020000000949949026
            ],
            [
                0.23000000417232513,
                -0.0,
                -0.11299999803304672
            ],
            [
                0.24300000071525574,
                -0.10400000214576721,
                0.0
            ]
        ],
        "mconf": [
            0.4314213991165161,
            0.25883418321609497,
            0.49840793013572693,
            0.30419617891311646,
            0.9778730869293213,
            0.13220182061195374,
            0.18929056823253632,
            0.173012837767601,
            0.9476466774940491,
            0.14558520913124084,
            0.24376295506954193
        ],
        "kf_translation_vector": [
            -0.029251831494580344,
            0.009334530382489289,
            1.1996890962854534
        ],
        "kf_rotation_matrix": [
            [
                0.999571304033228,
                -0.015526720480760918,
                -0.024821948038468194
            ],
            [
                0.014801939987478429,
                0.9994662932933764,
                -0.02912097427981231
            ],
            [
                0.025260853626098676,
                0.028741077250352364,
                0.9992676517092755
            ]
        ],
        "kf_euler_angles": [
            0.028754213826053646,
            -0.025263540934771216,
            0.014807205969507835
        ]
    },
    {
        "frame": 2,
        "object_rotation_in_cam": [
            [
                0.9994405882492862,
                -0.014654458848493403,
                -0.030062558037843468
            ],
            [
                0.01357214675035498,
                0.99926338453447,
                -0.035895475499051005
            ],
            [
                0.03056644226120734,
                0.0354673816988787,
                0.998903277321142
            ]
        ],
        "object_translation_in_cam": [
            -0.02911187251388163,
            0.008906041460271378,
            1.1929472765084865
        ],
        "raw_rvec": [
            0.03569566486772012,
            -0.030326595107273896,
            0.01411893376151193
        ],
        "refined_raw_rvec": [
            0.03569566486772012,
            -0.030326595107273896,
            0.01411893376151193
        ],
        "num_inliers": 9,
        "total_matches": 9,
        "inlier_ratio": 1.0,
        "reprojection_errors": [
            1.9837409257888794,
            2.7137362957000732,
            0.9095835089683533,
            2.1461241245269775,
            1.5279446840286255,
            1.1931785345077515,
            1.338193416595459,
            0.649816632270813,
            1.3720051050186157
        ],
        "mean_reprojection_error": 1.537147045135498,
        "std_reprojection_error": 0.6074633598327637,
        "inliers": [
            0,
            1,
            2,
            3,
            4,
            5,
            6,
            7,
            8
        ],
        "mkpts0": [
            [
                591,
                284
            ],
            [
                610,
                269
            ],
            [
                598,
                298
            ],
            [
                519,
                327
            ],
            [
                727,
                126
            ],
            [
                539,
                313
            ],
            [
                727,
                143
            ],
            [
                834,
                225
            ],
            [
                752,
                77
            ]
        ],
        "mkpts1": [
            [
                623,
                359
            ],
            [
                644,
                357
            ],
            [
                625,
                372
            ],
            [
                552,
                353
            ],
            [
                787,
                309
            ],
            [
                571,
                353
            ],
            [
                789,
                322
            ],
            [
                831,
                378
            ],
            [
                823,
                280
            ]
        ],
        "mpts3D": [
            [
                0.02500000037252903,
                -0.014000000432133675,
                -0.010999999940395355
            ],
            [
                0.04899999871850014,
                -0.01600000075995922,
                -0.010999999940395355
            ],
            [
                0.02500000037252903,
                0.0,
                -0.014999999664723873
            ],
            [
                -0.05700000002980232,
                -0.017999999225139618,
                -0.009999999776482582
            ],
            [
                0.20600000023841858,
                -0.07000000029802322,
                -0.0020000000949949026
            ],
            [
                -0.03500000014901161,
                -0.017999999225139618,
                -0.009999999776482582
            ],
            [
                0.20600000023841858,
                -0.054999999701976776,
                -0.0020000000949949026
            ],
            [
                0.23000000417232513,
                -0.0,
                -0.11299999803304672
            ],
            [
                0.24300000071525574,
                -0.10400000214576721,
                0.0
            ]
        ],
        "mconf": [
            0.27108216285705566,
            0.2090139240026474,
            0.21414290368556976,
            0.353018581867218,
            0.9686773419380188,
            0.19174636900424957,
            0.9370860457420349,
            0.14396081864833832,
            0.13185952603816986
        ],
        "kf_translation_vector": [
            -0.02918446863748926,
            0.008733702784763644,
            1.1954143676507234
        ],
        "kf_rotation_matrix": [
            [
                0.9993575152325131,
                -0.014319824104530468,
                -0.032855735966683786
            ],
            [
                0.013018468749893923,
                0.9991353187892312,
                -0.03948587366830476
            ],
            [
                0.03339275699467125,
                0.039032773224004925,
                0.9986798117488599
            ]
        ],
        "kf_euler_angles": [
            0.03906448856608947,
            -0.03339896602230787,
            0.013026101491710759
        ]
    },
    {
        "frame": 3,
        "object_rotation_in_cam": [
            [
                0.9068905939067932,
                0.2327713434639337,
                0.35123631979819436
            ],
            [
                0.024472448612830364,
                0.8030618631006837,
                -0.5953929318459794
            ],
            [
                -0.4206549060004845,
                0.5485518623569281,
                0.7225927652298143
            ]
        ],
        "object_translation_in_cam": [
            -0.020805820818990465,
            0.00024753592799947003,
            1.1373959609731488
        ],
        "raw_rvec": [
            0.6330610353652173,
            0.427165944606557,
            -0.1152729700839744
        ],
        "refined_raw_rvec": [
            0.6330610353652173,
            0.427165944606557,
            -0.1152729700839744
        ],
        "num_inliers": 7,
        "total_matches": 8,
        "inlier_ratio": 0.875,
        "reprojection_errors": [
            0.5766086578369141,
            0.4336603581905365,
            0.41055354475975037,
            0.4367386996746063,
            0.13775083422660828,
            0.504552960395813,
            0.3231395184993744
        ],
        "mean_reprojection_error": 0.4032863676548004,
        "std_reprojection_error": 0.13056068122386932,
        "inliers": [
            0,
            1,
            2,
            3,
            4,
            5,
            7
        ],
        "mkpts0": [
            [
                591,
                284
            ],
            [
                610,
                269
            ],
            [
                598,
                298
            ],
            [
                519,
                327
            ],
            [
                727,
                126
            ],
            [
                539,
                313
            ],
            [
                516,
                389
            ],
            [
                727,
                143
            ]
        ],
        "mkpts1": [
            [
                623,
                359
            ],
            [
                644,
                357
            ],
            [
                625,
                372
            ],
            [
                552,
                353
            ],
            [
                787,
                309
            ],
            [
                571,
                353
            ],
            [
                539,
                393
            ],
            [
                789,
                322
            ]
        ],
        "mpts3D": [
            [
                0.02500000037252903,
                -0.014000000432133675,
                -0.010999999940395355
            ],
            [
                0.04899999871850014,
                -0.01600000075995922,
                -0.010999999940395355
            ],
            [
                0.02500000037252903,
                0.0,
                -0.014999999664723873
            ],
            [
                -0.05700000002980232,
                -0.017999999225139618,
                -0.009999999776482582
            ],
            [
                0.20600000023841858,
                -0.07000000029802322,
                -0.0020000000949949026
            ],
            [
                -0.03500000014901161,
                -0.017999999225139618,
                -0.009999999776482582
            ],
            [
                -0.09000000357627869,
                -0.0,
                -0.041999999433755875
            ],
            [
                0.20600000023841858,
                -0.054999999701976776,
                -0.0020000000949949026
            ]
        ],
        "mconf": [
            0.30906012654304504,
            0.18377994000911713,
            0.3093417286872864,
            0.24980303645133972,
            0.9650043845176697,
            0.1523326188325882,
            0.11774078756570816,
            0.9338515996932983
        ],
        "kf_translation_vector": [
            -0.01541987589775451,
            -0.0052972401327537775,
            1.1006455672296067
        ],
        "kf_rotation_matrix": [
            [
                0.7414478935587627,
                0.5614361827566664,
                0.3674839232250805
            ],
            [
                0.026532359644789054,
                0.5226991890345798,
                -0.8521042140925442
            ],
            [
                -0.6704856859239824,
                0.6415410902461477,
                0.3726579859560654
            ]
        ],
        "kf_euler_angles": [
            1.0445547684109056,
            0.7348632256193777,
            0.035769260913581506
        ]
    },
    {
        "frame": 4,
        "object_rotation_in_cam": [
            [
                0.9994405882492862,
                -0.014654458848493403,
                -0.030062558037843468
            ],
            [
                0.01357214675035498,
                0.99926338453447,
                -0.035895475499051005
            ],
            [
                0.03056644226120734,
                0.0354673816988787,
                0.998903277321142
            ]
        ],
        "object_translation_in_cam": [
            -0.02911187251388163,
            0.008906041460271378,
            1.1929472765084865
        ],
        "raw_rvec": [
            0.03569566486772012,
            -0.030326595107273896,
            0.01411893376151193
        ],
        "refined_raw_rvec": [
            0.03569566486772012,
            -0.030326595107273896,
            0.01411893376151193
        ],
        "num_inliers": 9,
        "total_matches": 10,
        "inlier_ratio": 0.9,
        "reprojection_errors": [
            1.9837409257888794,
            2.7137362957000732,
            0.9095835089683533,
            2.1461241245269775,
            1.5279446840286255,
            1.1931785345077515,
            1.338193416595459,
            0.649816632270813,
            1.3720051050186157
        ],
        "mean_reprojection_error": 1.537147045135498,
        "std_reprojection_error": 0.6074633598327637,
        "inliers": [
            0,
            1,
            2,
            3,
            4,
            5,
            7,
            8,
            9
        ],
        "mkpts0": [
            [
                591,
                284
            ],
            [
                610,
                269
            ],
            [
                598,
                298
            ],
            [
                519,
                327
            ],
            [
                727,
                126
            ],
            [
                539,
                313
            ],
            [
                516,
                389
            ],
            [
                727,
                143
            ],
            [
                834,
                225
            ],
            [
                752,
                77
            ]
        ],
        "mkpts1": [
            [
                623,
                359
            ],
            [
                644,
                357
            ],
            [
                625,
                372
            ],
            [
                552,
                353
            ],
            [
                787,
                309
            ],
            [
                571,
                353
            ],
            [
                539,
                393
            ],
            [
                789,
                322
            ],
            [
                831,
                378
            ],
            [
                823,
                280
            ]
        ],
        "mpts3D": [
            [
                0.02500000037252903,
                -0.014000000432133675,
                -0.010999999940395355
            ],
            [
                0.04899999871850014,
                -0.01600000075995922,
                -0.010999999940395355
            ],
            [
                0.02500000037252903,
                0.0,
                -0.014999999664723873
            ],
            [
                -0.05700000002980232,
                -0.017999999225139618,
                -0.009999999776482582
            ],
            [
                0.20600000023841858,
                -0.07000000029802322,
                -0.0020000000949949026
            ],
            [
                -0.03500000014901161,
                -0.017999999225139618,
                -0.009999999776482582
            ],
            [
                -0.09000000357627869,
                -0.0,
                -0.041999999433755875
            ],
            [
                0.20600000023841858,
                -0.054999999701976776,
                -0.0020000000949949026
            ],
            [
                0.23000000417232513,
                -0.0,
                -0.11299999803304672
            ],
            [
                0.24300000071525574,
                -0.10400000214576721,
                0.0
            ]
        ],
        "mconf": [
            0.4397977888584137,
            0.2590510845184326,
            0.49478021264076233,
            0.3072895407676697,
            0.9721196889877319,
            0.17656467854976654,
            0.11839161813259125,
            0.9514099955558777,
            0.1419868767261505,
            0.28841426968574524
        ],
        "kf_translation_vector": [
            0.0005911742984067644,
            -0.021545131025205836,
            0.9894299092700265
        ],
        "kf_rotation_matrix": [
            [
                -0.05649440502141619,
                0.8364177550607483,
                -0.545173111241204
            ],
            [
                -0.0035244618739408607,
                -0.5462088634642835,
                -0.8376416033373432
            ],
            [
                -0.9983966948912518,
                -0.045400622156460964,
                0.033805667247237464
            ]
        ],
        "kf_euler_angles": [
            2.2108376259048694,
            1.627430834353973,
            0.06230528666428108
        ]
    },
    {
        "frame": 5,
        "object_rotation_in_cam": [
            [
                0.9442741377418495,
                0.17684656035556984,
                0.27761780721396506
            ],
            [
                0.018424525256086163,
                0.8136931923549147,
                -0.5810025177091366
            ],
            [
                -0.32864401662128934,
                0.5537406277361917,
                0.7650911236796268
            ]
        ],
        "object_translation_in_cam": [
            -0.02323010293592466,
            0.00033829750866919226,
            1.1778158786011732
        ],
        "raw_rvec": [
            0.6172661022673221,
            0.3297881766938556,
            -0.08617681676388379
        ],
        "refined_raw_rvec": [
            0.6172661022673221,
            0.3297881766938556,
            -0.08617681676388379
        ],
        "num_inliers": 8,
        "total_matches": 9,
        "inlier_ratio": 0.8888888888888888,
        "reprojection_errors": [
            0.8270871043205261,
            0.245679572224617,
            1.0562149286270142,
            0.39330583810806274,
            1.0531610250473022,
            0.7450400590896606,
            0.5531788468360901,
            0.9615105986595154
        ],
        "mean_reprojection_error": 0.7293972373008728,
        "std_reprojection_error": 0.2857644259929657,
        "inliers": [
            0,
            1,
            2,
            3,
            4,
            5,
            7,
            8
        ],
        "mkpts0": [
            [
                591,
                284
            ],
            [
                610,
                269
            ],
            [
                598,
                298
            ],
            [
                519,
                327
            ],
            [
                727,
                126
            ],
            [
                539,
                313
            ],
            [
                516,
                389
            ],
            [
                727,
                143
            ],
            [
                752,
                77
            ]
        ],
        "mkpts1": [
            [
                623,
                359
            ],
            [
                644,
                357
            ],
            [
                625,
                372
            ],
            [
                552,
                353
            ],
            [
                787,
                309
            ],
            [
                571,
                353
            ],
            [
                539,
                393
            ],
            [
                789,
                322
            ],
            [
                823,
                280
            ]
        ],
        "mpts3D": [
            [
                0.02500000037252903,
                -0.014000000432133675,
                -0.010999999940395355
            ],
            [
                0.04899999871850014,
                -0.01600000075995922,
                -0.010999999940395355
            ],
            [
                0.02500000037252903,
                0.0,
                -0.014999999664723873
            ],
            [
                -0.05700000002980232,
                -0.017999999225139618,
                -0.009999999776482582
            ],
            [
                0.20600000023841858,
                -0.07000000029802322,
                -0.0020000000949949026
            ],
            [
                -0.03500000014901161,
                -0.017999999225139618,
                -0.009999999776482582
            ],
            [
                -0.09000000357627869,
                -0.0,
                -0.041999999433755875
            ],
            [
                0.20600000023841858,
                -0.054999999701976776,
                -0.0020000000949949026
            ],
            [
                0.24300000071525574,
                -0.10400000214576721,
                0.0
            ]
        ],
        "mconf": [
            0.3903769552707672,
            0.205539271235466,
            0.3945077061653137,
            0.3417148292064667,
            0.9732223749160767,
            0.19522225856781006,
            0.10390830039978027,
            0.9601922631263733,
            0.12920933961868286
        ],
        "kf_translation_vector": [
            0.022564460695126812,
            -0.043664393086521563,
            0.8352347450612231
        ],
        "kf_rotation_matrix": [
            [
                -0.9534500168036281,
                -0.09746878554930906,
                -0.2853645060281747
            ],
            [
                -0.09472184350846546,
                -0.8016202778252212,
                0.5902818839688144
            ],
            [
                -0.28628803296596095,
                0.5898345242718147,
                0.7550724443108243
            ]
        ],
        "kf_euler_angles": [
            3.8047415103532964,
            2.851242194341215,
            0.09902149939389637
        ]
    },
    {
        "frame": 6,
        "object_rotation_in_cam": [
            [
                0.9994405882492862,
                -0.014654458848493403,
                -0.030062558037843468
            ],
            [
                0.01357214675035498,
                0.99926338453447,
                -0.035895475499051005
            ],
            [
                0.03056644226120734,
                0.0354673816988787,
                0.998903277321142
            ]
        ],
        "object_translation_in_cam": [
            -0.02911187251388163,
            0.008906041460271378,
            1.1929472765084865
        ],
        "raw_rvec": [
            0.03569566486772012,
            -0.030326595107273896,
            0.01411893376151193
        ],
        "refined_raw_rvec": [
            0.03569566486772012,
            -0.030326595107273896,
            0.01411893376151193
        ],
        "num_inliers": 9,
        "total_matches": 10,
        "inlier_ratio": 0.9,
        "reprojection_errors": [
            1.9837409257888794,
            2.7137362957000732,
            0.9095835089683533,
            2.1461241245269775,
            1.5279446840286255,
            1.1931785345077515,
            1.338193416595459,
            0.649816632270813,
            1.3720051050186157
        ],
        "mean_reprojection_error": 1.537147045135498,
        "std_reprojection_error": 0.6074633598327637,
        "inliers": [
            0,
            1,
            2,
            3,
            4,
            5,
            7,
            8,
            9
        ],
        "mkpts0": [
            [
                591,
                284
            ],
            [
                610,
                269
            ],
            [
                598,
                298
            ],
            [
                519,
                327
            ],
            [
                727,
                126
            ],
            [
                539,
                313
            ],
            [
                516,
                389
            ],
            [
                727,
                143
            ],
            [
                834,
                225
            ],
            [
                752,
                77
            ]
        ],
        "mkpts1": [
            [
                623,
                359
            ],
            [
                644,
                357
            ],
            [
                625,
                372
            ],
            [
                552,
                353
            ],
            [
                787,
                309
            ],
            [
                571,
                353
            ],
            [
                539,
                393
            ],
            [
                789,
                322
            ],
            [
                831,
                378
            ],
            [
                823,
                280
            ]
        ],
        "mpts3D": [
            [
                0.02500000037252903,
                -0.014000000432133675,
                -0.010999999940395355
            ],
            [
                0.04899999871850014,
                -0.01600000075995922,
                -0.010999999940395355
            ],
            [
                0.02500000037252903,
                0.0,
                -0.014999999664723873
            ],
            [
                -0.05700000002980232,
                -0.017999999225139618,
                -0.009999999776482582
            ],
            [
                0.20600000023841858,
                -0.07000000029802322,
                -0.0020000000949949026
            ],
            [
                -0.03500000014901161,
                -0.017999999225139618,
                -0.009999999776482582
            ],
            [
                -0.09000000357627869,
                -0.0,
                -0.041999999433755875
            ],
            [
                0.20600000023841858,
                -0.054999999701976776,
                -0.0020000000949949026
            ],
            [
                0.23000000417232513,
                -0.0,
                -0.11299999803304672
            ],
            [
                0.24300000071525574,
                -0.10400000214576721,
                0.0
            ]
        ],
        "mconf": [
            0.3583754003047943,
            0.24062740802764893,
            0.44855302572250366,
            0.16923944652080536,
            0.9780112504959106,
            0.11663723737001419,
            0.17895710468292236,
            0.9624153971672058,
            0.14532551169395447,
            0.17785242199897766
        ],
        "kf_translation_vector": [
            0.050499983292405626,
            -0.07165502631670098,
            0.6380600746031964
        ],
        "kf_rotation_matrix": [
            [
                -0.2981319649679026,
                0.28572276532357604,
                -0.9107578343556677
            ],
            [
                -0.043814196729690065,
                0.9490460139760626,
                0.3120768807859356
            ],
            [
                0.9535185617644312,
                0.13294421661733058,
                -0.2704222395416009
            ]
        ],
        "kf_euler_angles": [
            5.826266421756187,
            4.406297305581105,
            0.1459178991024274
        ]
    },
    {
        "frame": 7,
        "object_rotation_in_cam": [
            [
                0.9312895235008045,
                0.19949933364742517,
                0.3047947494493268
            ],
            [
                0.02133769186031606,
                0.8053936001908768,
                -0.5923561864939475
            ],
            [
                -0.36365440506574204,
                0.558158727107094,
                0.7457977668446519
            ]
        ],
        "object_translation_in_cam": [
            -0.022475884032239865,
            -0.0004595147812227246,
            1.1641313035190917
        ],
        "raw_rvec": [
            0.6306546492198586,
            0.36641034555784496,
            -0.09765928835638317
        ],
        "refined_raw_rvec": [
            0.6306546492198586,
            0.36641034555784496,
            -0.09765928835638317
        ],
        "num_inliers": 8,
        "total_matches": 9,
        "inlier_ratio": 0.8888888888888888,
        "reprojection_errors": [
            1.2941778898239136,
            0.3899165093898773,
            1.4490747451782227,
            0.3629930317401886,
            0.2859555780887604,
            0.35052409768104553,
            0.11867435276508331,
            3.160970687866211
        ],
        "mean_reprojection_error": 0.9265358448028564,
        "std_reprojection_error": 0.9618484973907471,
        "inliers": [
            0,
            1,
            2,
            3,
            4,
            5,
            6,
            7
        ],
        "mkpts0": [
            [
                591,
                284
            ],
            [
                610,
                269
            ],
            [
                598,
                298
            ],
            [
                519,
                327
            ],
            [
                727,
                126
            ],
            [
                539,
                313
            ],
            [
                727,
                143
            ],
            [
                575,
                312
            ],
            [
                834,
                225
            ]
        ],
        "mkpts1": [
            [
                623,
                359
            ],
            [
                644,
                357
            ],
            [
                625,
                372
            ],
            [
                552,
                353
            ],
            [
                787,
                309
            ],
            [
                571,
                353
            ],
            [
                789,
                322
            ],
            [
                602,
                367
            ],
            [
                831,
                378
            ]
        ],
        "mpts3D": [
            [
                0.02500000037252903,
                -0.014000000432133675,
                -0.010999999940395355
            ],
            [
                0.04899999871850014,
                -0.01600000075995922,
                -0.010999999940395355
            ],
            [
                0.02500000037252903,
                0.0,
                -0.014999999664723873
            ],
            [
                -0.05700000002980232,
                -0.017999999225139618,
                -0.009999999776482582
            ],
            [
                0.20600000023841858,
                -0.07000000029802322,
                -0.0020000000949949026
            ],
            [
                -0.03500000014901161,
                -0.017999999225139618,
                -0.009999999776482582
            ],
            [
                0.20600000023841858,
                -0.054999999701976776,
                -0.0020000000949949026
            ],
            [
                0.0,
                -0.0,
                -0.014999999664723873
            ],
            [
                0.23000000417232513,
                -0.0,
                -0.11299999803304672
            ]
        ],
        "mconf": [
            0.3009641766548157,
            0.16211310029029846,
            0.31788450479507446,
            0.1913418024778366,
            0.9676342606544495,
            0.12089982628822327,
            0.9413083791732788,
            0.2000570297241211,
            0.13447125256061554
        ],
        "kf_translation_vector": [
            0.08439774209024323,
            -0.10551703071574407,
            0.3979058978959463
        ],
        "kf_rotation_matrix": [
            [
                0.9794238995461314,
                0.09088011706980263,
                0.1801933109724901
            ],
            [
                0.2015943037627717,
                -0.3989359331921576,
                -0.8945444974390631
            ],
            [
                -0.009410721983614811,
                0.9124642050675091,
                -0.409048301282704
            ]
        ],
        "kf_euler_angles": [
            8.275412360113542,
            6.292596168073642,
            0.2029944857898741
        ]
    },
    {
        "frame": 8,
        "object_rotation_in_cam": [
            [
                0.9937934549527446,
                -0.006740738085974373,
                0.11103662163062919
            ],
            [
                0.020718179780057914,
                0.9919133822988564,
                -0.12521421262398244
            ],
            [
                -0.109294674708736,
                0.1267375416618887,
                0.9858966830321586
            ]
        ],
        "object_translation_in_cam": [
            -0.028256373409973348,
            0.007036326502533136,
            1.2234872695997294
        ],
        "raw_rvec": [
            0.12657549584839528,
            0.11069001350723595,
            0.013794808272737246
        ],
        "refined_raw_rvec": [
            0.12657549584839528,
            0.11069001350723595,
            0.013794808272737246
        ],
        "num_inliers": 9,
        "total_matches": 9,
        "inlier_ratio": 1.0,
        "reprojection_errors": [
            1.6423771381378174,
            1.4985852241516113,
            2.0109267234802246,
            0.40714842081069946,
            1.1711281538009644,
            0.2307373434305191,
            1.720693826675415,
            3.1963980197906494,
            1.1459221839904785
        ],
        "mean_reprojection_error": 1.4471018314361572,
        "std_reprojection_error": 0.8314303159713745,
        "inliers": [
            0,
            1,
            2,
            3,
            4,
            5,
            6,
            7,
            8
        ],
        "mkpts0": [
            [
                591,
                284
            ],
            [
                610,
                269
            ],
            [
                598,
                298
            ],
            [
                519,
                327
            ],
            [
                727,
                126
            ],
            [
                539,
                313
            ],
            [
                727,
                143
            ],
            [
                575,
                312
            ],
            [
                752,
                77
            ]
        ],
        "mkpts1": [
            [
                623,
                359
            ],
            [
                644,
                357
            ],
            [
                625,
