[
    {
        "frame": 1,
        "object_rotation_in_cam": [
            [
                0.9252548499015235,
                0.001377390954325361,
                0.3793435982428967
            ],
            [
                0.0054711094165219975,
                0.9998409461987399,
                -0.016974959975241143
            ],
            [
                -0.37930664335793246,
                0.017781594376420164,
                0.9251001487438918
            ]
        ],
        "object_translation_in_cam": [
            -0.02261778160555927,
            0.0009599760762157056,
            1.158635939088606
        ],
        "raw_rvec": [
            0.01782559793561695,
            0.38908903465249983,
            0.0020995458476809965
        ],
        "refined_raw_rvec": [
            0.01782559793561695,
            0.38908903465249983,
            0.0020995458476809965
        ],
        "num_inliers": 7,
        "total_matches": 7,
        "inlier_ratio": 1.0,
        "reprojection_errors": [
            0.27418598532676697,
            1.3501918315887451,
            1.0985363721847534,
            0.5842746496200562,
            1.8429064750671387,
            0.9478999972343445,
            0.4886457026004791
        ],
        "mean_reprojection_error": 0.9409486651420593,
        "std_reprojection_error": 0.5045870542526245,
        "inliers": [
            0,
            1,
            2,
            3,
            4,
            5,
            6
        ],
        "mkpts0": [
            [
                963,
                266
            ],
            [
                930,
                263
            ],
            [
                954,
                233
            ],
            [
                531,
                330
            ],
            [
                636,
                340
            ],
            [
                639,
                363
            ],
            [
                988,
                187
            ]
        ],
        "mkpts1": [
            [
                820,
                309
            ],
            [
                796,
                308
            ],
            [
                809,
                289
            ],
            [
                574,
                346
            ],
            [
                623,
                351
            ],
            [
                624,
                363
            ],
            [
                833,
                259
            ]
        ],
        "mpts3D": [
            [
                0.23100000619888306,
                -0.054999999701976776,
                -0.0020000000949949026
            ],
            [
                0.20600000023841858,
                -0.054999999701976776,
                -0.0020000000949949026
            ],
            [
                0.22100000083446503,
                -0.07500000298023224,
                -0.0020000000949949026
            ],
            [
                -0.03500000014901161,
                -0.017999999225139618,
                -0.009999999776482582
            ],
            [
                0.02500000037252903,
                -0.014000000432133675,
                -0.010999999940395355
            ],
            [
                0.02500000037252903,
                -0.0,
                -0.014999999664723873
            ],
            [
                0.24300000071525574,
                -0.10400000214576721,
                0.0
            ]
        ],
        "mconf": [
            0.9991352558135986,
            0.9994944930076599,
            0.9985537528991699,
            0.7829059958457947,
            0.5925183296203613,
            0.4354977011680603,
            0.7313263416290283
        ],
        "kf_translation_vector": [
            -0.02264064371400885,
            0.0009609464223595579,
            1.1598070911032015
        ],
        "kf_rotation_matrix": [
            [
                0.9251055861202794,
                0.0013857833213995717,
                0.3797074322865441
            ],
            [
                0.0054757562548753145,
                0.9998406659319817,
                -0.01698996298196086
            ],
            [
                -0.3796704763640327,
                0.01779669500995444,
                0.9249505970722064
            ]
        ],
        "kf_euler_angles": [
            0.01923832409575964,
            0.3894400755585496,
            0.005918991723921272
        ]
    },
    {
        "frame": 2,
        "object_rotation_in_cam": [
            [
                0.9312950392470747,
                0.010122166164734912,
                0.3641251043610191
            ],
            [
                0.006093573919599377,
                0.9990410593582737,
                -0.043357007198198516
            ],
            [
                -0.3642147968310402,
                0.04259698895968769,
                0.9303403024167514
            ]
        ],
        "object_translation_in_cam": [
            -0.022924363856624233,
            0.0005735278335045073,
            1.1595245987740326
        ],
        "raw_rvec": [
            0.044003614140331646,
            0.3728690858792856,
            -0.0020624127627300753
        ],
        "refined_raw_rvec": [
            0.044003614140331646,
            0.3728690858792856,
            -0.0020624127627300753
        ],
        "num_inliers": 8,
        "total_matches": 9,
        "inlier_ratio": 0.8888888888888888,
        "reprojection_errors": [
            0.2830217778682709,
            1.2757961750030518,
            1.0965358018875122,
            1.0218185186386108,
            0.47135964035987854,
            1.7858467102050781,
            0.8945510387420654,
            0.5867978930473328
        ],
        "mean_reprojection_error": 0.9269659519195557,
        "std_reprojection_error": 0.4522327780723572,
        "inliers": [
            0,
            1,
            2,
            4,
            5,
            6,
            7,
            8
        ],
        "mkpts0": [
            [
                963,
                266
            ],
            [
                930,
                263
            ],
            [
                954,
                233
            ],
            [
                676,
                338
            ],
            [
                531,
                330
            ],
            [
                491,
                331
            ],
            [
                636,
                340
            ],
            [
                639,
                363
            ],
            [
                988,
                187
            ]
        ],
        "mkpts1": [
            [
                820,
                309
            ],
            [
                796,
                308
            ],
            [
                809,
                289
            ],
            [
                636,
                348
            ],
            [
                574,
                346
            ],
            [
                554,
                346
            ],
            [
                623,
                351
            ],
            [
                624,
                363
            ],
            [
                833,
                259
            ]
        ],
        "mpts3D": [
            [
                0.23100000619888306,
                -0.054999999701976776,
                -0.0020000000949949026
            ],
            [
                0.20600000023841858,
                -0.054999999701976776,
                -0.0020000000949949026
            ],
            [
                0.22100000083446503,
                -0.07500000298023224,
                -0.0020000000949949026
            ],
            [
                0.04899999871850014,
                -0.01600000075995922,
                -0.010999999940395355
            ],
            [
                -0.03500000014901161,
                -0.017999999225139618,
                -0.009999999776482582
            ],
            [
                -0.05700000002980232,
                -0.017999999225139618,
                -0.009999999776482582
            ],
            [
                0.02500000037252903,
                -0.014000000432133675,
                -0.010999999940395355
            ],
            [
                0.02500000037252903,
                -0.0,
                -0.014999999664723873
            ],
            [
                0.24300000071525574,
                -0.10400000214576721,
                0.0
            ]
        ],
        "mconf": [
            0.9965944886207581,
            0.9989754557609558,
            0.9963656663894653,
            0.24569851160049438,
            0.4528135359287262,
            0.4066881537437439,
            0.5860910415649414,
            0.36190998554229736,
            0.6692622303962708
        ],
        "kf_translation_vector": [
            -0.023067605241703284,
            0.0003971791162049591,
            1.1600958665932513
        ],
        "kf_rotation_matrix": [
            [
                0.9339517448457344,
                0.013849309521756545,
                0.3571306972599512
            ],
            [
                0.0063804717687414025,
                0.9984435795597916,
                -0.0554049457705578
            ],
            [
                -0.35734217198592255,
                0.054024208107113794,
                0.932409758131468
            ]
        ],
        "kf_euler_angles": [
            0.05787570794599374,
            0.36542061781591384,
            0.006831586903219739
        ]
    },
    {
        "frame": 3,
        "object_rotation_in_cam": [
            [
                0.8934456766297849,
                -0.028493464571302717,
                0.4482666007949618
            ],
            [
                0.01167570493629414,
                0.9991219512575346,
                0.04023685412128319
            ],
            [
                -0.44901948824721,
                -0.030715614792166276,
                0.8929938690619063
            ]
        ],
        "object_translation_in_cam": [
            -0.02342920422369292,
            0.0016888038557479024,
            1.138356224772916
        ],
        "raw_rvec": [
            -0.0368011479435313,
            0.465398295735051,
            0.02083467386626265
        ],
        "refined_raw_rvec": [
            -0.0368011479435313,
            0.465398295735051,
            0.02083467386626265
        ],
        "num_inliers": 8,
        "total_matches": 8,
        "inlier_ratio": 1.0,
        "reprojection_errors": [
            0.7304946184158325,
            2.2816176414489746,
            0.84678053855896,
            6.542752742767334,
            1.170979619026184,
            0.9587849378585815,
            3.5235817432403564,
            1.0727373361587524
        ],
        "mean_reprojection_error": 2.1409661769866943,
        "std_reprojection_error": 1.8858360052108765,
        "inliers": [
            0,
            1,
            2,
            3,
            4,
            5,
            6,
            7
        ],
        "mkpts0": [
            [
                963,
                266
            ],
            [
                930,
                263
            ],
            [
                954,
                233
            ],
            [
                676,
                338
            ],
            [
                531,
                330
            ],
            [
                636,
                340
            ],
            [
                639,
                363
            ],
            [
                988,
                187
            ]
        ],
        "mkpts1": [
            [
                820,
                309
            ],
            [
                796,
                308
            ],
            [
                809,
                289
            ],
            [
                637,
                348
            ],
            [
                574,
                346
            ],
            [
                623,
                351
            ],
            [
                624,
                363
            ],
            [
                833,
                259
            ]
        ],
        "mpts3D": [
            [
                0.23100000619888306,
                -0.054999999701976776,
                -0.0020000000949949026
            ],
            [
                0.20600000023841858,
                -0.054999999701976776,
                -0.0020000000949949026
            ],
            [
                0.22100000083446503,
                -0.07500000298023224,
                -0.0020000000949949026
            ],
            [
                0.04899999871850014,
                -0.01600000075995922,
                -0.010999999940395355
            ],
            [
                -0.03500000014901161,
                -0.017999999225139618,
                -0.009999999776482582
            ],
            [
                0.02500000037252903,
                -0.014000000432133675,
                -0.010999999940395355
            ],
            [
                0.02500000037252903,
                -0.0,
                -0.014999999664723873
            ],
            [
                0.24300000071525574,
                -0.10400000214576721,
                0.0
            ]
        ],
        "mconf": [
            0.9997820258140564,
            0.9997294545173645,
            0.998752772808075,
            0.23114123940467834,
            0.24223875999450684,
            0.43183615803718567,
            0.28032606840133667,
            0.7072585821151733
        ],
        "kf_translation_vector": [
            -0.023602223788739597,
            0.0016678484533249798,
            1.1364103047862568
        ],
        "kf_rotation_matrix": [
            [
                0.8915122238271758,
                -0.029113511346779676,
                0.452060126779375
            ],
            [
                0.012510097093890246,
                0.9991343283735971,
                0.03967481992577303
            ],
            [
                -0.4528238644742844,
                -0.02971527086368234,
                0.8911046798441095
            ]
        ],
        "kf_euler_angles": [
            -0.0333342024684089,
            0.46992998876728365,
            0.014031525017161685
        ]
    },
    {
        "frame": 4,
        "object_rotation_in_cam": [
            [
                0.9252548499015235,
                0.001377390954325361,
                0.3793435982428967
            ],
            [
                0.0054711094165219975,
                0.9998409461987399,
                -0.016974959975241143
            ],
            [
                -0.37930664335793246,
                0.017781594376420164,
                0.9251001487438918
            ]
        ],
        "object_translation_in_cam": [
            -0.02261778160555927,
            0.0009599760762157056,
            1.158635939088606
        ],
        "raw_rvec": [
            0.01782559793561695,
            0.38908903465249983,
            0.0020995458476809965
        ],
        "refined_raw_rvec": [
            0.01782559793561695,
            0.38908903465249983,
            0.0020995458476809965
        ],
        "num_inliers": 7,
        "total_matches": 7,
        "inlier_ratio": 1.0,
        "reprojection_errors": [
            0.27418598532676697,
            1.3501918315887451,
            1.0985363721847534,
            0.5842746496200562,
            1.8429064750671387,
            0.9478999972343445,
            0.4886457026004791
        ],
        "mean_reprojection_error": 0.9409486651420593,
        "std_reprojection_error": 0.5045870542526245,
        "inliers": [
            0,
            1,
            2,
            3,
            4,
            5,
            6
        ],
        "mkpts0": [
            [
                963,
                266
            ],
            [
                930,
                263
            ],
            [
                954,
                233
            ],
            [
                531,
                330
            ],
            [
                636,
                340
            ],
            [
                639,
                363
            ],
            [
                988,
                187
            ]
        ],
        "mkpts1": [
            [
                820,
                309
            ],
            [
                796,
                308
            ],
            [
                809,
                289
            ],
            [
                574,
                346
            ],
            [
                623,
                351
            ],
            [
                624,
                363
            ],
            [
                833,
                259
            ]
        ],
        "mpts3D": [
            [
                0.23100000619888306,
                -0.054999999701976776,
                -0.0020000000949949026
            ],
            [
                0.20600000023841858,
                -0.054999999701976776,
                -0.0020000000949949026
            ],
            [
                0.22100000083446503,
                -0.07500000298023224,
                -0.0020000000949949026
            ],
            [
                -0.03500000014901161,
                -0.017999999225139618,
                -0.009999999776482582
            ],
            [
                0.02500000037252903,
                -0.014000000432133675,
                -0.010999999940395355
            ],
            [
                0.02500000037252903,
                -0.0,
                -0.014999999664723873
            ],
            [
                0.24300000071525574,
                -0.10400000214576721,
                0.0
            ]
        ],
        "mconf": [
            0.9997825026512146,
            0.9998239874839783,
            0.9991126656532288,
            0.7029593586921692,
            0.5608676671981812,
            0.6820967197418213,
            0.6931415796279907
        ],
        "kf_translation_vector": [
            -0.022854444648179154,
            0.001213544939110418,
            1.152228658690998
        ],
        "kf_rotation_matrix": [
            [
                0.9154148204147247,
                -0.007846723207024038,
                0.4024352562835292
            ],
            [
                0.007437691531896696,
                0.9999690141020423,
                0.0025790658126555207
            ],
            [
                -0.40244302368130797,
                0.0006322742300668721,
                0.9154448169712603
            ]
        ],
        "kf_euler_angles": [
            0.0006906742141166221,
            0.41418395888725823,
            0.00812476235574731
        ]
    },
    {
        "frame": 5,
        "object_rotation_in_cam": [
            [
                0.9177371470835303,
                0.013312454660827781,
                0.3969651211553557
            ],
            [
                0.009002666088408296,
                0.9984841983550481,
                -0.0542978603499035
            ],
            [
                -0.3970862385758079,
                0.05340490788476658,
                0.916226192022219
            ]
        ],
        "object_translation_in_cam": [
            -0.02213826999480214,
            0.0005564448295642709,
            1.1530806479663294
        ],
        "raw_rvec": [
            0.05540747931877491,
            0.4084981752417658,
            -0.0022171623358308063
        ],
        "refined_raw_rvec": [
            0.05540747931877491,
            0.4084981752417658,
            -0.0022171623358308063
        ],
        "num_inliers": 7,
        "total_matches": 7,
        "inlier_ratio": 1.0,
        "reprojection_errors": [
            0.30112600326538086,
            1.3110339641571045,
            1.1613037586212158,
            0.45545491576194763,
            1.7482004165649414,
            1.0815794467926025,
            0.439892053604126
        ],
        "mean_reprojection_error": 0.9283700585365295,
        "std_reprojection_error": 0.5002826452255249,
        "inliers": [
            0,
            1,
            2,
            3,
            4,
            5,
            6
        ],
        "mkpts0": [
            [
                963,
                266
            ],
            [
                930,
                263
            ],
            [
                954,
                233
            ],
            [
                531,
                330
            ],
            [
                636,
                340
            ],
            [
                639,
                363
            ],
            [
                988,
                187
            ]
        ],
        "mkpts1": [
            [
                820,
                309
            ],
            [
                796,
                308
            ],
            [
                809,
                289
            ],
            [
                574,
                346
            ],
            [
                623,
                351
            ],
            [
                624,
                363
            ],
            [
                833,
                258
            ]
        ],
        "mpts3D": [
            [
                0.23100000619888306,
                -0.054999999701976776,
                -0.0020000000949949026
            ],
            [
                0.20600000023841858,
                -0.054999999701976776,
                -0.0020000000949949026
            ],
            [
                0.22100000083446503,
                -0.07500000298023224,
                -0.0020000000949949026
            ],
            [
                -0.03500000014901161,
                -0.017999999225139618,
                -0.009999999776482582
            ],
            [
                0.02500000037252903,
                -0.014000000432133675,
                -0.010999999940395355
            ],
            [
                0.02500000037252903,
                -0.0,
                -0.014999999664723873
            ],
            [
                0.24300000071525574,
                -0.10400000214576721,
                0.0
            ]
        ],
        "mconf": [
            0.999571681022644,
            0.9996011257171631,
            0.9983908534049988,
            0.4851282835006714,
            0.46934810280799866,
            0.47880101203918457,
            0.4400598108768463
        ],
        "kf_translation_vector": [
            -0.02207199404201285,
            0.0006013399561498554,
            1.1540594791263257
        ],
        "kf_rotation_matrix": [
            [
                0.9183810819813203,
                0.01246714917451835,
                0.3955006427937631
            ],
            [
                0.008480469567741846,
                0.9986538336802706,
                -0.05117227874161155
            ],
            [
                -0.3956062055816745,
                0.05034968388340578,
                0.9170390610209094
            ]
        ],
        "kf_euler_angles": [
            0.05484955221328044,
            0.40672780981003714,
            0.009233888528989216
        ]
    },
    {
        "frame": 7,
        "object_rotation_in_cam": [
            [
                0.9187311513440379,
                0.008839784915592305,
                0.3947846625094555
            ],
            [
                0.008161153301230488,
                0.9991108166473632,
                -0.041363892890210856
            ],
            [
                -0.3947992744760968,
                0.041224195090809095,
                0.9178420880588679
            ]
        ],
        "object_translation_in_cam": [
            -0.022214284924299794,
            0.0007202489564079483,
            1.15301024810655
        ],
        "raw_rvec": [
            0.04246344477219717,
            0.4059720320550995,
            -0.00034892484838422113
        ],
        "refined_raw_rvec": [
            0.04246344477219717,
            0.4059720320550995,
            -0.00034892484838422113
        ],
        "num_inliers": 7,
        "total_matches": 7,
        "inlier_ratio": 1.0,
        "reprojection_errors": [
            0.4428032636642456,
            1.166609525680542,
            0.6720107197761536,
            0.47127673029899597,
            1.7810007333755493,
            1.06546151638031,
            0.16917212307453156
        ],
        "mean_reprojection_error": 0.824047863483429,
        "std_reprojection_error": 0.5089429020881653,
        "inliers": [
            0,
            1,
            2,
            3,
            4,
            5,
            6
        ],
        "mkpts0": [
            [
                963,
                266
            ],
            [
                930,
                263
            ],
            [
                954,
                233
            ],
            [
                531,
                330
            ],
            [
                636,
                340
            ],
            [
                639,
                363
            ],
            [
                988,
                187
            ]
        ],
        "mkpts1": [
            [
                820,
                309
            ],
            [
                796,
                308
            ],
            [
                810,
                289
            ],
            [
                574,
                346
            ],
            [
                623,
                351
            ],
            [
                624,
                363
            ],
            [
                833,
                258
            ]
        ],
        "mpts3D": [
            [
                0.23100000619888306,
                -0.054999999701976776,
                -0.0020000000949949026
            ],
            [
                0.20600000023841858,
                -0.054999999701976776,
                -0.0020000000949949026
            ],
            [
                0.22100000083446503,
                -0.07500000298023224,
                -0.0020000000949949026
            ],
            [
                -0.03500000014901161,
                -0.017999999225139618,
                -0.009999999776482582
            ],
            [
                0.02500000037252903,
                -0.014000000432133675,
                -0.010999999940395355
            ],
            [
                0.02500000037252903,
                -0.0,
                -0.014999999664723873
            ],
            [
                0.24300000071525574,
                -0.10400000214576721,
                0.0
            ]
        ],
        "mconf": [
            0.9996169805526733,
            0.9996374249458313,
            0.9982218742370605,
            0.42848876118659973,
            0.4637341797351837,
            0.48768532276153564,
            0.4031189978122711
        ],
        "kf_translation_vector": [
            -0.021885083672555115,
            0.0005259599168080905,
            1.1548633135914732
        ],
        "kf_rotation_matrix": [
            [
                0.9209328402627307,
                0.01554936292249158,
                0.38941099244670074
            ],
            [
                0.00798513693805912,
                0.9982411086638324,
                -0.058744587509683505
            ],
            [
                -0.389639501736798,
                0.05720931992522778,
                0.9191888556765647
            ]
        ],
        "kf_euler_angles": [
            0.062158739777362436,
            0.4002401259620555,
            0.008670487670179047
        ]
    },
    {
        "frame": 8,
        "object_rotation_in_cam": [
            [
                0.9187311513440379,
                0.008839784915592305,
                0.3947846625094555
            ],
            [
                0.008161153301230488,
                0.9991108166473632,
                -0.041363892890210856
            ],
            [
                -0.3947992744760968,
                0.041224195090809095,
                0.9178420880588679
            ]
        ],
        "object_translation_in_cam": [
            -0.022214284924299794,
            0.0007202489564079483,
            1.15301024810655
        ],
        "raw_rvec": [
            0.04246344477219717,
            0.4059720320550995,
            -0.00034892484838422113
        ],
        "refined_raw_rvec": [
            0.04246344477219717,
            0.4059720320550995,
            -0.00034892484838422113
        ],
        "num_inliers": 7,
        "total_matches": 7,
        "inlier_ratio": 1.0,
        "reprojection_errors": [
            0.4428032636642456,
            1.166609525680542,
            0.6720107197761536,
            0.47127673029899597,
            1.7810007333755493,
            1.06546151638031,
            0.16917212307453156
        ],
        "mean_reprojection_error": 0.824047863483429,
        "std_reprojection_error": 0.5089429020881653,
        "inliers": [
            0,
            1,
            2,
            3,
            4,
            5,
            6
        ],
        "mkpts0": [
            [
                963,
                266
            ],
            [
                930,
                263
            ],
            [
                954,
                233
            ],
            [
                531,
                330
            ],
            [
                636,
                340
            ],
            [
                639,
                363
            ],
            [
                988,
                187
            ]
        ],
        "mkpts1": [
            [
                820,
                309
            ],
            [
                796,
                308
            ],
            [
                810,
                289
            ],
            [
                574,
                346
            ],
            [
                623,
                351
            ],
            [
                624,
                363
            ],
            [
                833,
                258
            ]
        ],
        "mpts3D": [
            [
                0.23100000619888306,
                -0.054999999701976776,
                -0.0020000000949949026
            ],
            [
                0.20600000023841858,
                -0.054999999701976776,
                -0.0020000000949949026
            ],
            [
                0.22100000083446503,
                -0.07500000298023224,
                -0.0020000000949949026
            ],
            [
                -0.03500000014901161,
                -0.017999999225139618,
                -0.009999999776482582
            ],
            [
                0.02500000037252903,
                -0.014000000432133675,
                -0.010999999940395355
            ],
            [
                0.02500000037252903,
                -0.0,
                -0.014999999664723873
            ],
            [
                0.24300000071525574,
                -0.10400000214576721,
                0.0
            ]
        ],
        "mconf": [
            0.9996193647384644,
            0.9996187686920166,
            0.9984226226806641,
            0.4082685112953186,
            0.5350936055183411,
            0.313152551651001,
            0.36687415838241577
        ],
        "kf_translation_vector": [
            -0.02190291891328429,
            0.0005432211396910953,
            1.1550256777165233
        ],
        "kf_rotation_matrix": [
            [
                0.9217916079244141,
                0.015098664699015907,
                0.38739161307961983
            ],
            [
                0.00772706511910357,
                0.9983273073375808,
                -0.05729642125596235
            ],
            [
                -0.38760872542393615,
                0.055808760498708906,
                0.9201330655002184
            ]
        ],
        "kf_euler_angles": [
            0.06057871111464832,
            0.39803610500401404,
            0.008382463096121943
        ]
    },
    {
        "frame": 9,
        "object_rotation_in_cam": [
            [
                0.9199039716684725,
                0.010746695494840768,
                0.3919964176424465
            ],
            [
                0.008324668329166925,
                0.998863972182533,
                -0.046919771663353614
            ],
            [
                -0.3920553313064108,
                0.046424924465991814,
                0.9187694724916297
            ]
        ],
        "object_translation_in_cam": [
            -0.022271887179910695,
            0.0006341476698884385,
            1.1531721390937855
        ],
        "raw_rvec": [
            0.04797864536133427,
            0.4029981602342477,
            -0.0012449082514164457
        ],
        "refined_raw_rvec": [
            0.04797864536133427,
            0.4029981602342477,
            -0.0012449082514164457
        ],
        "num_inliers": 8,
        "total_matches": 8,
        "inlier_ratio": 1.0,
        "reprojection_errors": [
            0.45847272872924805,
            1.1522918939590454,
            0.6671131253242493,
            0.5625377893447876,
            0.10031924396753311,
            1.769058346748352,
            1.054919958114624,
            0.19452519714832306
        ],
        "mean_reprojection_error": 0.7449047565460205,
        "std_reprojection_error": 0.518498420715332,
        "inliers": [
            0,
            1,
            2,
            3,
            4,
            5,
            6,
            7
        ],
        "mkpts0": [
            [
                963,
                266
            ],
            [
                930,
                263
            ],
            [
                954,
                233
            ],
            [
                531,
                330
            ],
            [
                491,
                331
            ],
            [
                636,
                340
            ],
            [
                639,
                363
            ],
            [
                988,
                187
            ]
        ],
        "mkpts1": [
            [
                820,
                309
            ],
            [
                796,
                308
            ],
            [
                810,
                289
            ],
            [
                574,
                346
            ],
            [
                555,
                346
            ],
            [
                623,
                351
            ],
            [
                624,
                363
            ],
            [
                833,
                258
            ]
        ],
        "mpts3D": [
            [
                0.23100000619888306,
                -0.054999999701976776,
                -0.0020000000949949026
            ],
            [
                0.20600000023841858,
                -0.054999999701976776,
                -0.0020000000949949026
            ],
            [
                0.22100000083446503,
                -0.07500000298023224,
                -0.0020000000949949026
            ],
            [
                -0.03500000014901161,
                -0.017999999225139618,
                -0.009999999776482582
            ],
            [
                -0.05700000002980232,
                -0.017999999225139618,
                -0.009999999776482582
            ],
            [
                0.02500000037252903,
                -0.014000000432133675,
                -0.010999999940395355
            ],
            [
                0.02500000037252903,
                -0.0,
                -0.014999999664723873
            ],
            [
                0.24300000071525574,
                -0.10400000214576721,
                0.0
            ]
        ],
        "mconf": [
            0.9984545111656189,
            0.9996784329414368,
            0.9979857206344604,
            0.5054352283477783,
            0.48218393325805664,
            0.4234207272529602,
            0.322469562292099,
            0.41219958662986755
        ],
        "kf_translation_vector": [
            -0.02203110715490986,
            0.0005085280628835011,
            1.1550515596491675
        ],
        "kf_rotation_matrix": [
            [
                0.9228682993023091,
                0.015305844672083601,
                0.3848114255862707
            ],
            [
                0.007772568640517813,
                0.9982661389053743,
                -0.05834640598772409
            ],
            [
                -0.3850372570539016,
                0.05683702168331779,
                0.9211492081343705
            ]
        ],
        "kf_euler_angles": [
            0.06162417123637662,
            0.39524819171465797,
            0.00842198705540197
        ]
    },
    {
        "frame": 10,
        "object_rotation_in_cam": [
            [
                0.8696872227253489,
                -0.016186828025706448,
                0.4933377354579066
            ],
            [
                0.018572321614107618,
                0.9998275174659442,
                6.471282077255731e-05
            ],
            [
                -0.49325369081045034,
                0.009106147173927378,
                0.869837843845343
            ]
        ],
        "object_translation_in_cam": [
            -0.02247983924670212,
            0.0015433952857707733,
            1.1172370209394047
        ],
        "raw_rvec": [
            0.00472794719589978,
            0.5159084261554855,
            0.01817625585193537
        ],
        "refined_raw_rvec": [
            0.00472794719589978,
            0.5159084261554855,
            0.01817625585193537
        ],
        "num_inliers": 8,
        "total_matches": 8,
        "inlier_ratio": 1.0,
        "reprojection_errors": [
            0.026604345068335533,
            1.8742390871047974,
            1.4545652866363525,
            6.998718738555908,
            1.1312339305877686,
            0.5858721733093262,
            1.030510425567627,
            4.119338512420654
        ],
        "mean_reprojection_error": 2.152635335922241,
        "std_reprojection_error": 2.156224489212036,
        "inliers": [
            0,
            1,
            2,
            3,
            4,
            5,
            6,
            7
        ],
        "mkpts0": [
            [
                963,
                266
            ],
            [
                930,
                263
            ],
            [
                954,
                233
            ],
            [
                676,
                338
            ],
            [
                531,
                330
            ],
            [
                491,
                331
            ],
            [
                636,
                340
            ],
            [
                639,
                363
            ]
        ],
        "mkpts1": [
            [
