[
    {
        "frame": 1,
        "object_rotation_in_cam": [
            [
                0.9888509126461245,
                0.024343344424235306,
                0.14690566408811406
            ],
            [
                -0.03783292839185255,
                0.9952462870310477,
                0.08974128191757984
            ],
            [
                -0.1440227137927338,
                -0.09429861999603513,
                0.9850711792447385
            ]
        ],
        "object_translation_in_cam": [
            -0.011083053009283481,
            0.01266748780804403,
            1.0485054778589644
        ],
        "raw_rvec": [
            -0.09249574016816406,
            0.14621631161618012,
            -0.03124887763590083
        ],
        "refined_raw_rvec": [
            -0.09249574016816406,
            0.14621631161618012,
            -0.03124887763590083
        ],
        "num_inliers": 8,
        "total_matches": 8,
        "inlier_ratio": 1.0,
        "reprojection_errors": [
            2.512911558151245,
            0.958024799823761,
            1.078184962272644,
            1.4742144346237183,
            0.16957074403762817,
            1.2202246189117432,
            0.2195374071598053,
            1.6968989372253418
        ],
        "mean_reprojection_error": 1.1661958694458008,
        "std_reprojection_error": 0.7188174724578857,
        "inliers": [
            0,
            1,
            2,
            3,
            4,
            5,
            6,
            7
        ],
        "mkpts0": [
            [
                591,
                284
            ],
            [
                598,
                298
            ],
            [
                519,
                327
            ],
            [
                727,
                126
            ],
            [
                539,
                313
            ],
            [
                727,
                143
            ],
            [
                575,
                312
            ],
            [
                752,
                77
            ]
        ],
        "mkpts1": [
            [
                639,
                361
            ],
            [
                641,
                373
            ],
            [
                557,
                357
            ],
            [
                829,
                292
            ],
            [
                579,
                357
            ],
            [
                829,
                308
            ],
            [
                614,
                374
            ],
            [
                867,
                258
            ]
        ],
        "mpts3D": [
            [
                0.02500000037252903,
                -0.014000000432133675,
                -0.010999999940395355
            ],
            [
                0.02500000037252903,
                0.0,
                -0.014999999664723873
            ],
            [
                -0.05700000002980232,
                -0.017999999225139618,
                -0.009999999776482582
            ],
            [
                0.20600000023841858,
                -0.07000000029802322,
                -0.0020000000949949026
            ],
            [
                -0.03500000014901161,
                -0.017999999225139618,
                -0.009999999776482582
            ],
            [
                0.20600000023841858,
                -0.054999999701976776,
                -0.0020000000949949026
            ],
            [
                0.0,
                -0.0,
                -0.014999999664723873
            ],
            [
                0.24300000071525574,
                -0.10400000214576721,
                0.0
            ]
        ],
        "mconf": [
            0.3010650873184204,
            0.17737282812595367,
            0.4388274848461151,
            0.8803070783615112,
            0.25853127241134644,
            0.7129480242729187,
            0.2603924870491028,
            0.4365096986293793
        ],
        "kf_translation_vector": [
            -0.011094255786119403,
            0.012680292135413612,
            1.0495653097365036
        ],
        "kf_rotation_matrix": [
            [
                0.9888284145972851,
                0.024353863069081976,
                0.1470552815734002
            ],
            [
                -0.03787034573695722,
                0.995237211815097,
                0.08982610495994603
            ],
            [
                -0.14416727575557128,
                -0.09439163931262302,
                0.9850411235218014
            ]
        ],
        "kf_euler_angles": [
            -0.09553337736340618,
            0.14467140553872304,
            -0.03827948912902719
        ]
    },
    {
        "frame": 2,
        "object_rotation_in_cam": [
            [
                0.9910495221245529,
                0.028753535310547855,
                0.13036133975930322
            ],
            [
                -0.050362581913906156,
                0.9849002670858095,
                0.16563536529759051
            ],
            [
                -0.12363031602184192,
                -0.1707181832771373,
                0.9775330413131278
            ]
        ],
        "object_translation_in_cam": [
            -0.010971002980976145,
            0.013918128413182511,
            1.0467638489528899
        ],
        "raw_rvec": [
            -0.16949287801082957,
            0.12798966121065872,
            -0.03986762875622124
        ],
        "refined_raw_rvec": [
            -0.16949287801082957,
            0.12798966121065872,
            -0.03986762875622124
        ],
        "num_inliers": 9,
        "total_matches": 9,
        "inlier_ratio": 1.0,
        "reprojection_errors": [
            2.4670863151550293,
            0.5300085544586182,
            1.5045021772384644,
            1.901665210723877,
            1.3172647953033447,
            0.7755914330482483,
            1.418219804763794,
            0.5910958051681519,
            1.8652304410934448
        ],
        "mean_reprojection_error": 1.3745182752609253,
        "std_reprojection_error": 0.6164532899856567,
        "inliers": [
            0,
            1,
            2,
            3,
            4,
            5,
            6,
            7,
            8
        ],
        "mkpts0": [
            [
                591,
                284
            ],
            [
                598,
                298
            ],
            [
                519,
                327
            ],
            [
                727,
                126
            ],
            [
                539,
                313
            ],
            [
                727,
                143
            ],
            [
                496,
                378
            ],
            [
                575,
                312
            ],
            [
                752,
                77
            ]
        ],
        "mkpts1": [
            [
                639,
                361
            ],
            [
                641,
                373
            ],
            [
                557,
                358
            ],
            [
                829,
                292
            ],
            [
                579,
                357
            ],
            [
                829,
                308
            ],
            [
                523,
                380
            ],
            [
                614,
                374
            ],
            [
                863,
                258
            ]
        ],
        "mpts3D": [
            [
                0.02500000037252903,
                -0.014000000432133675,
                -0.010999999940395355
            ],
            [
                0.02500000037252903,
                0.0,
                -0.014999999664723873
            ],
            [
                -0.05700000002980232,
                -0.017999999225139618,
                -0.009999999776482582
            ],
            [
                0.20600000023841858,
                -0.07000000029802322,
                -0.0020000000949949026
            ],
            [
                -0.03500000014901161,
                -0.017999999225139618,
                -0.009999999776482582
            ],
            [
                0.20600000023841858,
                -0.054999999701976776,
                -0.0020000000949949026
            ],
            [
                -0.09000000357627869,
                -0.0,
                -0.014999999664723873
            ],
            [
                0.0,
                -0.0,
                -0.014999999664723873
            ],
            [
                0.24300000071525574,
                -0.10400000214576721,
                0.0
            ]
        ],
        "mconf": [
            0.3110765218734741,
            0.1870606392621994,
            0.4230867624282837,
            0.9664223790168762,
            0.3301338851451874,
            0.7172425985336304,
            0.1934685856103897,
            0.2369713932275772,
            0.2224287986755371
        ],
        "kf_translation_vector": [
            -0.010921413646601487,
            0.014491088022601422,
            1.0461181745907793
        ],
        "kf_rotation_matrix": [
            [
                0.9918585872220615,
                0.031650318595087726,
                0.12334828854380375
            ],
            [
                -0.05610252355036016,
                0.9781601379344329,
                0.20013808085262658
            ],
            [
                -0.11431994491398825,
                -0.2054288243867463,
                0.9719721952329408
            ]
        ],
        "kf_euler_angles": [
            -0.20828728513705624,
            0.11457042968978949,
            -0.05650281989978717
        ]
    },
    {
        "frame": 3,
        "object_rotation_in_cam": [
            [
                0.9949289476222039,
                0.019503647127196353,
                -0.09867115552232897
            ],
            [
                -0.0300897837908262,
                0.9938074076725294,
                -0.10696467345169752
            ],
            [
                0.09597392403562105,
                0.10939124372610798,
                0.9893546187799701
            ]
        ],
        "object_translation_in_cam": [
            -0.012518560843953915,
            0.010364267031868423,
            1.0158108247293014
        ],
        "raw_rvec": [
            0.10857470990480496,
            -0.09767947797810474,
            -0.02488765939635994
        ],
        "refined_raw_rvec": [
            0.10857470990480496,
            -0.09767947797810474,
            -0.02488765939635994
        ],
        "num_inliers": 9,
        "total_matches": 9,
        "inlier_ratio": 1.0,
        "reprojection_errors": [
            3.8771095275878906,
            2.30698823928833,
            3.2155282497406006,
            1.390639305114746,
            1.4503763914108276,
            1.0653256177902222,
            1.201201319694519,
            2.4452767372131348,
            2.289525032043457
        ],
        "mean_reprojection_error": 2.1379966735839844,
        "std_reprojection_error": 0.9062193036079407,
        "inliers": [
            0,
            1,
            2,
            3,
            4,
            5,
            6,
            7,
            8
        ],
        "mkpts0": [
            [
                591,
                284
            ],
            [
                598,
                298
            ],
            [
                519,
                327
            ],
            [
                727,
                126
            ],
            [
                539,
                313
            ],
            [
                650,
                377
            ],
            [
                727,
                143
            ],
            [
                575,
                312
            ],
            [
                752,
                77
            ]
        ],
        "mkpts1": [
            [
                639,
                361
            ],
            [
                641,
                373
            ],
            [
                557,
                358
            ],
            [
                829,
                292
            ],
            [
                579,
                357
            ],
            [
                594,
                392
            ],
            [
                829,
                308
            ],
            [
                614,
                374
            ],
            [
                868,
                258
            ]
        ],
        "mpts3D": [
            [
                0.02500000037252903,
                -0.014000000432133675,
                -0.010999999940395355
            ],
            [
                0.02500000037252903,
                0.0,
                -0.014999999664723873
            ],
            [
                -0.05700000002980232,
                -0.017999999225139618,
                -0.009999999776482582
            ],
            [
                0.20600000023841858,
                -0.07000000029802322,
                -0.0020000000949949026
            ],
            [
                -0.03500000014901161,
                -0.017999999225139618,
                -0.009999999776482582
            ],
            [
                -0.028999999165534973,
                -0.0,
                -0.12700000405311584
            ],
            [
                0.20600000023841858,
                -0.054999999701976776,
                -0.0020000000949949026
            ],
            [
                0.0,
                -0.0,
                -0.014999999664723873
            ],
            [
                0.24300000071525574,
                -0.10400000214576721,
                0.0
            ]
        ],
        "mconf": [
            0.5232738256454468,
            0.29955244064331055,
            0.6937965750694275,
            0.9738086462020874,
            0.48752716183662415,
            0.11696480959653854,
            0.8524460792541504,
            0.30704325437545776,
            0.3915364742279053
        ],
        "kf_translation_vector": [
            -0.01264959840230527,
            0.010439327060031069,
            1.0117786247263614
        ],
        "kf_rotation_matrix": [
            [
                0.99124365228311,
                0.01808041913515276,
                -0.1308018358140981
            ],
            [
                -0.03238502939097694,
                0.9936150608524318,
                -0.10807553246949078
            ],
            [
                0.12801262312673165,
                0.11136520682473318,
                0.9855001567879621
            ]
        ],
        "kf_euler_angles": [
            0.112526382113393,
            -0.12836485556318067,
            -0.03265949202517222
        ]
    },
    {
        "frame": 4,
        "object_rotation_in_cam": [
            [
                0.9893017306142153,
                0.10309049685836577,
                0.10322032387671456
            ],
            [
                -0.039151137960798166,
                0.869214655230933,
                -0.49288241146154205
            ],
            [
                -0.14053211092164353,
                0.48356822950775574,
                0.8639516729601496
            ]
        ],
        "object_translation_in_cam": [
            -0.010691137205849249,
            0.004613584934753012,
            1.0641103586368887
        ],
        "raw_rvec": [
            0.5121412971592733,
            0.1278463886504709,
            -0.07460470843055424
        ],
        "refined_raw_rvec": [
            0.5121412971592733,
            0.1278463886504709,
            -0.07460470843055424
        ],
        "num_inliers": 8,
        "total_matches": 8,
        "inlier_ratio": 1.0,
        "reprojection_errors": [
            2.069483757019043,
            0.5467551350593567,
            0.5380429625511169,
            1.7970178127288818,
            0.46425825357437134,
            0.6093079447746277,
            1.6078424453735352,
            1.4782344102859497
        ],
        "mean_reprojection_error": 1.1388678550720215,
        "std_reprojection_error": 0.6206281185150146,
        "inliers": [
            0,
            1,
            2,
            3,
            4,
            5,
            6,
            7
        ],
        "mkpts0": [
            [
                591,
                284
            ],
            [
                598,
                298
            ],
            [
                519,
                327
            ],
            [
                727,
                126
            ],
            [
                539,
                313
            ],
            [
                727,
                143
            ],
            [
                575,
                312
            ],
            [
                752,
                77
            ]
        ],
        "mkpts1": [
            [
                640,
                361
            ],
            [
                641,
                373
            ],
            [
                557,
                358
            ],
            [
                829,
                292
            ],
            [
                579,
                357
            ],
            [
                829,
                308
            ],
            [
                614,
                374
            ],
            [
                868,
                258
            ]
        ],
        "mpts3D": [
            [
                0.02500000037252903,
                -0.014000000432133675,
                -0.010999999940395355
            ],
            [
                0.02500000037252903,
                0.0,
                -0.014999999664723873
            ],
            [
                -0.05700000002980232,
                -0.017999999225139618,
                -0.009999999776482582
            ],
            [
                0.20600000023841858,
                -0.07000000029802322,
                -0.0020000000949949026
            ],
            [
                -0.03500000014901161,
                -0.017999999225139618,
                -0.009999999776482582
            ],
            [
                0.20600000023841858,
                -0.054999999701976776,
                -0.0020000000949949026
            ],
            [
                0.0,
                -0.0,
                -0.014999999664723873
            ],
            [
                0.24300000071525574,
                -0.10400000214576721,
                0.0
            ]
        ],
        "mconf": [
            0.2333449274301529,
            0.2952464520931244,
            0.4566662609577179,
            0.9584832191467285,
            0.4282114803791046,
            0.6652860641479492,
            0.3180808126926422,
            0.5038902759552002
        ],
        "kf_translation_vector": [
            -0.011158788770438844,
            0.003989085260492841,
            1.053613489041902
        ],
        "kf_rotation_matrix": [
            [
                0.9971251025656578,
                0.06627334219224762,
                0.03673382566648433
            ],
            [
                -0.036132530192616356,
                0.8419925113265471,
                -0.5382778568099323
            ],
            [
                -0.06660307872242903,
                0.5354030771154418,
                0.841966492753726
            ]
        ],
        "kf_euler_angles": [
            0.5663962595690528,
            0.06665241882231246,
            -0.03622085869919929
        ]
    },
    {
        "frame": 5,
        "object_rotation_in_cam": [
            [
                0.989117647120444,
                0.023795782158949813,
                0.14518967217526393
            ],
            [
                -0.04189889867695795,
                0.9915300200854431,
                0.12293372832147702
            ],
            [
                -0.14103461434901296,
                -0.12767920747249537,
                0.981736857581817
            ]
        ],
        "object_translation_in_cam": [
            -0.010910596816459365,
            0.013202411809709057,
            1.0463918623904742
        ],
        "raw_rvec": [
            -0.12609800296273932,
            0.14401615310000407,
            -0.03305483028016048
        ],
        "refined_raw_rvec": [
            -0.12609800296273932,
            0.14401615310000407,
            -0.03305483028016048
        ],
        "num_inliers": 8,
        "total_matches": 8,
        "inlier_ratio": 1.0,
        "reprojection_errors": [
            2.1182448863983154,
            0.7187616229057312,
            0.5911878943443298,
            1.3987241983413696,
            0.5900141596794128,
            1.1623082160949707,
            0.4045867621898651,
            1.5933704376220703
        ],
        "mean_reprojection_error": 1.0721497535705566,
        "std_reprojection_error": 0.5606991052627563,
        "inliers": [
            0,
            1,
            2,
            3,
            4,
            5,
            6,
            7
        ],
        "mkpts0": [
            [
                591,
                284
            ],
            [
                598,
                298
            ],
            [
                519,
                327
            ],
            [
                727,
                126
            ],
            [
                539,
                313
            ],
            [
                727,
                143
            ],
            [
                575,
                312
            ],
            [
                752,
                77
            ]
        ],
        "mkpts1": [
            [
                640,
                361
            ],
            [
                641,
                373
            ],
            [
                557,
                358
            ],
            [
                829,
                292
            ],
            [
                579,
                357
            ],
            [
                829,
                308
            ],
            [
                614,
                374
            ],
            [
                867,
                258
            ]
        ],
        "mpts3D": [
            [
                0.02500000037252903,
                -0.014000000432133675,
                -0.010999999940395355
            ],
            [
                0.02500000037252903,
                0.0,
                -0.014999999664723873
            ],
            [
                -0.05700000002980232,
                -0.017999999225139618,
                -0.009999999776482582
            ],
            [
                0.20600000023841858,
                -0.07000000029802322,
                -0.0020000000949949026
            ],
            [
                -0.03500000014901161,
                -0.017999999225139618,
                -0.009999999776482582
            ],
            [
                0.20600000023841858,
                -0.054999999701976776,
                -0.0020000000949949026
            ],
            [
                0.0,
                -0.0,
                -0.014999999664723873
            ],
            [
                0.24300000071525574,
                -0.10400000214576721,
                0.0
            ]
        ],
        "mconf": [
            0.21463808417320251,
            0.2568124234676361,
            0.7231984734535217,
            0.9510013461112976,
            0.5484411716461182,
            0.8217061758041382,
            0.2701961100101471,
            0.5703442692756653
        ],
        "kf_translation_vector": [
            -0.010751378853401739,
            0.010628718723941753,
            1.0529690395600337
        ],
        "kf_rotation_matrix": [
            [
                0.9872449965823648,
                0.05005880737580974,
                0.151133823240194
            ],
            [
                -0.04043604444597114,
                0.9969941668757812,
                -0.06608749900874077
            ],
            [
                -0.1539878015709364,
                0.05913329873919128,
                0.9863016830298788
            ]
        ],
        "kf_euler_angles": [
            0.05988289345831816,
            0.15460295447000544,
            -0.04093558897045953
        ]
    },
    {
        "frame": 6,
        "object_rotation_in_cam": [
            [
                0.989086059334113,
                0.025210724191410346,
                0.14516606565124013
            ],
            [
                -0.03621869956128439,
                0.9966230210999311,
                0.07369368776045666
            ],
            [
                -0.1428179716737531,
                -0.0781471253431046,
                0.9866590362266004
            ]
        ],
        "object_translation_in_cam": [
            -0.010926207752370415,
            0.012493228234085838,
            1.0483377809575716
        ],
        "raw_rvec": [
            -0.07627198759367493,
            0.14465883363682497,
            -0.030856949133672963
        ],
        "refined_raw_rvec": [
            -0.07627198759367493,
            0.14465883363682497,
            -0.030856949133672963
        ],
        "num_inliers": 8,
        "total_matches": 8,
        "inlier_ratio": 1.0,
        "reprojection_errors": [
            2.2031443119049072,
            0.7750064730644226,
            0.918001115322113,
            1.4792044162750244,
            0.11029277741909027,
            1.4277328252792358,
            0.4149791896343231,
            1.9198929071426392
        ],
        "mean_reprojection_error": 1.156031847000122,
        "std_reprojection_error": 0.6803269982337952,
        "inliers": [
            0,
            1,
            2,
            3,
            4,
            5,
            6,
            7
        ],
        "mkpts0": [
            [
                591,
                284
            ],
            [
                598,
                298
            ],
            [
                519,
                327
            ],
            [
                727,
                126
            ],
            [
                539,
                313
            ],
            [
                727,
                143
            ],
            [
                575,
                312
            ],
            [
                752,
                77
            ]
        ],
        "mkpts1": [
            [
                640,
                361
            ],
            [
                641,
                373
            ],
            [
                557,
                357
            ],
            [
                829,
                292
            ],
            [
                579,
                357
            ],
            [
                829,
                308
            ],
            [
                614,
                374
            ],
            [
                868,
                258
            ]
        ],
        "mpts3D": [
            [
                0.02500000037252903,
                -0.014000000432133675,
                -0.010999999940395355
            ],
            [
                0.02500000037252903,
                0.0,
                -0.014999999664723873
            ],
            [
                -0.05700000002980232,
                -0.017999999225139618,
                -0.009999999776482582
            ],
            [
                0.20600000023841858,
                -0.07000000029802322,
                -0.0020000000949949026
            ],
            [
                -0.03500000014901161,
                -0.017999999225139618,
                -0.009999999776482582
            ],
            [
                0.20600000023841858,
                -0.054999999701976776,
                -0.0020000000949949026
            ],
            [
                0.0,
                -0.0,
                -0.014999999664723873
            ],
            [
                0.24300000071525574,
                -0.10400000214576721,
                0.0
            ]
        ],
        "mconf": [
            0.2980695366859436,
            0.23278257250785828,
            0.48480209708213806,
            0.9810264706611633,
            0.3079703450202942,
            0.65828937292099,
            0.29990720748901367,
            0.49997061491012573
        ],
        "kf_translation_vector": [
            -0.01064972614758303,
            0.013139665766572793,
            1.053214646657885
        ],
        "kf_rotation_matrix": [
            [
                0.9816585669882825,
                0.012242080398579179,
                0.19025401264106476
            ],
            [
                -0.036871462079645125,
                0.9912860419807241,
                0.1264613706168779
            ],
            [
                -0.1870479968955054,
                -0.13115683147173382,
                0.9735558188494763
            ]
        ],
        "kf_euler_angles": [
            -0.1339131155830558,
            0.18815624206636772,
            -0.03754272492239918
        ]
    },
    {
        "frame": 7,
        "object_rotation_in_cam": [
            [
                0.9879379921833789,
                0.02155482752106193,
                0.1533424696919
            ],
            [
                -0.04056404450209973,
                0.9917081550368836,
                0.1219405327484353
            ],
            [
                -0.14944257055573443,
                -0.12668987585390484,
                0.9806205145018212
            ]
        ],
        "object_translation_in_cam": [
            -0.010869697519347013,
            0.0130319970253499,
            1.0462751318952956
        ],
        "raw_rvec": [
            -0.12514504554780143,
            0.15240311056877878,
            -0.03126676705563458
        ],
        "refined_raw_rvec": [
            -0.12514504554780143,
            0.15240311056877878,
            -0.03126676705563458
        ],
        "num_inliers": 8,
        "total_matches": 8,
        "inlier_ratio": 1.0,
        "reprojection_errors": [
            1.274342656135559,
            0.8401414752006531,
            0.3276263475418091,
            1.3688082695007324,
            0.3898622393608093,
            1.325292944908142,
            0.32652920484542847,
            1.8680649995803833
        ],
        "mean_reprojection_error": 0.9650834798812866,
        "std_reprojection_error": 0.5436398983001709,
        "inliers": [
            0,
            1,
            2,
            3,
            4,
            5,
            6,
            7
        ],
        "mkpts0": [
            [
                591,
                284
            ],
            [
                598,
                298
            ],
            [
                519,
                327
            ],
            [
                727,
                126
            ],
            [
                539,
                313
            ],
            [
                727,
                143
            ],
            [
                575,
                312
            ],
            [
                752,
                77
            ]
        ],
        "mkpts1": [
            [
                640,
                360
            ],
            [
                641,
                373
            ],
            [
                557,
                358
            ],
            [
                829,
                292
            ],
            [
                579,
                357
            ],
            [
                829,
                308
            ],
            [
                614,
                374
            ],
            [
                868,
                258
            ]
        ],
        "mpts3D": [
            [
                0.02500000037252903,
                -0.014000000432133675,
                -0.010999999940395355
            ],
            [
                0.02500000037252903,
                0.0,
                -0.014999999664723873
            ],
            [
                -0.05700000002980232,
                -0.017999999225139618,
                -0.009999999776482582
            ],
            [
                0.20600000023841858,
                -0.07000000029802322,
                -0.0020000000949949026
            ],
            [
                -0.03500000014901161,
                -0.017999999225139618,
                -0.009999999776482582
            ],
            [
                0.20600000023841858,
                -0.054999999701976776,
                -0.0020000000949949026
            ],
            [
                0.0,
                -0.0,
                -0.014999999664723873
            ],
            [
                0.24300000071525574,
                -0.10400000214576721,
                0.0
            ]
        ],
        "mconf": [
            0.4115400016307831,
            0.38658607006073,
            0.8016793131828308,
            0.9967750906944275,
            0.5886455774307251,
            0.9071102738380432,
            0.3865385055541992,
            0.4208228886127472
        ],
        "kf_translation_vector": [
            -0.01062238960858715,
            0.014515418473524926,
            1.0502908820302306
        ],
        "kf_rotation_matrix": [
            [
                0.9797249136396705,
                -0.008652885488400099,
                0.20016048852474544
            ],
            [
                -0.03961438209759682,
                0.9709755362012241,
                0.23587540954870917
            ],
            [
                -0.1963919405799681,
                -0.2390222493230919,
                0.9509461446389927
            ]
        ],
        "kf_euler_angles": [
            -0.24625076196764828,
            0.197676835231096,
            -0.04041217475401872
        ]
    },
    {
        "frame": 8,
        "object_rotation_in_cam": [
            [
                0.9891561942587099,
                0.02067378312359047,
                0.1454050138440352
            ],
            [
                -0.0375817605626316,
                0.9927103158458426,
                0.11451567615947011
            ],
            [
                -0.1419775849655091,
                -0.11873846682775699,
                0.9827225151907101
            ]
        ],
        "object_translation_in_cam": [
            -0.010950464458999014,
            0.012740002590494737,
            1.046670627662032
        ],
        "raw_rvec": [
            -0.11732029659070901,
            0.14454539283013182,
            -0.02930090576652624
        ],
        "refined_raw_rvec": [
            -0.11732029659070901,
            0.14454539283013182,
            -0.02930090576652624
        ],
        "num_inliers": 8,
        "total_matches": 8,
        "inlier_ratio": 1.0,
        "reprojection_errors": [
            1.4361034631729126,
            0.8020185828208923,
            0.9032652378082275,
            1.7407519817352295,
            0.10194890201091766,
            1.604909062385559,
            0.459011048078537,
            2.324726104736328
        ],
        "mean_reprojection_error": 1.1715917587280273,
        "std_reprojection_error": 0.6866479516029358,
        "inliers": [
            0,
            1,
            2,
            3,
            4,
            5,
            6,
            7
        ],
        "mkpts0": [
            [
                591,
                284
            ],
            [
                598,
                298
            ],
            [
                519,
                327
            ],
            [
                727,
                126
            ],
            [
                539,
                313
            ],
            [
                727,
                143
            ],
            [
                575,
                312
            ],
            [
                752,
                77
            ]
        ],
        "mkpts1": [
            [
                640,
                360
            ],
            [
                641,
                373
            ],
            [
                557,
                357
            ],
            [
                829,
                292
            ],
            [
                579,
                357
            ],
            [
                829,
                308
            ],
            [
                614,
                374
            ],
            [
                868,
                259
            ]
        ],
        "mpts3D": [
            [
                0.02500000037252903,
                -0.014000000432133675,
                -0.010999999940395355
            ],
            [
                0.02500000037252903,
                0.0,
                -0.014999999664723873
            ],
            [
                -0.05700000002980232,
                -0.017999999225139618,
                -0.009999999776482582
            ],
            [
                0.20600000023841858,
                -0.07000000029802322,
                -0.0020000000949949026
            ],
            [
                -0.03500000014901161,
                -0.017999999225139618,
                -0.009999999776482582
            ],
            [
                0.20600000023841858,
                -0.054999999701976776,
                -0.0020000000949949026
            ],
            [
                0.0,
                -0.0,
                -0.014999999664723873
            ],
            [
                0.24300000071525574,
                -0.10400000214576721,
                0.0
            ]
        ],
        "mconf": [
            0.34191587567329407,
            0.3172815144062042,
            0.5914251208305359,
            0.9944179058074951,
            0.3016833961009979,
            0.822806715965271,
            0.3794395625591278,
            0.37628373503685
        ],
        "kf_translation_vector": [
            -0.010734518284295377,
            0.014544070509470127,
            1.0488215215016947
        ],
        "kf_rotation_matrix": [
            [
                0.9820398078535163,
                -0.010379048238888241,
                0.18838813961787365
            ],
            [
                -0.038211607830008126,
                0.9668527256026136,
                0.2524592640840158
            ],
            [
                -0.18476387314102907,
                -0.2551236609028101,
                0.9490912647524861
            ]
        ],
        "kf_euler_angles": [
            -0.2626008243683796,
            0.18583159341265984,
            -0.038890827650466094
        ]
    },
    {
        "frame": 9,
        "object_rotation_in_cam": [
            [
                0.9893862763027782,
                0.02558181432934067,
                0.14303973937106373
            ],
            [
                -0.04412228679832289,
                0.9907934815182469,
                0.1279902370832944
