[
    {
        "frame": 1,
        "object_rotation_in_cam": [
            [
                0.999579645897947,
                -0.015367996552700994,
                -0.024583656938928947
            ],
            [
                0.014657302802061793,
                0.9994767814130804,
                -0.028832739910007513
            ],
            [
                0.025013895760225963,
                0.028460289845777028,
                0.9992819006270407
            ]
        ],
        "object_translation_in_cam": [
            -0.02896579663641952,
            0.009243254009779158,
            1.1879581077298589
        ],
        "raw_rvec": [
            0.02865445103432016,
            -0.024805646538470217,
            0.01501680874303893
        ],
        "refined_raw_rvec": [
            0.02865445103432016,
            -0.024805646538470217,
            0.01501680874303893
        ],
        "num_inliers": 10,
        "total_matches": 11,
        "inlier_ratio": 0.9090909090909091,
        "reprojection_errors": [
            1.9689429998397827,
            2.8690505027770996,
            0.6325649619102478,
            2.389500856399536,
            2.5089235305786133,
            4.076604843139648,
            1.4103673696517944,
            1.3630598783493042,
            0.10582658648490906,
            0.6604022979736328
        ],
        "mean_reprojection_error": 1.7985244989395142,
        "std_reprojection_error": 1.143632173538208,
        "inliers": [
            0,
            1,
            2,
            3,
            4,
            5,
            6,
            8,
            9,
            10
        ],
        "mkpts0": [
            [
                591,
                284
            ],
            [
                610,
                269
            ],
            [
                598,
                298
            ],
            [
                519,
                327
            ],
            [
                727,
                126
            ],
            [
                745,
                202
            ],
            [
                539,
                313
            ],
            [
                516,
                389
            ],
            [
                727,
                143
            ],
            [
                834,
                225
            ],
            [
                752,
                77
            ]
        ],
        "mkpts1": [
            [
                623,
                359
            ],
            [
                644,
                357
            ],
            [
                625,
                372
            ],
            [
                552,
                353
            ],
            [
                787,
                309
            ],
            [
                806,
                376
            ],
            [
                571,
                353
            ],
            [
                539,
                393
            ],
            [
                789,
                322
            ],
            [
                831,
                378
            ],
            [
                823,
                280
            ]
        ],
        "mpts3D": [
            [
                0.02500000037252903,
                -0.014000000432133675,
                -0.010999999940395355
            ],
            [
                0.04899999871850014,
                -0.01600000075995922,
                -0.010999999940395355
            ],
            [
                0.02500000037252903,
                0.0,
                -0.014999999664723873
            ],
            [
                -0.05700000002980232,
                -0.017999999225139618,
                -0.009999999776482582
            ],
            [
                0.20600000023841858,
                -0.07000000029802322,
                -0.0020000000949949026
            ],
            [
                0.21699999272823334,
                -0.0,
                -0.027000000700354576
            ],
            [
                -0.03500000014901161,
                -0.017999999225139618,
                -0.009999999776482582
            ],
            [
                -0.09000000357627869,
                -0.0,
                -0.041999999433755875
            ],
            [
                0.20600000023841858,
                -0.054999999701976776,
                -0.0020000000949949026
            ],
            [
                0.23000000417232513,
                -0.0,
                -0.11299999803304672
            ],
            [
                0.24300000071525574,
                -0.10400000214576721,
                0.0
            ]
        ],
        "mconf": [
            0.43103381991386414,
            0.25777649879455566,
            0.49767449498176575,
            0.299435019493103,
            0.9781521558761597,
            0.13296625018119812,
            0.1893024742603302,
            0.1735774576663971,
            0.947016179561615,
            0.14583007991313934,
            0.24422095715999603
        ],
        "kf_translation_vector": [
            -0.028995075333843476,
            0.009252597113328565,
            1.1891588986635642
        ],
        "kf_rotation_matrix": [
            [
                0.9995787957837093,
                -0.015384237433699597,
                -0.02460805270989684
            ],
            [
                0.014672108087899881,
                0.9994757127155526,
                -0.028862240661373387
            ],
            [
                0.02503917458396918,
                0.02848903175472288,
                0.9992804485257539
            ]
        ],
        "kf_euler_angles": [
            0.028501825473948156,
            -0.02504179175034041,
            0.014677236625308817
        ]
    },
    {
        "frame": 2,
        "object_rotation_in_cam": [
            [
                0.9994405882492862,
                -0.014654458848493403,
                -0.030062558037843468
            ],
            [
                0.01357214675035498,
                0.99926338453447,
                -0.035895475499051005
            ],
            [
                0.03056644226120734,
                0.0354673816988787,
                0.998903277321142
            ]
        ],
        "object_translation_in_cam": [
            -0.02911187251388163,
            0.008906041460271378,
            1.1929472765084865
        ],
        "raw_rvec": [
            0.03569566486772012,
            -0.030326595107273896,
            0.01411893376151193
        ],
        "refined_raw_rvec": [
            0.03569566486772012,
            -0.030326595107273896,
            0.01411893376151193
        ],
        "num_inliers": 9,
        "total_matches": 9,
        "inlier_ratio": 1.0,
        "reprojection_errors": [
            1.9837409257888794,
            2.7137362957000732,
            0.9095835089683533,
            2.1461241245269775,
            1.5279446840286255,
            1.1931785345077515,
            1.338193416595459,
            0.649816632270813,
            1.3720051050186157
        ],
        "mean_reprojection_error": 1.537147045135498,
        "std_reprojection_error": 0.6074633598327637,
        "inliers": [
            0,
            1,
            2,
            3,
            4,
            5,
            6,
            7,
            8
        ],
        "mkpts0": [
            [
                591,
                284
            ],
            [
                610,
                269
            ],
            [
                598,
                298
            ],
            [
                519,
                327
            ],
            [
                727,
                126
            ],
            [
                539,
                313
            ],
            [
                727,
                143
            ],
            [
                834,
                225
            ],
            [
                752,
                77
            ]
        ],
        "mkpts1": [
            [
                623,
                359
            ],
            [
                644,
                357
            ],
            [
                625,
                372
            ],
            [
                552,
                353
            ],
            [
                787,
                309
            ],
            [
                571,
                353
            ],
            [
                789,
                322
            ],
            [
                831,
                378
            ],
            [
                823,
                280
            ]
        ],
        "mpts3D": [
            [
                0.02500000037252903,
                -0.014000000432133675,
                -0.010999999940395355
            ],
            [
                0.04899999871850014,
                -0.01600000075995922,
                -0.010999999940395355
            ],
            [
                0.02500000037252903,
                0.0,
                -0.014999999664723873
            ],
            [
                -0.05700000002980232,
                -0.017999999225139618,
                -0.009999999776482582
            ],
            [
                0.20600000023841858,
                -0.07000000029802322,
                -0.0020000000949949026
            ],
            [
                -0.03500000014901161,
                -0.017999999225139618,
                -0.009999999776482582
            ],
            [
                0.20600000023841858,
                -0.054999999701976776,
                -0.0020000000949949026
            ],
            [
                0.23000000417232513,
                -0.0,
                -0.11299999803304672
            ],
            [
                0.24300000071525574,
                -0.10400000214576721,
                0.0
            ]
        ],
        "mconf": [
            0.2742161154747009,
            0.21172058582305908,
            0.2156868726015091,
            0.35329174995422363,
            0.9687874913215637,
            0.1942431628704071,
            0.9374444484710693,
            0.1442691683769226,
            0.13145974278450012
        ],
        "kf_translation_vector": [
            -0.029182719131629762,
            0.008753360707490419,
            1.1953953789748129
        ],
        "kf_rotation_matrix": [
            [
                0.9993662873852357,
                -0.014356782129126344,
                -0.032571558832012536
            ],
            [
                0.013078632659531736,
                0.9991489022901406,
                -0.03912058818785862
            ],
            [
                0.03310548301426042,
                0.038669805524514766,
                0.9987034961063713
            ]
        ],
        "kf_euler_angles": [
            0.038700673371450285,
            -0.03311153311786011,
            0.013086178964120246
        ]
    },
    {
        "frame": 3,
        "object_rotation_in_cam": [
            [
                0.9068905939067932,
                0.2327713434639337,
                0.35123631979819436
            ],
            [
                0.024472448612830364,
                0.8030618631006837,
                -0.5953929318459794
            ],
            [
                -0.4206549060004845,
                0.5485518623569281,
                0.7225927652298143
            ]
        ],
        "object_translation_in_cam": [
            -0.020805820818990465,
            0.00024753592799947003,
            1.1373959609731488
        ],
        "raw_rvec": [
            0.6330610353652173,
            0.427165944606557,
            -0.1152729700839744
        ],
        "refined_raw_rvec": [
            0.6330610353652173,
            0.427165944606557,
            -0.1152729700839744
        ],
        "num_inliers": 7,
        "total_matches": 8,
        "inlier_ratio": 0.875,
        "reprojection_errors": [
            0.5766086578369141,
            0.4336603581905365,
            0.41055354475975037,
            0.4367386996746063,
            0.13775083422660828,
            0.504552960395813,
            0.3231395184993744
        ],
        "mean_reprojection_error": 0.4032863676548004,
        "std_reprojection_error": 0.13056068122386932,
        "inliers": [
            0,
            1,
            2,
            3,
            4,
            5,
            7
        ],
        "mkpts0": [
            [
                591,
                284
            ],
            [
                610,
                269
            ],
            [
                598,
                298
            ],
            [
                519,
                327
            ],
            [
                727,
                126
            ],
            [
                539,
                313
            ],
            [
                516,
                389
            ],
            [
                727,
                143
            ]
        ],
        "mkpts1": [
            [
                623,
                359
            ],
            [
                644,
                357
            ],
            [
                625,
                372
            ],
            [
                552,
                353
            ],
            [
                787,
                309
            ],
            [
                571,
                353
            ],
            [
                539,
                393
            ],
            [
                789,
                322
            ]
        ],
        "mpts3D": [
            [
                0.02500000037252903,
                -0.014000000432133675,
                -0.010999999940395355
            ],
            [
                0.04899999871850014,
                -0.01600000075995922,
                -0.010999999940395355
            ],
            [
                0.02500000037252903,
                0.0,
                -0.014999999664723873
            ],
            [
                -0.05700000002980232,
                -0.017999999225139618,
                -0.009999999776482582
            ],
            [
                0.20600000023841858,
                -0.07000000029802322,
                -0.0020000000949949026
            ],
            [
                -0.03500000014901161,
                -0.017999999225139618,
                -0.009999999776482582
            ],
            [
                -0.09000000357627869,
                -0.0,
                -0.041999999433755875
            ],
            [
                0.20600000023841858,
                -0.054999999701976776,
                -0.0020000000949949026
            ]
        ],
        "mconf": [
            0.3115144371986389,
            0.18462128937244415,
            0.3117389678955078,
            0.25118401646614075,
            0.9650702476501465,
            0.15133267641067505,
            0.1176215410232544,
            0.9333819150924683
        ],
        "kf_translation_vector": [
            -0.01993733670692242,
            -0.0008432208176646001,
            1.1331629420686702
        ],
        "kf_rotation_matrix": [
            [
                0.8848607464467677,
                0.2856537552301069,
                0.36799917326076587
            ],
            [
                0.02484009900871474,
                0.7598876316661468,
                -0.6495796769619965
            ],
            [
                -0.46519289426957744,
                0.583928693732165,
                0.6652990694096461
            ]
        ],
        "kf_euler_angles": [
            0.7203535081536888,
            0.48385250682727915,
            0.028064954928478106
        ]
    },
    {
        "frame": 4,
        "object_rotation_in_cam": [
            [
                0.9994405882492862,
                -0.014654458848493403,
                -0.030062558037843468
            ],
            [
                0.01357214675035498,
                0.99926338453447,
                -0.035895475499051005
            ],
            [
                0.03056644226120734,
                0.0354673816988787,
                0.998903277321142
            ]
        ],
        "object_translation_in_cam": [
            -0.02911187251388163,
            0.008906041460271378,
            1.1929472765084865
        ],
        "raw_rvec": [
            0.03569566486772012,
            -0.030326595107273896,
            0.01411893376151193
        ],
        "refined_raw_rvec": [
            0.03569566486772012,
            -0.030326595107273896,
            0.01411893376151193
        ],
        "num_inliers": 9,
        "total_matches": 10,
        "inlier_ratio": 0.9,
        "reprojection_errors": [
            1.9837409257888794,
            2.7137362957000732,
            0.9095835089683533,
            2.1461241245269775,
            1.5279446840286255,
            1.1931785345077515,
            1.338193416595459,
            0.649816632270813,
            1.3720051050186157
        ],
        "mean_reprojection_error": 1.537147045135498,
        "std_reprojection_error": 0.6074633598327637,
        "inliers": [
            0,
            1,
            2,
            3,
            4,
            5,
            7,
            8,
            9
        ],
        "mkpts0": [
            [
                591,
                284
            ],
            [
                610,
                269
            ],
            [
                598,
                298
            ],
            [
                519,
                327
            ],
            [
                727,
                126
            ],
            [
                539,
                313
            ],
            [
                516,
                389
            ],
            [
                727,
                143
            ],
            [
                834,
                225
            ],
            [
                752,
                77
            ]
        ],
        "mkpts1": [
            [
                623,
                359
            ],
            [
                644,
                357
            ],
            [
                625,
                372
            ],
            [
                552,
                353
            ],
            [
                787,
                309
            ],
            [
                571,
                353
            ],
            [
                539,
                393
            ],
            [
                789,
                322
            ],
            [
                831,
                378
            ],
            [
                823,
                280
            ]
        ],
        "mpts3D": [
            [
                0.02500000037252903,
                -0.014000000432133675,
                -0.010999999940395355
            ],
            [
                0.04899999871850014,
                -0.01600000075995922,
                -0.010999999940395355
            ],
            [
                0.02500000037252903,
                0.0,
                -0.014999999664723873
            ],
            [
                -0.05700000002980232,
                -0.017999999225139618,
                -0.009999999776482582
            ],
            [
                0.20600000023841858,
                -0.07000000029802322,
                -0.0020000000949949026
            ],
            [
                -0.03500000014901161,
                -0.017999999225139618,
                -0.009999999776482582
            ],
            [
                -0.09000000357627869,
                -0.0,
                -0.041999999433755875
            ],
            [
                0.20600000023841858,
                -0.054999999701976776,
                -0.0020000000949949026
            ],
            [
                0.23000000417232513,
                -0.0,
                -0.11299999803304672
            ],
            [
                0.24300000071525574,
                -0.10400000214576721,
                0.0
            ]
        ],
        "mconf": [
            0.4388798177242279,
            0.25965678691864014,
            0.49138492345809937,
            0.3086199462413788,
            0.9716992974281311,
            0.1746923327445984,
            0.11771192401647568,
            0.9505279064178467,
            0.14069992303848267,
            0.2866241931915283
        ],
        "kf_translation_vector": [
            -0.02653273374832633,
            0.006104434599784953,
            1.1766451093357646
        ],
        "kf_rotation_matrix": [
            [
                0.9933130004651985,
                0.008959606150908522,
                0.11510433773079484
            ],
            [
                0.017430796582618317,
                0.9739177347434743,
                -0.22623088489999546
            ],
            [
                -0.114129095489799,
                0.22672443937467399,
                0.9672489742320329
            ]
        ],
        "kf_euler_angles": [
            0.2302445396000238,
            0.11437832291893446,
            0.0175463400838986
        ]
    },
    {
        "frame": 5,
        "object_rotation_in_cam": [
            [
                0.9994405882492862,
                -0.014654458848493403,
                -0.030062558037843468
            ],
            [
                0.01357214675035498,
                0.99926338453447,
                -0.035895475499051005
            ],
            [
                0.03056644226120734,
                0.0354673816988787,
                0.998903277321142
            ]
        ],
        "object_translation_in_cam": [
            -0.02911187251388163,
            0.008906041460271378,
            1.1929472765084865
        ],
        "raw_rvec": [
            0.03569566486772012,
            -0.030326595107273896,
            0.01411893376151193
        ],
        "refined_raw_rvec": [
            0.03569566486772012,
            -0.030326595107273896,
            0.01411893376151193
        ],
        "num_inliers": 9,
        "total_matches": 10,
        "inlier_ratio": 0.9,
        "reprojection_errors": [
            1.9837409257888794,
            2.7137362957000732,
            0.9095835089683533,
            2.1461241245269775,
            1.5279446840286255,
            1.1931785345077515,
            1.338193416595459,
            0.649816632270813,
            1.3720051050186157
        ],
        "mean_reprojection_error": 1.537147045135498,
        "std_reprojection_error": 0.6074633598327637,
        "inliers": [
            0,
            1,
            2,
            3,
            4,
            5,
            7,
            8,
            9
        ],
        "mkpts0": [
            [
                591,
                284
            ],
            [
                610,
                269
            ],
            [
                598,
                298
            ],
            [
                519,
                327
            ],
            [
                727,
                126
            ],
            [
                539,
                313
            ],
            [
                516,
                389
            ],
            [
                727,
                143
            ],
            [
                834,
                225
            ],
            [
                752,
                77
            ]
        ],
        "mkpts1": [
            [
                623,
                359
            ],
            [
                644,
                357
            ],
            [
                625,
                372
            ],
            [
                552,
                353
            ],
            [
                787,
                309
            ],
            [
                571,
                353
            ],
            [
                539,
                393
            ],
            [
                789,
                322
            ],
            [
                831,
                378
            ],
            [
                823,
                280
            ]
        ],
        "mpts3D": [
            [
                0.02500000037252903,
                -0.014000000432133675,
                -0.010999999940395355
            ],
            [
                0.04899999871850014,
                -0.01600000075995922,
                -0.010999999940395355
            ],
            [
                0.02500000037252903,
                0.0,
                -0.014999999664723873
            ],
            [
                -0.05700000002980232,
                -0.017999999225139618,
                -0.009999999776482582
            ],
            [
                0.20600000023841858,
                -0.07000000029802322,
                -0.0020000000949949026
            ],
            [
                -0.03500000014901161,
                -0.017999999225139618,
                -0.009999999776482582
            ],
            [
                -0.09000000357627869,
                -0.0,
                -0.041999999433755875
            ],
            [
                0.20600000023841858,
                -0.054999999701976776,
                -0.0020000000949949026
            ],
            [
                0.23000000417232513,
                -0.0,
                -0.11299999803304672
            ],
            [
                0.24300000071525574,
                -0.10400000214576721,
                0.0
            ]
        ],
        "mconf": [
            0.39220836758613586,
            0.20447616279125214,
            0.39684733748435974,
            0.34298378229141235,
            0.9727025032043457,
            0.19659292697906494,
            0.10527987778186798,
            0.9607324600219727,
            0.10077611356973648,
            0.1316668838262558
        ],
        "kf_translation_vector": [
            -0.029492601947646933,
            0.009273067971594088,
            1.1957323531706479
        ],
        "kf_rotation_matrix": [
            [
                0.998579320334043,
                -0.013347311739303312,
                -0.05158672572023537
            ],
            [
                0.012894645998206432,
                0.9998754718324516,
                -0.009097743259358665
            ],
            [
                0.05170173213521841,
                0.008419625714134989,
                0.9986270779410361
            ]
        ],
        "kf_euler_angles": [
            0.008431001326886761,
            -0.05172479360335409,
            0.012912273567013431
        ]
    },
    {
        "frame": 6,
        "object_rotation_in_cam": [
            [
                0.9994405882492862,
                -0.014654458848493403,
                -0.030062558037843468
            ],
            [
                0.01357214675035498,
                0.99926338453447,
                -0.035895475499051005
            ],
            [
                0.03056644226120734,
                0.0354673816988787,
                0.998903277321142
            ]
        ],
        "object_translation_in_cam": [
            -0.02911187251388163,
            0.008906041460271378,
            1.1929472765084865
        ],
        "raw_rvec": [
            0.03569566486772012,
            -0.030326595107273896,
            0.01411893376151193
        ],
        "refined_raw_rvec": [
            0.03569566486772012,
            -0.030326595107273896,
            0.01411893376151193
        ],
        "num_inliers": 9,
        "total_matches": 10,
        "inlier_ratio": 0.9,
        "reprojection_errors": [
            1.9837409257888794,
            2.7137362957000732,
            0.9095835089683533,
            2.1461241245269775,
            1.5279446840286255,
            1.1931785345077515,
            1.338193416595459,
            0.649816632270813,
            1.3720051050186157
        ],
        "mean_reprojection_error": 1.537147045135498,
        "std_reprojection_error": 0.6074633598327637,
        "inliers": [
            0,
            1,
            2,
            3,
            4,
            5,
            7,
            8,
            9
        ],
        "mkpts0": [
            [
                591,
                284
            ],
            [
                610,
                269
            ],
            [
                598,
                298
            ],
            [
                519,
                327
            ],
            [
                727,
                126
            ],
            [
                539,
                313
            ],
            [
                516,
                389
            ],
            [
                727,
                143
            ],
            [
                834,
                225
            ],
            [
                752,
                77
            ]
        ],
        "mkpts1": [
            [
                623,
                359
            ],
            [
                644,
                357
            ],
            [
                625,
                372
            ],
            [
                552,
                353
            ],
            [
                787,
                309
            ],
            [
                571,
                353
            ],
            [
                539,
                393
            ],
            [
                789,
                322
            ],
            [
                831,
                378
            ],
            [
                823,
                280
            ]
        ],
        "mpts3D": [
            [
                0.02500000037252903,
                -0.014000000432133675,
                -0.010999999940395355
            ],
            [
                0.04899999871850014,
                -0.01600000075995922,
                -0.010999999940395355
            ],
            [
                0.02500000037252903,
                0.0,
                -0.014999999664723873
            ],
            [
                -0.05700000002980232,
                -0.017999999225139618,
                -0.009999999776482582
            ],
            [
                0.20600000023841858,
                -0.07000000029802322,
                -0.0020000000949949026
            ],
            [
                -0.03500000014901161,
                -0.017999999225139618,
                -0.009999999776482582
            ],
            [
                -0.09000000357627869,
                -0.0,
                -0.041999999433755875
            ],
            [
                0.20600000023841858,
                -0.054999999701976776,
                -0.0020000000949949026
            ],
            [
                0.23000000417232513,
                -0.0,
                -0.11299999803304672
            ],
            [
                0.24300000071525574,
                -0.10400000214576721,
                0.0
            ]
        ],
        "mconf": [
            0.3754575848579407,
            0.24554499983787537,
            0.45081689953804016,
            0.1943778395652771,
            0.9779108166694641,
            0.13896258175373077,
            0.19418442249298096,
            0.9618901610374451,
            0.14216949045658112,
            0.17329052090644836
        ],
        "kf_translation_vector": [
            -0.030573699663520106,
            0.010463971123849695,
            1.2024231494950266
        ],
        "kf_rotation_matrix": [
            [
                0.9936058969286286,
                -0.002961015609451336,
                -0.11286520267653906
            ],
            [
                0.011205466655209318,
                0.9973067194653925,
                0.07248272088032917
            ],
            [
                0.11234660255519366,
                -0.07328396615725229,
                0.9909630170690367
            ]
        ],
        "kf_euler_angles": [
            -0.0738178987500282,
            -0.11258429035504045,
            0.011277098571032866
        ]
    },
    {
        "frame": 7,
        "object_rotation_in_cam": [
            [
                0.9994405882492862,
                -0.014654458848493403,
                -0.030062558037843468
            ],
            [
                0.01357214675035498,
                0.99926338453447,
                -0.035895475499051005
            ],
            [
                0.03056644226120734,
                0.0354673816988787,
                0.998903277321142
            ]
        ],
        "object_translation_in_cam": [
            -0.02911187251388163,
            0.008906041460271378,
            1.1929472765084865
        ],
        "raw_rvec": [
            0.03569566486772012,
            -0.030326595107273896,
            0.01411893376151193
        ],
        "refined_raw_rvec": [
            0.03569566486772012,
            -0.030326595107273896,
            0.01411893376151193
        ],
        "num_inliers": 9,
        "total_matches": 9,
        "inlier_ratio": 1.0,
        "reprojection_errors": [
            1.9837409257888794,
            2.7137362957000732,
            0.9095835089683533,
            2.1461241245269775,
            1.5279446840286255,
            1.1931785345077515,
            1.338193416595459,
            0.649816632270813,
            1.3720051050186157
        ],
        "mean_reprojection_error": 1.537147045135498,
        "std_reprojection_error": 0.6074633598327637,
        "inliers": [
            0,
            1,
            2,
            3,
            4,
            5,
            6,
            7,
            8
        ],
        "mkpts0": [
            [
                591,
                284
            ],
            [
                610,
                269
            ],
            [
                598,
                298
            ],
            [
                519,
                327
            ],
            [
                727,
                126
            ],
            [
                539,
                313
            ],
            [
                727,
                143
            ],
            [
                834,
                225
            ],
            [
                752,
                77
            ]
        ],
        "mkpts1": [
            [
                623,
                359
            ],
            [
                644,
                357
            ],
            [
                625,
                372
            ],
            [
                552,
                353
            ],
            [
                787,
                309
            ],
            [
                571,
                353
            ],
            [
                789,
                322
            ],
            [
                831,
                378
            ],
            [
                823,
                280
            ]
        ],
        "mpts3D": [
            [
                0.02500000037252903,
                -0.014000000432133675,
                -0.010999999940395355
            ],
            [
                0.04899999871850014,
                -0.01600000075995922,
                -0.010999999940395355
            ],
            [
                0.02500000037252903,
                0.0,
                -0.014999999664723873
            ],
            [
                -0.05700000002980232,
                -0.017999999225139618,
                -0.009999999776482582
            ],
            [
                0.20600000023841858,
                -0.07000000029802322,
                -0.0020000000949949026
            ],
            [
                -0.03500000014901161,
                -0.017999999225139618,
                -0.009999999776482582
            ],
            [
                0.20600000023841858,
                -0.054999999701976776,
                -0.0020000000949949026
            ],
            [
                0.23000000417232513,
                -0.0,
                -0.11299999803304672
            ],
            [
                0.24300000071525574,
                -0.10400000214576721,
                0.0
            ]
        ],
        "mconf": [
            0.2864680886268616,
            0.16171486675739288,
            0.31937021017074585,
            0.19198927283287048,
            0.9681496620178223,
            0.11462470144033432,
            0.943976104259491,
            0.1328272819519043,
            0.1018112376332283
        ],
        "kf_translation_vector": [
            -0.030675971768573514,
            0.01060460110053893,
            1.2028226160804303
        ],
        "kf_rotation_matrix": [
            [
                0.9929252728518982,
                -0.0013758116878142014,
                -0.11873293424397066
            ],
            [
                0.011091791690206415,
                0.9966354059109156,
                0.08120861925858254
            ],
            [
                0.11822171834770656,
                -0.0819510514086551,
                0.9895997425646045
            ]
        ],
        "kf_euler_angles": [
            -0.0826237903440095,
            -0.11849885006601253,
            0.011170357585346532
        ]
    },
    {
        "frame": 8,
        "object_rotation_in_cam": [
            [
                0.9937934549527446,
                -0.006740738085974373,
                0.11103662163062919
            ],
            [
                0.020718179780057914,
                0.9919133822988564,
                -0.12521421262398244
            ],
            [
                -0.109294674708736,
                0.1267375416618887,
                0.9858966830321586
            ]
        ],
        "object_translation_in_cam": [
            -0.028256373409973348,
            0.007036326502533136,
            1.2234872695997294
        ],
        "raw_rvec": [
            0.12657549584839528,
            0.11069001350723595,
            0.013794808272737246
        ],
        "refined_raw_rvec": [
            0.12657549584839528,
            0.11069001350723595,
            0.013794808272737246
        ],
        "num_inliers": 9,
        "total_matches": 9,
        "inlier_ratio": 1.0,
        "reprojection_errors": [
            1.6423771381378174,
            1.4985852241516113,
            2.0109267234802246,
            0.40714842081069946,
            1.1711281538009644,
            0.2307373434305191,
            1.720693826675415,
            3.1963980197906494,
            1.1459221839904785
        ],
        "mean_reprojection_error": 1.4471018314361572,
        "std_reprojection_error": 0.8314303159713745,
        "inliers": [
            0,
            1,
            2,
            3,
            4,
            5,
            6,
            7,
            8
        ],
        "mkpts0": [
            [
                591,
                284
            ],
            [
                610,
                269
            ],
            [
                598,
                298
            ],
            [
                519,
                327
            ],
            [
                727,
                126
            ],
            [
                539,
                313
            ],
