[
    {
        "frame": 1,
        "object_rotation_in_cam": [
            [
                0.9936182783290622,
                -0.05274244242394381,
                0.09970432155903369
            ],
            [
                0.02532624545184362,
                0.965693099212046,
                0.25844809812716035
            ],
            [
                -0.10991495922622721,
                -0.25427361817811595,
                0.960866082675888
            ]
        ],
        "object_translation_in_cam": [
            -0.047308953038642694,
            0.007386484054031761,
            1.2770705462278358
        ],
        "raw_rvec": [
            -0.25982681671912355,
            0.10622665028090598,
            0.039562082141508734
        ],
        "refined_raw_rvec": [
            -0.25982681671912355,
            0.10622665028090598,
            0.039562082141508734
        ],
        "num_inliers": 8,
        "total_matches": 9,
        "inlier_ratio": 0.8888888888888888,
        "reprojection_errors": [
            0.8356602787971497,
            1.3373520374298096,
            0.42479509115219116,
            0.4753466546535492,
            0.3767611086368561,
            0.656490683555603,
            0.517798662185669,
            0.6849187016487122
        ],
        "mean_reprojection_error": 0.6636403799057007,
        "std_reprojection_error": 0.29155901074409485,
        "inliers": [
            0,
            1,
            2,
            3,
            4,
            5,
            6,
            8
        ],
        "mkpts0": [
            [
                963,
                266
            ],
            [
                930,
                263
            ],
            [
                954,
                233
            ],
            [
                531,
                330
            ],
            [
                491,
                331
            ],
            [
                636,
                340
            ],
            [
                639,
                363
            ],
            [
                137,
                419
            ],
            [
                988,
                187
            ]
        ],
        "mkpts1": [
            [
                785,
                328
            ],
            [
                765,
                326
            ],
            [
                777,
                311
            ],
            [
                559,
                351
            ],
            [
                540,
                350
            ],
            [
                608,
                355
            ],
            [
                608,
                366
            ],
            [
                399,
                378
            ],
            [
                797,
                289
            ]
        ],
        "mpts3D": [
            [
                0.23100000619888306,
                -0.054999999701976776,
                -0.0020000000949949026
            ],
            [
                0.20600000023841858,
                -0.054999999701976776,
                -0.0020000000949949026
            ],
            [
                0.22100000083446503,
                -0.07500000298023224,
                -0.0020000000949949026
            ],
            [
                -0.03500000014901161,
                -0.017999999225139618,
                -0.009999999776482582
            ],
            [
                -0.05700000002980232,
                -0.017999999225139618,
                -0.009999999776482582
            ],
            [
                0.02500000037252903,
                -0.014000000432133675,
                -0.010999999940395355
            ],
            [
                0.02500000037252903,
                -0.0,
                -0.014999999664723873
            ],
            [
                -0.22499999403953552,
                0.009999999776482582,
                0.0
            ],
            [
                0.24300000071525574,
                -0.10400000214576721,
                0.0
            ]
        ],
        "mconf": [
            0.9968807697296143,
            0.9985569715499878,
            0.9983800053596497,
            0.9537608027458191,
            0.9659644365310669,
            0.7608176469802856,
            0.7651333808898926,
            0.356317400932312,
            0.773579478263855
        ],
        "kf_translation_vector": [
            -0.04735677304300332,
            0.007393950330010961,
            1.2783614122302935
        ],
        "kf_rotation_matrix": [
            [
                0.9936053869234021,
                -0.05282171209435988,
                0.09979079019737744
            ],
            [
                0.025351527465224982,
                0.9656234012181186,
                0.25870590846583325
            ],
            [
                -0.11002561125472737,
                -0.2545217353220992,
                0.9607877242745407
            ]
        ],
        "kf_euler_angles": [
            -0.2589611082703214,
            0.11024881764779382,
            0.02550914948000859
        ]
    },
    {
        "frame": 2,
        "object_rotation_in_cam": [
            [
                0.9947792626889466,
                -0.04461289847573577,
                0.09178184904233319
            ],
            [
                0.007552130374509473,
                0.9290975767433277,
                0.3697575668143694
            ],
            [
                -0.10177025032317821,
                -0.36713401119927597,
                0.9245839247844879
            ]
        ],
        "object_translation_in_cam": [
            -0.047131346568303215,
            0.008988176707014395,
            1.2632927647918546
        ],
        "raw_rvec": [
            -0.37804296709148943,
            0.09929684652953082,
            0.026761904835604845
        ],
        "refined_raw_rvec": [
            -0.37804296709148943,
            0.09929684652953082,
            0.026761904835604845
        ],
        "num_inliers": 9,
        "total_matches": 9,
        "inlier_ratio": 1.0,
        "reprojection_errors": [
            1.868406891822815,
            0.31715500354766846,
            0.3253317177295685,
            1.494675874710083,
            2.0633726119995117,
            0.7220859527587891,
            0.7834115624427795,
            1.848464846611023,
            0.9076501131057739
        ],
        "mean_reprojection_error": 1.1478394269943237,
        "std_reprojection_error": 0.6417779326438904,
        "inliers": [
            0,
            1,
            2,
            3,
            4,
            5,
            6,
            7,
            8
        ],
        "mkpts0": [
            [
                963,
                266
            ],
            [
                930,
                263
            ],
            [
                954,
                233
            ],
            [
                531,
                330
            ],
            [
                491,
                331
            ],
            [
                636,
                340
            ],
            [
                639,
                363
            ],
            [
                137,
                419
            ],
            [
                988,
                187
            ]
        ],
        "mkpts1": [
            [
                785,
                328
            ],
            [
                765,
                327
            ],
            [
                778,
                311
            ],
            [
                559,
                351
            ],
            [
                539,
                350
            ],
            [
                608,
                355
            ],
            [
                608,
                366
            ],
            [
                399,
                378
            ],
            [
                797,
                289
            ]
        ],
        "mpts3D": [
            [
                0.23100000619888306,
                -0.054999999701976776,
                -0.0020000000949949026
            ],
            [
                0.20600000023841858,
                -0.054999999701976776,
                -0.0020000000949949026
            ],
            [
                0.22100000083446503,
                -0.07500000298023224,
                -0.0020000000949949026
            ],
            [
                -0.03500000014901161,
                -0.017999999225139618,
                -0.009999999776482582
            ],
            [
                -0.05700000002980232,
                -0.017999999225139618,
                -0.009999999776482582
            ],
            [
                0.02500000037252903,
                -0.014000000432133675,
                -0.010999999940395355
            ],
            [
                0.02500000037252903,
                -0.0,
                -0.014999999664723873
            ],
            [
                -0.22499999403953552,
                0.009999999776482582,
                0.0
            ],
            [
                0.24300000071525574,
                -0.10400000214576721,
                0.0
            ]
        ],
        "mconf": [
            0.9976735711097717,
            0.9970735311508179,
            0.9982739090919495,
            0.932440996170044,
            0.8221907019615173,
            0.5390052199363708,
            0.8361313939094543,
            0.29148003458976746,
            0.8015347719192505
        ],
        "kf_translation_vector": [
            -0.04705699077060497,
            0.009720703110005065,
            1.2571829736363191
        ],
        "kf_rotation_matrix": [
            [
                0.9951799438544413,
                -0.040580119643720644,
                0.08927560271189616
            ],
            [
                -0.0005729022108023506,
                0.9079439792874126,
                0.41909116222940723
            ],
            [
                -0.09806401548441641,
                -0.4171222654875184,
                0.9035443898899667
            ]
        ],
        "kf_euler_angles": [
            -0.4325006332851618,
            0.09822187249764046,
            -0.000575676942700519
        ]
    },
    {
        "frame": 3,
        "object_rotation_in_cam": [
            [
                0.9754171687289228,
                -0.08239162090619633,
                0.2043843627905565
            ],
            [
                0.031232978813271247,
                0.9698011497338694,
                0.24188888153305985
            ],
            [
                -0.21814180705060165,
                -0.22955903549918164,
                0.9485340274536194
            ]
        ],
        "object_translation_in_cam": [
            -0.04583046919684049,
            0.0068785097365375684,
            1.2975799752688724
        ],
        "raw_rvec": [
            -0.23998891259683597,
            0.21508546836352002,
            0.05784020492142916
        ],
        "refined_raw_rvec": [
            -0.23998891259683597,
            0.21508546836352002,
            0.05784020492142916
        ],
        "num_inliers": 8,
        "total_matches": 8,
        "inlier_ratio": 1.0,
        "reprojection_errors": [
            0.3282126188278198,
            1.2294734716415405,
            0.51259845495224,
            2.2999911308288574,
            2.4678897857666016,
            1.1645522117614746,
            0.7422248125076294,
            0.925789475440979
        ],
        "mean_reprojection_error": 1.2088414430618286,
        "std_reprojection_error": 0.7362326979637146,
        "inliers": [
            0,
            1,
            2,
            3,
            4,
            5,
            6,
            7
        ],
        "mkpts0": [
            [
                963,
                266
            ],
            [
                930,
                263
            ],
            [
                954,
                233
            ],
            [
                531,
                330
            ],
            [
                491,
                331
            ],
            [
                636,
                340
            ],
            [
                639,
                363
            ],
            [
                988,
                187
            ]
        ],
        "mkpts1": [
            [
                785,
                328
            ],
            [
                765,
                327
            ],
            [
                778,
                311
            ],
            [
                559,
                351
            ],
            [
                546,
                349
            ],
            [
                608,
                355
            ],
            [
                608,
                366
            ],
            [
                797,
                289
            ]
        ],
        "mpts3D": [
            [
                0.23100000619888306,
                -0.054999999701976776,
                -0.0020000000949949026
            ],
            [
                0.20600000023841858,
                -0.054999999701976776,
                -0.0020000000949949026
            ],
            [
                0.22100000083446503,
                -0.07500000298023224,
                -0.0020000000949949026
            ],
            [
                -0.03500000014901161,
                -0.017999999225139618,
                -0.009999999776482582
            ],
            [
                -0.05700000002980232,
                -0.017999999225139618,
                -0.009999999776482582
            ],
            [
                0.02500000037252903,
                -0.014000000432133675,
                -0.010999999940395355
            ],
            [
                0.02500000037252903,
                -0.0,
                -0.014999999664723873
            ],
            [
                0.24300000071525574,
                -0.10400000214576721,
                0.0
            ]
        ],
        "mconf": [
            0.9965230226516724,
            0.9914379715919495,
            0.9987001419067383,
            0.36542078852653503,
            0.884267270565033,
            0.8623799681663513,
            0.7558491230010986,
            0.8170276880264282
        ],
        "kf_translation_vector": [
            -0.04689560580575002,
            0.011258571425643132,
            1.244208923232821
        ],
        "kf_rotation_matrix": [
            [
                0.9957613990370698,
                -0.031793261360542356,
                0.08630425667252724
            ],
            [
                -0.017660661743258897,
                0.8547978159878287,
                0.5186605776509609
            ],
            [
                -0.09026260141679614,
                -0.5179863727111925,
                0.8506131791072686
            ]
        ],
        "kf_euler_angles": [
            -0.5469791034740106,
            0.0903856196164289,
            -0.01773397756835385
        ]
    },
    {
        "frame": 4,
        "object_rotation_in_cam": [
            [
                0.9943200911375499,
                -0.045674934821123434,
                0.09613197537396495
            ],
            [
                0.007034296332681312,
                0.9294605463678364,
                0.3688544583175147
            ],
            [
                -0.10619828169663811,
                -0.36608317780893634,
                0.9245025861997317
            ]
        ],
        "object_translation_in_cam": [
            -0.047383748805279596,
            0.009252566961847014,
            1.2624016600610397
        ],
        "raw_rvec": [
            -0.37705211483938805,
            0.10380343525003785,
            0.02704192315262075
        ],
        "refined_raw_rvec": [
            -0.37705211483938805,
            0.10380343525003785,
            0.02704192315262075
        ],
        "num_inliers": 8,
        "total_matches": 8,
        "inlier_ratio": 1.0,
        "reprojection_errors": [
            1.8217886686325073,
            0.2884555160999298,
            0.34444382786750793,
            2.2662179470062256,
            0.6714246869087219,
            0.8097430467605591,
            1.526570200920105,
            0.8396023511886597
        ],
        "mean_reprojection_error": 1.071030855178833,
        "std_reprojection_error": 0.6728200316429138,
        "inliers": [
            0,
            1,
            2,
            3,
            4,
            5,
            6,
            7
        ],
        "mkpts0": [
            [
                963,
                266
            ],
            [
                930,
                263
            ],
            [
                954,
                233
            ],
            [
                491,
                331
            ],
            [
                636,
                340
            ],
            [
                639,
                363
            ],
            [
                137,
                419
            ],
            [
                988,
                187
            ]
        ],
        "mkpts1": [
            [
                785,
                328
            ],
            [
                765,
                327
            ],
            [
                778,
                311
            ],
            [
                539,
                350
            ],
            [
                608,
                355
            ],
            [
                608,
                366
            ],
            [
                399,
                378
            ],
            [
                797,
                289
            ]
        ],
        "mpts3D": [
            [
                0.23100000619888306,
                -0.054999999701976776,
                -0.0020000000949949026
            ],
            [
                0.20600000023841858,
                -0.054999999701976776,
                -0.0020000000949949026
            ],
            [
                0.22100000083446503,
                -0.07500000298023224,
                -0.0020000000949949026
            ],
            [
                -0.05700000002980232,
                -0.017999999225139618,
                -0.009999999776482582
            ],
            [
                0.02500000037252903,
                -0.014000000432133675,
                -0.010999999940395355
            ],
            [
                0.02500000037252903,
                -0.0,
                -0.014999999664723873
            ],
            [
                -0.22499999403953552,
                0.009999999776482582,
                0.0
            ],
            [
                0.24300000071525574,
                -0.10400000214576721,
                0.0
            ]
        ],
        "mconf": [
            0.998620331287384,
            0.9903327822685242,
            0.9984450936317444,
            0.9386287927627563,
            0.5664238333702087,
            0.782558023929596,
            0.41846221685409546,
            0.8083551526069641
        ],
        "kf_translation_vector": [
            -0.046733164380100625,
            0.01280315076565276,
            1.2311684454486602
        ],
        "kf_rotation_matrix": [
            [
                0.9959884073540844,
                -0.02305316812836859,
                0.08646180576138597
            ],
            [
                -0.03484186977924001,
                0.7900783981478038,
                0.6120148436847647
            ],
            [
                -0.08242048608544447,
                -0.6125721804158639,
                0.7861057099741697
            ]
        ],
        "kf_euler_angles": [
            -0.6619592729360654,
            0.08251408810421186,
            -0.03496794472281059
        ]
    },
    {
        "frame": 5,
        "object_rotation_in_cam": [
            [
                0.9864848691073236,
                0.06675206431652965,
                0.14963878150997018
            ],
            [
                0.033098658365578654,
                0.8132447807095174,
                -0.580979694535986
            ],
            [
                -0.160474551990979,
                0.5780805208257849,
                0.8000442672784324
            ]
        ],
        "object_translation_in_cam": [
            -0.04513040256532447,
            -0.003939701940478557,
            1.2904839068898333
        ],
        "raw_rvec": [
            0.6215729528987423,
            0.1663054756627057,
            -0.018047420345200686
        ],
        "refined_raw_rvec": [
            0.6215729528987423,
            0.1663054756627057,
            -0.018047420345200686
        ],
        "num_inliers": 8,
        "total_matches": 8,
        "inlier_ratio": 1.0,
        "reprojection_errors": [
            1.525117039680481,
            1.289832592010498,
            0.989136815071106,
            0.8044002652168274,
            0.4692370891571045,
            0.5594217777252197,
            0.9226956367492676,
            0.7648940682411194
        ],
        "mean_reprojection_error": 0.9155918955802917,
        "std_reprojection_error": 0.3313229978084564,
        "inliers": [
            0,
            1,
            2,
            3,
            4,
            5,
            6,
            7
        ],
        "mkpts0": [
            [
                963,
                266
            ],
            [
                930,
                263
            ],
            [
                954,
                233
            ],
            [
                531,
                330
            ],
            [
                491,
                331
            ],
            [
                636,
                340
            ],
            [
                639,
                363
            ],
            [
                988,
                187
            ]
        ],
        "mkpts1": [
            [
                785,
                328
            ],
            [
                765,
                326
            ],
            [
                778,
                311
            ],
            [
                559,
                351
            ],
            [
                540,
                350
            ],
            [
                608,
                355
            ],
            [
                609,
                366
            ],
            [
                797,
                289
            ]
        ],
        "mpts3D": [
            [
                0.23100000619888306,
                -0.054999999701976776,
                -0.0020000000949949026
            ],
            [
                0.20600000023841858,
                -0.054999999701976776,
                -0.0020000000949949026
            ],
            [
                0.22100000083446503,
                -0.07500000298023224,
                -0.0020000000949949026
            ],
            [
                -0.03500000014901161,
                -0.017999999225139618,
                -0.009999999776482582
            ],
            [
                -0.05700000002980232,
                -0.017999999225139618,
                -0.009999999776482582
            ],
            [
                0.02500000037252903,
                -0.014000000432133675,
                -0.010999999940395355
            ],
            [
                0.02500000037252903,
                -0.0,
                -0.014999999664723873
            ],
            [
                0.24300000071525574,
                -0.10400000214576721,
                0.0
            ]
        ],
        "mconf": [
            0.9981449842453003,
            0.9970429539680481,
            0.9982490539550781,
            0.9462693333625793,
            0.9736034274101257,
            0.7325253486633301,
            0.9060420989990234,
            0.7577581405639648
        ],
        "kf_translation_vector": [
            -0.04656966649365678,
            0.014354441130033948,
            1.2180615402838366
        ],
        "kf_rotation_matrix": [
            [
                0.9958558067697941,
                -0.014972078077451116,
                0.08970534544231515
            ],
            [
                -0.05210840847897309,
                0.7144692288224396,
                0.6977237525207646
            ],
            [
                -0.07453808347865451,
                -0.6995066532520696,
                0.7107281591209242
            ]
        ],
        "kf_euler_angles": [
            -0.7774411416713262,
            0.07460727796098936,
            -0.05227757840607074
        ]
    },
    {
        "frame": 6,
        "object_rotation_in_cam": [
            [
                0.9947024587995633,
                -0.04278351943811917,
                0.09346972195631702
            ],
            [
                0.004827874558881701,
                0.9277139528212357,
                0.37326065070944975
            ],
            [
                -0.10268256953030945,
                -0.37083202694115597,
                0.9230059033989799
            ]
        ],
        "object_translation_in_cam": [
            -0.04697548505820413,
            0.009333816765112357,
            1.2633135776694189
        ],
        "raw_rvec": [
            -0.38193783973997636,
            0.1006836711617616,
            0.024438612979823065
        ],
        "refined_raw_rvec": [
            -0.38193783973997636,
            0.1006836711617616,
            0.024438612979823065
        ],
        "num_inliers": 8,
        "total_matches": 8,
        "inlier_ratio": 1.0,
        "reprojection_errors": [
            2.0113368034362793,
            0.5984340906143188,
            0.3260745406150818,
            1.7397953271865845,
            0.9258284568786621,
            0.5587536096572876,
            1.0748809576034546,
            0.9164637327194214
        ],
        "mean_reprojection_error": 1.0189459323883057,
        "std_reprojection_error": 0.5472024083137512,
        "inliers": [
            0,
            1,
            2,
            3,
            4,
            5,
            6,
            7
        ],
        "mkpts0": [
            [
                963,
                266
            ],
            [
                930,
                263
            ],
            [
                954,
                233
            ],
            [
                531,
                330
            ],
            [
                636,
                340
            ],
            [
                639,
                363
            ],
            [
                137,
                419
            ],
            [
                988,
                187
            ]
        ],
        "mkpts1": [
            [
                785,
                328
            ],
            [
                765,
                326
            ],
            [
                778,
                311
            ],
            [
                559,
                351
            ],
            [
                608,
                355
            ],
            [
                608,
                366
            ],
            [
                399,
                378
            ],
            [
                797,
                289
            ]
        ],
        "mpts3D": [
            [
                0.23100000619888306,
                -0.054999999701976776,
                -0.0020000000949949026
            ],
            [
                0.20600000023841858,
                -0.054999999701976776,
                -0.0020000000949949026
            ],
            [
                0.22100000083446503,
                -0.07500000298023224,
                -0.0020000000949949026
            ],
            [
                -0.03500000014901161,
                -0.017999999225139618,
                -0.009999999776482582
            ],
            [
                0.02500000037252903,
                -0.014000000432133675,
                -0.010999999940395355
            ],
            [
                0.02500000037252903,
                -0.0,
                -0.014999999664723873
            ],
            [
                -0.22499999403953552,
                0.009999999776482582,
                0.0
            ],
            [
                0.24300000071525574,
                -0.10400000214576721,
                0.0
            ]
        ],
        "mconf": [
            0.9955468773841858,
            0.9967744946479797,
            0.9976716041564941,
            0.6702037453651428,
            0.5307730436325073,
            0.8724223375320435,
            0.23834039270877838,
            0.8011608123779297
        ],
        "kf_translation_vector": [
            -0.04640511214641849,
            0.015912442518786696,
            1.2048882077383503
        ],
        "kf_rotation_matrix": [
            [
                0.9953586096363137,
                -0.008156957764270386,
                0.09588901012575181
            ],
            [
                -0.06945193051265235,
                0.6288401105935015,
                0.7744265908766426
            ],
            [
                -0.06661582072548781,
                -0.777491851628546,
                0.6253549017000546
            ]
        ],
        "kf_euler_angles": [
            -0.8934247096797929,
            0.06666518918676137,
            -0.06966287861813429
        ]
    },
    {
        "frame": 7,
        "object_rotation_in_cam": [
            [
                0.9947024587995633,
                -0.04278351943811917,
                0.09346972195631702
            ],
            [
                0.004827874558881701,
                0.9277139528212357,
                0.37326065070944975
            ],
            [
                -0.10268256953030945,
                -0.37083202694115597,
                0.9230059033989799
            ]
        ],
        "object_translation_in_cam": [
            -0.04697548505820413,
            0.009333816765112357,
            1.2633135776694189
        ],
        "raw_rvec": [
            -0.38193783973997636,
            0.1006836711617616,
            0.024438612979823065
        ],
        "refined_raw_rvec": [
            -0.38193783973997636,
            0.1006836711617616,
            0.024438612979823065
        ],
        "num_inliers": 8,
        "total_matches": 8,
        "inlier_ratio": 1.0,
        "reprojection_errors": [
            2.0113368034362793,
            0.5984340906143188,
            0.3260745406150818,
            1.7397953271865845,
            0.9258284568786621,
            0.5587536096572876,
            1.0748809576034546,
            0.9164637327194214
        ],
        "mean_reprojection_error": 1.0189459323883057,
        "std_reprojection_error": 0.5472024083137512,
        "inliers": [
            0,
            1,
            2,
            3,
            4,
            5,
            6,
            7
        ],
        "mkpts0": [
            [
                963,
                266
            ],
            [
                930,
                263
            ],
            [
                954,
                233
            ],
            [
                531,
                330
            ],
            [
                636,
                340
            ],
            [
                639,
                363
            ],
            [
                137,
                419
            ],
            [
                988,
                187
            ]
        ],
        "mkpts1": [
            [
                785,
                328
            ],
            [
                765,
                326
            ],
            [
                778,
                311
            ],
            [
                559,
                351
            ],
            [
                608,
                355
            ],
            [
                608,
                366
            ],
            [
                399,
                378
            ],
            [
                797,
                289
            ]
        ],
        "mpts3D": [
            [
                0.23100000619888306,
                -0.054999999701976776,
                -0.0020000000949949026
            ],
            [
                0.20600000023841858,
                -0.054999999701976776,
                -0.0020000000949949026
            ],
            [
                0.22100000083446503,
                -0.07500000298023224,
                -0.0020000000949949026
            ],
            [
                -0.03500000014901161,
                -0.017999999225139618,
                -0.009999999776482582
            ],
            [
                0.02500000037252903,
                -0.014000000432133675,
                -0.010999999940395355
            ],
            [
                0.02500000037252903,
                -0.0,
                -0.014999999664723873
            ],
            [
                -0.22499999403953552,
                0.009999999776482582,
                0.0
            ],
            [
                0.24300000071525574,
                -0.10400000214576721,
                0.0
            ]
        ],
        "mconf": [
            0.9970490336418152,
            0.9930984377861023,
            0.9974707365036011,
            0.699859082698822,
            0.4437759816646576,
            0.8213564157485962,
            0.249041348695755,
            0.7342618703842163
        ],
        "kf_translation_vector": [
            -0.046239501338385745,
            0.017477154931911005,
            1.1916484478122011
        ],
        "kf_rotation_matrix": [
            [
                0.9944920118537189,
                -0.0031932158752823836,
                0.10476374244707268
            ],
            [
                -0.08686386146224485,
                0.5342411206171294,
                0.8408573568766713
            ],
            [
                -0.05865413822579501,
                -0.8453261077324701,
                0.5310211517961048
            ]
        ],
        "kf_euler_angles": [
            -1.0099099769614657,
            0.058687821781527906,
            -0.08712384535900124
        ]
    },
    {
        "frame": 8,
        "object_rotation_in_cam": [
            [
                0.9869836651529169,
                0.05800819423366712,
                0.1499943136357639
            ],
            [
                0.036324805338420495,
                0.8281663538235865,
                -0.5593040308380337
            ],
            [
                -0.15666446067452763,
                0.5574724565360116,
                0.8152795268895595
            ]
        ],
        "object_translation_in_cam": [
            -0.045417485763577854,
            -0.0036861338683993952,
            1.2917563968722916
        ],
        "raw_rvec": [
            0.5955437872545863,
            0.16353203162167945,
            -0.01156310836517826
        ],
        "refined_raw_rvec": [
            0.5955437872545863,
            0.16353203162167945,
            -0.01156310836517826
        ],
        "num_inliers": 7,
        "total_matches": 7,
        "inlier_ratio": 1.0,
        "reprojection_errors": [
            1.2656978368759155,
            1.4047530889511108,
            0.9894047379493713,
            1.067811131477356,
            0.4232598841190338,
            1.1184539794921875,
            0.8284186124801636
        ],
        "mean_reprojection_error": 1.0139713287353516,
        "std_reprojection_error": 0.29613348841667175,
        "inliers": [
            0,
            1,
            2,
            3,
            4,
            5,
            6
        ],
        "mkpts0": [
            [
                963,
                266
            ],
            [
                930,
                263
            ],
            [
                954,
                233
            ],
            [
                531,
                330
            ],
            [
                636,
                340
            ],
            [
                639,
                363
            ],
            [
                988,
                187
            ]
        ],
        "mkpts1": [
            [
                785,
                328
            ],
            [
                765,
                326
            ],
            [
                778,
                311
            ],
            [
                559,
                351
            ],
            [
                608,
                355
            ],
            [
                608,
                366
            ],
            [
                797,
                289
            ]
        ],
        "mpts3D": [
            [
                0.23100000619888306,
                -0.054999999701976776,
                -0.0020000000949949026
            ],
            [
                0.20600000023841858,
                -0.054999999701976776,
                -0.0020000000949949026
            ],
            [
                0.22100000083446503,
                -0.07500000298023224,
                -0.0020000000949949026
            ],
            [
                -0.03500000014901161,
                -0.017999999225139618,
                -0.009999999776482582
            ],
            [
                0.02500000037252903,
                -0.014000000432133675,
                -0.010999999940395355
            ],
            [
                0.02500000037252903,
                -0.0,
                -0.014999999664723873
            ],
            [
                0.24300000071525574,
                -0.10400000214576721,
                0.0
            ]
        ],
        "mconf": [
            0.9985628128051758,
            0.9947361350059509,
            0.997554361820221,
            0.6863696575164795,
            0.47092828154563904,
            0.868905782699585,
            0.7403517961502075
        ],
        "kf_translation_vector": [
            -0.04607283406955855,
            0.019048578369406873,
            1.1783422605053893
        ],
        "kf_rotation_matrix": [
            [
                0.9932514020866998,
                -0.0006281272929792055,
                0.11597955728881149
            ],
            [
                -0.1043354025535341,
                0.43189309179927593,
                0.8958696785973136
            ],
            [
                -0.05065348977905553,
                -0.9019245881514518,
                0.42891288306722275
            ]
        ],
        "kf_euler_angles": [
            -1.1268969435163443,
            0.05067517574528897,
            -0.1046604786286716
        ]
    },
    {
        "frame": 9,
        "object_rotation_in_cam": [
            [
                0.9801845673758254,
                -0.07505799849401669,
                0.1833153314383119
            ],
            [
                0.029515661894983017,
                0.9704414563228662,
                0.23952495810010205
            ],
            [
                -0.1958750611516612,
                -0.22936799408816128,
                0.953427125535458
            ]
        ],
