[
    {
        "frame": 1,
        "object_rotation_in_cam": [
            [
                0.9901356676614815,
                0.040141624248945684,
                0.13423862941496625
            ],
            [
                -0.028656737501815646,
                0.9958466008980168,
                -0.08641955146619325
            ],
            [
                -0.13715010397482105,
                0.08172023912423683,
                0.9871735670575734
            ]
        ],
        "object_translation_in_cam": [
            -0.011111746071963134,
            0.01062375706622569,
            1.0577275170779143
        ],
        "raw_rvec": [
            0.08444805738046815,
            0.13630474529101597,
            -0.034553914813434866
        ],
        "refined_raw_rvec": [
            0.08444805738046815,
            0.13630474529101597,
            -0.034553914813434866
        ],
        "num_inliers": 10,
        "total_matches": 10,
        "inlier_ratio": 1.0,
        "reprojection_errors": [
            2.311105728149414,
            1.187411904335022,
            0.2860903739929199,
            1.7177014350891113,
            1.673737645149231,
            0.4402853846549988,
            1.4548894166946411,
            0.7283347845077515,
            0.8856875896453857,
            2.317521572113037
        ],
        "mean_reprojection_error": 1.300276517868042,
        "std_reprojection_error": 0.6836727261543274,
        "inliers": [
            0,
            1,
            2,
            3,
            4,
            5,
            6,
            7,
            8,
            9
        ],
        "mkpts0": [
            [
                591,
                284
            ],
            [
                598,
                298
            ],
            [
                519,
                327
            ],
            [
                727,
                126
            ],
            [
                795,
                220
            ],
            [
                539,
                313
            ],
            [
                727,
                143
            ],
            [
                575,
                312
            ],
            [
                834,
                225
            ],
            [
                752,
                77
            ]
        ],
        "mkpts1": [
            [
                639,
                361
            ],
            [
                641,
                373
            ],
            [
                557,
                357
            ],
            [
                829,
                292
            ],
            [
                845,
                373
            ],
            [
                579,
                357
            ],
            [
                829,
                308
            ],
            [
                614,
                374
            ],
            [
                866,
                379
            ],
            [
                867,
                258
            ]
        ],
        "mpts3D": [
            [
                0.02500000037252903,
                -0.014000000432133675,
                -0.010999999940395355
            ],
            [
                0.02500000037252903,
                0.0,
                -0.014999999664723873
            ],
            [
                -0.05700000002980232,
                -0.017999999225139618,
                -0.009999999776482582
            ],
            [
                0.20600000023841858,
                -0.07000000029802322,
                -0.0020000000949949026
            ],
            [
                0.21699999272823334,
                -0.0,
                -0.07000000029802322
            ],
            [
                -0.03500000014901161,
                -0.017999999225139618,
                -0.009999999776482582
            ],
            [
                0.20600000023841858,
                -0.054999999701976776,
                -0.0020000000949949026
            ],
            [
                0.0,
                -0.0,
                -0.014999999664723873
            ],
            [
                0.23000000417232513,
                -0.0,
                -0.11299999803304672
            ],
            [
                0.24300000071525574,
                -0.10400000214576721,
                0.0
            ]
        ],
        "mconf": [
            0.3010650873184204,
            0.17737282812595367,
            0.4388274848461151,
            0.8803070783615112,
            0.25151440501213074,
            0.25853127241134644,
            0.7129480242729187,
            0.2603924870491028,
            0.321376234292984,
            0.4365096986293793
        ],
        "kf_translation_vector": [
            -0.011122977851816335,
            0.0106344955856095,
            1.0587966706150411
        ],
        "kf_rotation_matrix": [
            [
                0.9901157540835864,
                0.04019332757239046,
                0.13436997407958934
            ],
            [
                -0.02868514307283961,
                0.9958378784000528,
                -0.08651059189817355
            ],
            [
                -0.13728785846673303,
                0.08180107800231073,
                0.9871477232690546
            ]
        ],
        "kf_euler_angles": [
            0.08267719897137724,
            0.13772282377534048,
            -0.02896340290250158
        ]
    },
    {
        "frame": 2,
        "object_rotation_in_cam": [
            [
                0.9917520606747224,
                0.04571859433050003,
                0.11973996943328799
            ],
            [
                -0.034494201055337154,
                0.9949564716391327,
                -0.09419007185983927
            ],
            [
                -0.12344229518684247,
                0.08928286328210402,
                0.9883271574145646
            ]
        ],
        "object_translation_in_cam": [
            -0.011316316008158132,
            0.011191911861793464,
            1.0613729799541252
        ],
        "raw_rvec": [
            0.0921200731526727,
            0.12209957827789591,
            -0.040274106766793966
        ],
        "refined_raw_rvec": [
            0.0921200731526727,
            0.12209957827789591,
            -0.040274106766793966
        ],
        "num_inliers": 11,
        "total_matches": 11,
        "inlier_ratio": 1.0,
        "reprojection_errors": [
            1.7701833248138428,
            1.57991623878479,
            0.3596184253692627,
            2.5916740894317627,
            1.3860399723052979,
            0.4734605550765991,
            2.091707468032837,
            1.85342538356781,
            1.3157286643981934,
            0.6293159127235413,
            3.293295383453369
        ],
        "mean_reprojection_error": 1.5767605304718018,
        "std_reprojection_error": 0.8558115363121033,
        "inliers": [
            0,
            1,
            2,
            3,
            4,
            5,
            6,
            7,
            8,
            9,
            10
        ],
        "mkpts0": [
            [
                591,
                284
            ],
            [
                598,
                298
            ],
            [
                519,
                327
            ],
            [
                727,
                126
            ],
            [
                795,
                220
            ],
            [
                539,
                313
            ],
            [
                727,
                143
            ],
            [
                496,
                378
            ],
            [
                575,
                312
            ],
            [
                834,
                225
            ],
            [
                752,
                77
            ]
        ],
        "mkpts1": [
            [
                639,
                361
            ],
            [
                641,
                373
            ],
            [
                557,
                358
            ],
            [
                829,
                292
            ],
            [
                845,
                373
            ],
            [
                579,
                357
            ],
            [
                829,
                308
            ],
            [
                523,
                380
            ],
            [
                614,
                374
            ],
            [
                866,
                379
            ],
            [
                863,
                258
            ]
        ],
        "mpts3D": [
            [
                0.02500000037252903,
                -0.014000000432133675,
                -0.010999999940395355
            ],
            [
                0.02500000037252903,
                0.0,
                -0.014999999664723873
            ],
            [
                -0.05700000002980232,
                -0.017999999225139618,
                -0.009999999776482582
            ],
            [
                0.20600000023841858,
                -0.07000000029802322,
                -0.0020000000949949026
            ],
            [
                0.21699999272823334,
                -0.0,
                -0.07000000029802322
            ],
            [
                -0.03500000014901161,
                -0.017999999225139618,
                -0.009999999776482582
            ],
            [
                0.20600000023841858,
                -0.054999999701976776,
                -0.0020000000949949026
            ],
            [
                -0.09000000357627869,
                -0.0,
                -0.014999999664723873
            ],
            [
                0.0,
                -0.0,
                -0.014999999664723873
            ],
            [
                0.23000000417232513,
                -0.0,
                -0.11299999803304672
            ],
            [
                0.24300000071525574,
                -0.10400000214576721,
                0.0
            ]
        ],
        "mconf": [
            0.3110765218734741,
            0.1870606392621994,
            0.4230867624282837,
            0.9664223790168762,
            0.2350107580423355,
            0.3301338851451874,
            0.7172425985336304,
            0.1934685856103897,
            0.2369713932275772,
            0.33932384848594666,
            0.2224287986755371
        ],
        "kf_translation_vector": [
            -0.011411326904599457,
            0.01145289746170323,
            1.0631888355974521
        ],
        "kf_rotation_matrix": [
            [
                0.9924133051074071,
                0.04820007775074729,
                0.11310430739195762
            ],
            [
                -0.03716835439929524,
                0.9945221401461452,
                -0.09769455558207568
            ],
            [
                -0.11719362302207795,
                0.0927494758149759,
                0.9887685216768414
            ]
        ],
        "kf_euler_angles": [
            0.09352934137030876,
            0.11746355763876717,
            -0.037434998369552074
        ]
    },
    {
        "frame": 3,
        "object_rotation_in_cam": [
            [
                0.9895016873731275,
                0.040652754367501376,
                0.13868584732433617
            ],
            [
                -0.029042922764882337,
                0.9959803019480422,
                -0.08473338638789167
            ],
            [
                -0.14157301763756594,
                0.07981598645523504,
                0.9867048641732599
            ]
        ],
        "object_translation_in_cam": [
            -0.011040961587548335,
            0.010844949307790942,
            1.0563700404812473
        ],
        "raw_rvec": [
            0.08265820697289279,
            0.14078264089218956,
            -0.03501028053760292
        ],
        "refined_raw_rvec": [
            0.08265820697289279,
            0.14078264089218956,
            -0.03501028053760292
        ],
        "num_inliers": 10,
        "total_matches": 11,
        "inlier_ratio": 0.9090909090909091,
        "reprojection_errors": [
            2.1490321159362793,
            1.3375157117843628,
            0.5899559259414673,
            1.5841645002365112,
            1.7811182737350464,
            0.22542081773281097,
            1.416908621788025,
            0.891146719455719,
            0.9639683961868286,
            2.499910593032837
        ],
        "mean_reprojection_error": 1.3439141511917114,
        "std_reprojection_error": 0.6638988852500916,
        "inliers": [
            0,
            1,
            2,
            3,
            4,
            5,
            7,
            8,
            9,
            10
        ],
        "mkpts0": [
            [
                591,
                284
            ],
            [
                598,
                298
            ],
            [
                519,
                327
            ],
            [
                727,
                126
            ],
            [
                795,
                220
            ],
            [
                539,
                313
            ],
            [
                650,
                377
            ],
            [
                727,
                143
            ],
            [
                575,
                312
            ],
            [
                834,
                225
            ],
            [
                752,
                77
            ]
        ],
        "mkpts1": [
            [
                639,
                361
            ],
            [
                641,
                373
            ],
            [
                557,
                358
            ],
            [
                829,
                292
            ],
            [
                845,
                373
            ],
            [
                579,
                357
            ],
            [
                594,
                392
            ],
            [
                829,
                308
            ],
            [
                614,
                374
            ],
            [
                866,
                379
            ],
            [
                868,
                258
            ]
        ],
        "mpts3D": [
            [
                0.02500000037252903,
                -0.014000000432133675,
                -0.010999999940395355
            ],
            [
                0.02500000037252903,
                0.0,
                -0.014999999664723873
            ],
            [
                -0.05700000002980232,
                -0.017999999225139618,
                -0.009999999776482582
            ],
            [
                0.20600000023841858,
                -0.07000000029802322,
                -0.0020000000949949026
            ],
            [
                0.21699999272823334,
                -0.0,
                -0.07000000029802322
            ],
            [
                -0.03500000014901161,
                -0.017999999225139618,
                -0.009999999776482582
            ],
            [
                -0.028999999165534973,
                -0.0,
                -0.12700000405311584
            ],
            [
                0.20600000023841858,
                -0.054999999701976776,
                -0.0020000000949949026
            ],
            [
                0.0,
                -0.0,
                -0.014999999664723873
            ],
            [
                0.23000000417232513,
                -0.0,
                -0.11299999803304672
            ],
            [
                0.24300000071525574,
                -0.10400000214576721,
                0.0
            ]
        ],
        "mconf": [
            0.5232738256454468,
            0.29955244064331055,
            0.6937965750694275,
            0.9738086462020874,
            0.1439598798751831,
            0.48752716183662415,
            0.11696480959653854,
            0.8524460792541504,
            0.30704325437545776,
            0.3299522399902344,
            0.3915364742279053
        ],
        "kf_translation_vector": [
            -0.011087936413466922,
            0.01102058896437231,
            1.05725455620345
        ],
        "kf_rotation_matrix": [
            [
                0.9898950910459449,
                0.042226244617571816,
                0.13536858198502932
            ],
            [
                -0.03063011833326106,
                0.9957695552794199,
                -0.08663018313218998
            ],
            [
                -0.13845397998624323,
                0.08160843733415889,
                0.9870007894535067
            ]
        ],
        "kf_euler_angles": [
            0.08249560157969044,
            0.1389001889616658,
            -0.030932922644648655
        ]
    },
    {
        "frame": 4,
        "object_rotation_in_cam": [
            [
                0.9902146087296199,
                0.04072880706045563,
                0.1334773124312816
            ],
            [
                -0.02900929095542945,
                0.9956448248916213,
                -0.08859934370409281
            ],
            [
                -0.1365045409380546,
                0.08386028226738157,
                0.987083564528012
            ]
        ],
        "object_translation_in_cam": [
            -0.010908248790585384,
            0.010845969840258105,
            1.055887267493604
        ],
        "raw_rvec": [
            0.08662078286930683,
            0.13560298166961388,
            -0.03502714685784829
        ],
        "refined_raw_rvec": [
            0.08662078286930683,
            0.13560298166961388,
            -0.03502714685784829
        ],
        "num_inliers": 9,
        "total_matches": 10,
        "inlier_ratio": 0.9,
        "reprojection_errors": [
            1.8270753622055054,
            1.254107117652893,
            0.5255040526390076,
            1.5792648792266846,
            0.21113437414169312,
            1.4691299200057983,
            1.0738595724105835,
            0.13580690324306488,
            2.3746705055236816
        ],
        "mean_reprojection_error": 1.1611723899841309,
        "std_reprojection_error": 0.7117993235588074,
        "inliers": [
            0,
            1,
            2,
            3,
            5,
            6,
            7,
            8,
            9
        ],
        "mkpts0": [
            [
                591,
                284
            ],
            [
                598,
                298
            ],
            [
                519,
                327
            ],
            [
                727,
                126
            ],
            [
                745,
                202
            ],
            [
                539,
                313
            ],
            [
                727,
                143
            ],
            [
                575,
                312
            ],
            [
                834,
                225
            ],
            [
                752,
                77
            ]
        ],
        "mkpts1": [
            [
                640,
                361
            ],
            [
                641,
                373
            ],
            [
                557,
                358
            ],
            [
                829,
                292
            ],
            [
                837,
                366
            ],
            [
                579,
                357
            ],
            [
                829,
                308
            ],
            [
                614,
                374
            ],
            [
                866,
                379
            ],
            [
                868,
                258
            ]
        ],
        "mpts3D": [
            [
                0.02500000037252903,
                -0.014000000432133675,
                -0.010999999940395355
            ],
            [
                0.02500000037252903,
                0.0,
                -0.014999999664723873
            ],
            [
                -0.05700000002980232,
                -0.017999999225139618,
                -0.009999999776482582
            ],
            [
                0.20600000023841858,
                -0.07000000029802322,
                -0.0020000000949949026
            ],
            [
                0.21699999272823334,
                -0.0,
                -0.027000000700354576
            ],
            [
                -0.03500000014901161,
                -0.017999999225139618,
                -0.009999999776482582
            ],
            [
                0.20600000023841858,
                -0.054999999701976776,
                -0.0020000000949949026
            ],
            [
                0.0,
                -0.0,
                -0.014999999664723873
            ],
            [
                0.23000000417232513,
                -0.0,
                -0.11299999803304672
            ],
            [
                0.24300000071525574,
                -0.10400000214576721,
                0.0
            ]
        ],
        "mconf": [
            0.2333449274301529,
            0.2952464520931244,
            0.4566662609577179,
            0.9584832191467285,
            0.1323397010564804,
            0.4282114803791046,
            0.6652860641479492,
            0.3180808126926422,
            0.3801847994327545,
            0.5038902759552002
        ],
        "kf_translation_vector": [
            -0.010877939070899484,
            0.01087530283509131,
            1.0552991172092163
        ],
        "kf_rotation_matrix": [
            [
                0.9899066165649955,
                0.04052733022135206,
                0.13580289387922664
            ],
            [
                -0.02875833566320394,
                0.9957466450440595,
                -0.08753043478346434
            ],
            [
                -0.13877265080240236,
                0.08274149133674892,
                0.9868616909175496
            ]
        ],
        "kf_euler_angles": [
            0.08364740909695731,
            0.13922196602840706,
            -0.029043395267460474
        ]
    },
    {
        "frame": 5,
        "object_rotation_in_cam": [
            [
                0.9917844266166058,
                0.04239761857797656,
                0.1206900702613383
            ],
            [
                -0.03060403155145708,
                0.9947209807342196,
                -0.09794673930228563
            ],
            [
                -0.1242056535491351,
                0.09344844795965797,
                0.9878463155776628
            ]
        ],
        "object_translation_in_cam": [
            -0.011100507889625128,
            0.0101844709298088,
            1.0633947499424734
        ],
        "raw_rvec": [
            0.09610878340105196,
            0.12297399120769104,
            -0.03665766041758864
        ],
        "refined_raw_rvec": [
            0.09610878340105196,
            0.12297399120769104,
            -0.03665766041758864
        ],
        "num_inliers": 9,
        "total_matches": 10,
        "inlier_ratio": 0.9,
        "reprojection_errors": [
            2.390127420425415,
            0.7911903262138367,
            2.401136636734009,
            6.005161762237549,
            0.7101306915283203,
            1.944442629814148,
            0.8221831917762756,
            0.6836737394332886,
            2.83040714263916
        ],
        "mean_reprojection_error": 2.06427264213562,
        "std_reprojection_error": 1.6074433326721191,
        "inliers": [
            0,
            1,
            3,
            4,
            5,
            6,
            7,
            8,
            9
        ],
        "mkpts0": [
            [
                591,
                284
            ],
            [
                598,
                298
            ],
            [
                519,
                327
            ],
            [
                727,
                126
            ],
            [
                745,
                202
            ],
            [
                539,
                313
            ],
            [
                727,
                143
            ],
            [
                575,
                312
            ],
            [
                834,
                225
            ],
            [
                752,
                77
            ]
        ],
        "mkpts1": [
            [
                640,
                361
            ],
            [
                641,
                373
            ],
            [
                557,
                358
            ],
            [
                829,
                292
            ],
            [
                837,
                366
            ],
            [
                579,
                357
            ],
            [
                829,
                308
            ],
            [
                614,
                374
            ],
            [
                866,
                379
            ],
            [
                867,
                258
            ]
        ],
        "mpts3D": [
            [
                0.02500000037252903,
                -0.014000000432133675,
                -0.010999999940395355
            ],
            [
                0.02500000037252903,
                0.0,
                -0.014999999664723873
            ],
            [
                -0.05700000002980232,
                -0.017999999225139618,
                -0.009999999776482582
            ],
            [
                0.20600000023841858,
                -0.07000000029802322,
                -0.0020000000949949026
            ],
            [
                0.21699999272823334,
                -0.0,
                -0.027000000700354576
            ],
            [
                -0.03500000014901161,
                -0.017999999225139618,
                -0.009999999776482582
            ],
            [
                0.20600000023841858,
                -0.054999999701976776,
                -0.0020000000949949026
            ],
            [
                0.0,
                -0.0,
                -0.014999999664723873
            ],
            [
                0.23000000417232513,
                -0.0,
                -0.11299999803304672
            ],
            [
                0.24300000071525574,
                -0.10400000214576721,
                0.0
            ]
        ],
        "mconf": [
            0.21463808417320251,
            0.2568124234676361,
            0.7231984734535217,
            0.9510013461112976,
            0.2032669335603714,
            0.5484411716461182,
            0.8217061758041382,
            0.2701961100101471,
            0.15694010257720947,
            0.5703442692756653
        ],
        "kf_translation_vector": [
            -0.011009409527261678,
            0.010169250751512954,
            1.0620812077566375
        ],
        "kf_rotation_matrix": [
            [
                0.9915213757834073,
                0.04159093488008319,
                0.12310790186003498
            ],
            [
                -0.02968755992255007,
                0.9948422308684272,
                -0.09699270316150652
            ],
            [
                -0.12650695692500205,
                0.09251556526623937,
                0.9876420708095842
            ]
        ],
        "kf_euler_angles": [
            0.09340062166970914,
            0.12684684691864684,
            -0.02993247941509085
        ]
    },
    {
        "frame": 6,
        "object_rotation_in_cam": [
            [
                0.9903329955733724,
                0.03960954889733292,
                0.13293472651952373
            ],
            [
                -0.027946596859945987,
                0.9956857251311951,
                -0.08848120983527404
            ],
            [
                -0.13586591037717458,
                0.08391078837739478,
                0.98716737891366
            ]
        ],
        "object_translation_in_cam": [
            -0.010941258505093665,
            0.010636436208915575,
            1.0560245683506386
        ],
        "raw_rvec": [
            0.08658328532447654,
            0.1350041909202576,
            -0.03392984073604498
        ],
        "refined_raw_rvec": [
            0.08658328532447654,
            0.1350041909202576,
            -0.03392984073604498
        ],
        "num_inliers": 9,
        "total_matches": 9,
        "inlier_ratio": 1.0,
        "reprojection_errors": [
            2.014622688293457,
            1.1033170223236084,
            0.238982692360878,
            1.5995862483978271,
            0.4493403434753418,
            1.490449070930481,
            0.900644838809967,
            0.12055683881044388,
            2.290839433670044
        ],
        "mean_reprojection_error": 1.134259819984436,
        "std_reprojection_error": 0.7310478091239929,
        "inliers": [
            0,
            1,
            2,
            3,
            4,
            5,
            6,
            7,
            8
        ],
        "mkpts0": [
            [
                591,
                284
            ],
            [
                598,
                298
            ],
            [
                519,
                327
            ],
            [
                727,
                126
            ],
            [
                539,
                313
            ],
            [
                727,
                143
            ],
            [
                575,
                312
            ],
            [
                834,
                225
            ],
            [
                752,
                77
            ]
        ],
        "mkpts1": [
            [
                640,
                361
            ],
            [
                641,
                373
            ],
            [
                557,
                357
            ],
            [
                829,
                292
            ],
            [
                579,
                357
            ],
            [
                829,
                308
            ],
            [
                614,
                374
            ],
            [
                866,
                379
            ],
            [
                868,
                258
            ]
        ],
        "mpts3D": [
            [
                0.02500000037252903,
                -0.014000000432133675,
                -0.010999999940395355
            ],
            [
                0.02500000037252903,
                0.0,
                -0.014999999664723873
            ],
            [
                -0.05700000002980232,
                -0.017999999225139618,
                -0.009999999776482582
            ],
            [
                0.20600000023841858,
                -0.07000000029802322,
                -0.0020000000949949026
            ],
            [
                -0.03500000014901161,
                -0.017999999225139618,
                -0.009999999776482582
            ],
            [
                0.20600000023841858,
                -0.054999999701976776,
                -0.0020000000949949026
            ],
            [
                0.0,
                -0.0,
                -0.014999999664723873
            ],
            [
                0.23000000417232513,
                -0.0,
                -0.11299999803304672
            ],
            [
                0.24300000071525574,
                -0.10400000214576721,
                0.0
            ]
        ],
        "mconf": [
            0.2980695366859436,
            0.23278257250785828,
            0.48480209708213806,
            0.9810264706611633,
            0.3079703450202942,
            0.65828937292099,
            0.29990720748901367,
            0.27798280119895935,
            0.49997061491012573
        ],
        "kf_translation_vector": [
            -0.010932811563911736,
            0.01036359175501075,
            1.0576707677152737
        ],
        "kf_rotation_matrix": [
            [
                0.9907368494233301,
                0.039452981459697826,
                0.12993828322967174
            ],
            [
                -0.027673653045224757,
                0.9954440845381151,
                -0.09124277223543055
            ],
            [
                -0.13294609479735076,
                0.08680170972979089,
                0.9873149442128986
            ]
        ],
        "kf_euler_angles": [
            0.0876914710269306,
            0.1333408724270934,
            -0.027925133966243413
        ]
    },
    {
        "frame": 7,
        "object_rotation_in_cam": [
            [
                0.9903200749454972,
                0.040303378297720585,
                0.13282238839042015
            ],
            [
                -0.028556692098027584,
                0.9956054628322987,
                -0.08918675750862763
            ],
            [
                -0.13583322309495288,
                0.08453046833110013,
                0.9871190077327868
            ]
        ],
        "object_translation_in_cam": [
            -0.010918039775802538,
            0.010677886483411414,
            1.0560864919785207
        ],
        "raw_rvec": [
            0.08725094774793685,
            0.13493455589445444,
            -0.034585553476209556
        ],
        "refined_raw_rvec": [
            0.08725094774793685,
            0.13493455589445444,
            -0.034585553476209556
        ],
        "num_inliers": 9,
        "total_matches": 9,
        "inlier_ratio": 1.0,
        "reprojection_errors": [
            1.0062501430511475,
            1.1202625036239624,
            0.7130488157272339,
            1.5266914367675781,
            0.38198477029800415,
            1.4076060056686401,
            0.9558556079864502,
            0.14898476004600525,
            2.4020869731903076
        ],
        "mean_reprojection_error": 1.073641300201416,
        "std_reprojection_error": 0.6294220089912415,
        "inliers": [
            0,
            1,
            2,
            3,
            4,
            5,
            6,
            7,
            8
        ],
        "mkpts0": [
            [
                591,
                284
            ],
            [
                598,
                298
            ],
            [
                519,
                327
            ],
            [
                727,
                126
            ],
            [
                539,
                313
            ],
            [
                727,
                143
            ],
            [
                575,
                312
            ],
            [
                834,
                225
            ],
            [
                752,
                77
            ]
        ],
        "mkpts1": [
            [
                640,
                360
            ],
            [
                641,
                373
            ],
            [
                557,
                358
            ],
            [
                829,
                292
            ],
            [
                579,
                357
            ],
            [
                829,
                308
            ],
            [
                614,
                374
            ],
            [
                866,
                379
            ],
            [
                868,
                258
            ]
        ],
        "mpts3D": [
            [
                0.02500000037252903,
                -0.014000000432133675,
                -0.010999999940395355
            ],
            [
                0.02500000037252903,
                0.0,
                -0.014999999664723873
            ],
            [
                -0.05700000002980232,
                -0.017999999225139618,
                -0.009999999776482582
            ],
            [
                0.20600000023841858,
                -0.07000000029802322,
                -0.0020000000949949026
            ],
            [
                -0.03500000014901161,
                -0.017999999225139618,
                -0.009999999776482582
            ],
            [
                0.20600000023841858,
                -0.054999999701976776,
                -0.0020000000949949026
            ],
            [
                0.0,
                -0.0,
                -0.014999999664723873
            ],
            [
                0.23000000417232513,
                -0.0,
                -0.11299999803304672
            ],
            [
                0.24300000071525574,
                -0.10400000214576721,
                0.0
            ]
        ],
        "mconf": [
            0.4115400016307831,
            0.38658607006073,
            0.8016793131828308,
            0.9967750906944275,
            0.5886455774307251,
            0.9071102738380432,
            0.3865385055541992,
            0.27911460399627686,
            0.4208228886127472
        ],
        "kf_translation_vector": [
            -0.010894022929222565,
            0.010538238900534532,
            1.0558249766099108
        ],
        "kf_rotation_matrix": [
            [
                0.9903420060073119,
                0.03938566834932763,
                0.13293412002225033
            ],
            [
                -0.027632265221122967,
                0.9956366290085498,
                -0.0891300224124335
            ],
            [
                -0.13586452464187554,
                0.08459593433001464,
                0.9871090916604248
            ]
        ],
        "kf_euler_angles": [
            0.08549180119920512,
            0.13628602641117987,
            -0.027894502871654892
        ]
    },
    {
        "frame": 8,
        "object_rotation_in_cam": [
            [
                0.9907098804479729,
                0.0374223654664347,
                0.13074211007039666
            ],
            [
                -0.026232598976680975,
                0.9959251407436424,
                -0.08628420936466188
            ],
            [
                -0.1334383135898073,
                0.08205291340137025,
                0.9876545630273044
            ]
        ],
        "object_translation_in_cam": [
            -0.010978041916276124,
            0.010495662171875345,
            1.056675382808088
        ],
        "raw_rvec": [
            0.08453109436294057,
            0.1326591541682716,
            -0.03196457036686625
        ],
        "refined_raw_rvec": [
            0.08453109436294057,
            0.1326591541682716,
            -0.03196457036686625
        ],
        "num_inliers": 9,
        "total_matches": 9,
        "inlier_ratio": 1.0,
        "reprojection_errors": [
            1.1652649641036987,
            0.9912481307983398,
            0.10127224028110504,
            1.8910990953445435,
            0.6832691431045532,
