[
    {
        "frame": 1,
        "object_rotation_in_cam": [
            [
                0.9901356676614815,
                0.040141624248945684,
                0.13423862941496625
            ],
            [
                -0.028656737501815646,
                0.9958466008980168,
                -0.08641955146619325
            ],
            [
                -0.13715010397482105,
                0.08172023912423683,
                0.9871735670575734
            ]
        ],
        "object_translation_in_cam": [
            -0.011111746071963134,
            0.01062375706622569,
            1.0577275170779143
        ],
        "raw_rvec": [
            0.08444805738046815,
            0.13630474529101597,
            -0.034553914813434866
        ],
        "refined_raw_rvec": [
            0.08444805738046815,
            0.13630474529101597,
            -0.034553914813434866
        ],
        "num_inliers": 10,
        "total_matches": 10,
        "inlier_ratio": 1.0,
        "reprojection_errors": [
            2.311105728149414,
            1.187411904335022,
            0.2860903739929199,
            1.7177014350891113,
            1.673737645149231,
            0.4402853846549988,
            1.4548894166946411,
            0.7283347845077515,
            0.8856875896453857,
            2.317521572113037
        ],
        "mean_reprojection_error": 1.300276517868042,
        "std_reprojection_error": 0.6836727261543274,
        "inliers": [
            0,
            1,
            2,
            3,
            4,
            5,
            6,
            7,
            8,
            9
        ],
        "mkpts0": [
            [
                591,
                284
            ],
            [
                598,
                298
            ],
            [
                519,
                327
            ],
            [
                727,
                126
            ],
            [
                795,
                220
            ],
            [
                539,
                313
            ],
            [
                727,
                143
            ],
            [
                575,
                312
            ],
            [
                834,
                225
            ],
            [
                752,
                77
            ]
        ],
        "mkpts1": [
            [
                639,
                361
            ],
            [
                641,
                373
            ],
            [
                557,
                357
            ],
            [
                829,
                292
            ],
            [
                845,
                373
            ],
            [
                579,
                357
            ],
            [
                829,
                308
            ],
            [
                614,
                374
            ],
            [
                866,
                379
            ],
            [
                867,
                258
            ]
        ],
        "mpts3D": [
            [
                0.02500000037252903,
                -0.014000000432133675,
                -0.010999999940395355
            ],
            [
                0.02500000037252903,
                0.0,
                -0.014999999664723873
            ],
            [
                -0.05700000002980232,
                -0.017999999225139618,
                -0.009999999776482582
            ],
            [
                0.20600000023841858,
                -0.07000000029802322,
                -0.0020000000949949026
            ],
            [
                0.21699999272823334,
                -0.0,
                -0.07000000029802322
            ],
            [
                -0.03500000014901161,
                -0.017999999225139618,
                -0.009999999776482582
            ],
            [
                0.20600000023841858,
                -0.054999999701976776,
                -0.0020000000949949026
            ],
            [
                0.0,
                -0.0,
                -0.014999999664723873
            ],
            [
                0.23000000417232513,
                -0.0,
                -0.11299999803304672
            ],
            [
                0.24300000071525574,
                -0.10400000214576721,
                0.0
            ]
        ],
        "mconf": [
            0.3032180368900299,
            0.17783741652965546,
            0.4375861883163452,
            0.8821696639060974,
            0.25378718972206116,
            0.25875476002693176,
            0.7201863527297974,
            0.26096197962760925,
            0.320661336183548,
            0.4428485035896301
        ],
        "kf_translation_vector": [
            -0.011221473650027285,
            0.010728665793015277,
            1.0681724892676239
        ],
        "kf_rotation_matrix": [
            [
                0.9899402691432773,
                0.04064767338838234,
                0.13552132738667788
            ],
            [
                -0.028934169630304298,
                0.9957609686841965,
                -0.08730926109477369
            ],
            [
                -0.13849576656468784,
                0.08250975635173079,
                0.9869199880185007
            ]
        ],
        "kf_euler_angles": [
            0.08340931916571905,
            0.13894238203036324,
            -0.02921987859864993
        ]
    },
    {
        "frame": 2,
        "object_rotation_in_cam": [
            [
                0.9917520606747224,
                0.04571859433050003,
                0.11973996943328799
            ],
            [
                -0.034494201055337154,
                0.9949564716391327,
                -0.09419007185983927
            ],
            [
                -0.12344229518684247,
                0.08928286328210402,
                0.9883271574145646
            ]
        ],
        "object_translation_in_cam": [
            -0.011316316008158132,
            0.011191911861793464,
            1.0613729799541252
        ],
        "raw_rvec": [
            0.0921200731526727,
            0.12209957827789591,
            -0.040274106766793966
        ],
        "refined_raw_rvec": [
            0.0921200731526727,
            0.12209957827789591,
            -0.040274106766793966
        ],
        "num_inliers": 11,
        "total_matches": 11,
        "inlier_ratio": 1.0,
        "reprojection_errors": [
            1.7701833248138428,
            1.57991623878479,
            0.3596184253692627,
            2.5916740894317627,
            1.3860399723052979,
            0.4734605550765991,
            2.091707468032837,
            1.85342538356781,
            1.3157286643981934,
            0.6293159127235413,
            3.293295383453369
        ],
        "mean_reprojection_error": 1.5767605304718018,
        "std_reprojection_error": 0.8558115363121033,
        "inliers": [
            0,
            1,
            2,
            3,
            4,
            5,
            6,
            7,
            8,
            9,
            10
        ],
        "mkpts0": [
            [
                591,
                284
            ],
            [
                598,
                298
            ],
            [
                519,
                327
            ],
            [
                727,
                126
            ],
            [
                795,
                220
            ],
            [
                539,
                313
            ],
            [
                727,
                143
            ],
            [
                496,
                378
            ],
            [
                575,
                312
            ],
            [
                834,
                225
            ],
            [
                752,
                77
            ]
        ],
        "mkpts1": [
            [
                639,
                361
            ],
            [
                641,
                373
            ],
            [
                557,
                358
            ],
            [
                829,
                292
            ],
            [
                845,
                373
            ],
            [
                579,
                357
            ],
            [
                829,
                308
            ],
            [
                523,
                380
            ],
            [
                614,
                374
            ],
            [
                866,
                379
            ],
            [
                863,
                258
            ]
        ],
        "mpts3D": [
            [
                0.02500000037252903,
                -0.014000000432133675,
                -0.010999999940395355
            ],
            [
                0.02500000037252903,
                0.0,
                -0.014999999664723873
            ],
            [
                -0.05700000002980232,
                -0.017999999225139618,
                -0.009999999776482582
            ],
            [
                0.20600000023841858,
                -0.07000000029802322,
                -0.0020000000949949026
            ],
            [
                0.21699999272823334,
                -0.0,
                -0.07000000029802322
            ],
            [
                -0.03500000014901161,
                -0.017999999225139618,
                -0.009999999776482582
            ],
            [
                0.20600000023841858,
                -0.054999999701976776,
                -0.0020000000949949026
            ],
            [
                -0.09000000357627869,
                -0.0,
                -0.014999999664723873
            ],
            [
                0.0,
                -0.0,
                -0.014999999664723873
            ],
            [
                0.23000000417232513,
                -0.0,
                -0.11299999803304672
            ],
            [
                0.24300000071525574,
                -0.10400000214576721,
                0.0
            ]
        ],
        "mconf": [
            0.3143664300441742,
            0.19074027240276337,
            0.42843636870384216,
            0.9674280881881714,
            0.22958871722221375,
            0.3261505961418152,
            0.7263311743736267,
            0.19650372862815857,
            0.23592296242713928,
            0.33700716495513916,
            0.22122463583946228
        ],
        "kf_translation_vector": [
            -0.01141982129043483,
            0.01148064205704607,
            1.063163776884531
        ],
        "kf_rotation_matrix": [
            [
                0.9924903649150588,
                0.04847205395795022,
                0.11230910709230563
            ],
            [
                -0.037470682705468425,
                0.9944732156270414,
                -0.09807635463249183
            ],
            [
                -0.11644236122803214,
                0.09313153808195028,
                0.9888213656298748
            ]
        ],
        "kf_euler_angles": [
            0.09390737007524749,
            0.11670711673235604,
            -0.037736280291713976
        ]
    },
    {
        "frame": 3,
        "object_rotation_in_cam": [
            [
                0.9895016873731275,
                0.040652754367501376,
                0.13868584732433617
            ],
            [
                -0.029042922764882337,
                0.9959803019480422,
                -0.08473338638789167
            ],
            [
                -0.14157301763756594,
                0.07981598645523504,
                0.9867048641732599
            ]
        ],
        "object_translation_in_cam": [
            -0.011040961587548335,
            0.010844949307790942,
            1.0563700404812473
        ],
        "raw_rvec": [
            0.08265820697289279,
            0.14078264089218956,
            -0.03501028053760292
        ],
        "refined_raw_rvec": [
            0.08265820697289279,
            0.14078264089218956,
            -0.03501028053760292
        ],
        "num_inliers": 10,
        "total_matches": 11,
        "inlier_ratio": 0.9090909090909091,
        "reprojection_errors": [
            2.1490321159362793,
            1.3375157117843628,
            0.5899559259414673,
            1.5841645002365112,
            1.7811182737350464,
            0.22542081773281097,
            1.416908621788025,
            0.891146719455719,
            0.9639683961868286,
            2.499910593032837
        ],
        "mean_reprojection_error": 1.3439141511917114,
        "std_reprojection_error": 0.6638988852500916,
        "inliers": [
            0,
            1,
            2,
            3,
            4,
            5,
            7,
            8,
            9,
            10
        ],
        "mkpts0": [
            [
                591,
                284
            ],
            [
                598,
                298
            ],
            [
                519,
                327
            ],
            [
                727,
                126
            ],
            [
                795,
                220
            ],
            [
                539,
                313
            ],
            [
                650,
                377
            ],
            [
                727,
                143
            ],
            [
                575,
                312
            ],
            [
                834,
                225
            ],
            [
                752,
                77
            ]
        ],
        "mkpts1": [
            [
                639,
                361
            ],
            [
                641,
                373
            ],
            [
                557,
                358
            ],
            [
                829,
                292
            ],
            [
                845,
                373
            ],
            [
                579,
                357
            ],
            [
                594,
                392
            ],
            [
                829,
                308
            ],
            [
                614,
                374
            ],
            [
                866,
                379
            ],
            [
                868,
                258
            ]
        ],
        "mpts3D": [
            [
                0.02500000037252903,
                -0.014000000432133675,
                -0.010999999940395355
            ],
            [
                0.02500000037252903,
                0.0,
                -0.014999999664723873
            ],
            [
                -0.05700000002980232,
                -0.017999999225139618,
                -0.009999999776482582
            ],
            [
                0.20600000023841858,
                -0.07000000029802322,
                -0.0020000000949949026
            ],
            [
                0.21699999272823334,
                -0.0,
                -0.07000000029802322
            ],
            [
                -0.03500000014901161,
                -0.017999999225139618,
                -0.009999999776482582
            ],
            [
                -0.028999999165534973,
                -0.0,
                -0.12700000405311584
            ],
            [
                0.20600000023841858,
                -0.054999999701976776,
                -0.0020000000949949026
            ],
            [
                0.0,
                -0.0,
                -0.014999999664723873
            ],
            [
                0.23000000417232513,
                -0.0,
                -0.11299999803304672
            ],
            [
                0.24300000071525574,
                -0.10400000214576721,
                0.0
            ]
        ],
        "mconf": [
            0.5249310731887817,
            0.3082849383354187,
            0.6981925964355469,
            0.972960352897644,
            0.14466647803783417,
            0.4935801923274994,
            0.11531897634267807,
            0.8541311621665955,
            0.30874037742614746,
            0.33085423707962036,
            0.3889676630496979
        ],
        "kf_translation_vector": [
            -0.010833659798233064,
            0.010542722652238044,
            1.0524492639914245
        ],
        "kf_rotation_matrix": [
            [
                0.9875954269359661,
                0.036387431227631786,
                0.15274563019550222
            ],
            [
                -0.024747616836513574,
                0.9966909571100558,
                -0.07742539296609335
            ],
            [
                -0.15505749951575984,
                0.07268487369250383,
                0.9852279335160088
            ]
        ],
        "kf_euler_angles": [
            0.07364126897916828,
            0.15568565653897545,
            -0.025053213309587152
        ]
    },
    {
        "frame": 4,
        "object_rotation_in_cam": [
            [
                0.9902146087296199,
                0.04072880706045563,
                0.1334773124312816
            ],
            [
                -0.02900929095542945,
                0.9956448248916213,
                -0.08859934370409281
            ],
            [
                -0.1365045409380546,
                0.08386028226738157,
                0.987083564528012
            ]
        ],
        "object_translation_in_cam": [
            -0.010908248790585384,
            0.010845969840258105,
            1.055887267493604
        ],
        "raw_rvec": [
            0.08662078286930683,
            0.13560298166961388,
            -0.03502714685784829
        ],
        "refined_raw_rvec": [
            0.08662078286930683,
            0.13560298166961388,
            -0.03502714685784829
        ],
        "num_inliers": 9,
        "total_matches": 10,
        "inlier_ratio": 0.9,
        "reprojection_errors": [
            1.8270753622055054,
            1.254107117652893,
            0.5255040526390076,
            1.5792648792266846,
            0.21113437414169312,
            1.4691299200057983,
            1.0738595724105835,
            0.13580690324306488,
            2.3746705055236816
        ],
        "mean_reprojection_error": 1.1611723899841309,
        "std_reprojection_error": 0.7117993235588074,
        "inliers": [
            0,
            1,
            2,
            3,
            5,
            6,
            7,
            8,
            9
        ],
        "mkpts0": [
            [
                591,
                284
            ],
            [
                598,
                298
            ],
            [
                519,
                327
            ],
            [
                727,
                126
            ],
            [
                745,
                202
            ],
            [
                539,
                313
            ],
            [
                727,
                143
            ],
            [
                575,
                312
            ],
            [
                834,
                225
            ],
            [
                752,
                77
            ]
        ],
        "mkpts1": [
            [
                640,
                361
            ],
            [
                641,
                373
            ],
            [
                557,
                358
            ],
            [
                829,
                292
            ],
            [
                837,
                366
            ],
            [
                579,
                357
            ],
            [
                829,
                308
            ],
            [
                614,
                374
            ],
            [
                866,
                379
            ],
            [
                868,
                258
            ]
        ],
        "mpts3D": [
            [
                0.02500000037252903,
                -0.014000000432133675,
                -0.010999999940395355
            ],
            [
                0.02500000037252903,
                0.0,
                -0.014999999664723873
            ],
            [
                -0.05700000002980232,
                -0.017999999225139618,
                -0.009999999776482582
            ],
            [
                0.20600000023841858,
                -0.07000000029802322,
                -0.0020000000949949026
            ],
            [
                0.21699999272823334,
                -0.0,
                -0.027000000700354576
            ],
            [
                -0.03500000014901161,
                -0.017999999225139618,
                -0.009999999776482582
            ],
            [
                0.20600000023841858,
                -0.054999999701976776,
                -0.0020000000949949026
            ],
            [
                0.0,
                -0.0,
                -0.014999999664723873
            ],
            [
                0.23000000417232513,
                -0.0,
                -0.11299999803304672
            ],
            [
                0.24300000071525574,
                -0.10400000214576721,
                0.0
            ]
        ],
        "mconf": [
            0.23988127708435059,
            0.2910616397857666,
            0.466776967048645,
            0.9584659337997437,
            0.12951745092868805,
            0.4375371038913727,
            0.6649906039237976,
            0.3192053735256195,
            0.37665706872940063,
            0.4943229556083679
        ],
        "kf_translation_vector": [
            -0.010702021581505107,
            0.01058173772597184,
            1.053007942090934
        ],
        "kf_rotation_matrix": [
            [
                0.9893593807866746,
                0.037618087177307684,
                0.1405449933883385
            ],
            [
                -0.025733020571564052,
                0.9960105605754133,
                -0.08544457194295216
            ],
            [
                -0.14319855900696452,
                0.08091874158296918,
                0.9863804184790762
            ]
        ],
        "kf_euler_angles": [
            0.08185274588832041,
            0.1436925317357548,
            -0.026003917842947033
        ]
    },
    {
        "frame": 5,
        "object_rotation_in_cam": [
            [
                0.9917844266166058,
                0.04239761857797656,
                0.1206900702613383
            ],
            [
                -0.03060403155145708,
                0.9947209807342196,
                -0.09794673930228563
            ],
            [
                -0.1242056535491351,
                0.09344844795965797,
                0.9878463155776628
            ]
        ],
        "object_translation_in_cam": [
            -0.011100507889625128,
            0.0101844709298088,
            1.0633947499424734
        ],
        "raw_rvec": [
            0.09610878340105196,
            0.12297399120769104,
            -0.03665766041758864
        ],
        "refined_raw_rvec": [
            0.09610878340105196,
            0.12297399120769104,
            -0.03665766041758864
        ],
        "num_inliers": 9,
        "total_matches": 10,
        "inlier_ratio": 0.9,
        "reprojection_errors": [
            2.390127420425415,
            0.7911903262138367,
            2.401136636734009,
            6.005161762237549,
            0.7101306915283203,
            1.944442629814148,
            0.8221831917762756,
            0.6836737394332886,
            2.83040714263916
        ],
        "mean_reprojection_error": 2.06427264213562,
        "std_reprojection_error": 1.6074433326721191,
        "inliers": [
            0,
            1,
            3,
            4,
            5,
            6,
            7,
            8,
            9
        ],
        "mkpts0": [
            [
                591,
                284
            ],
            [
                598,
                298
            ],
            [
                519,
                327
            ],
            [
                727,
                126
            ],
            [
                745,
                202
            ],
            [
                539,
                313
            ],
            [
                727,
                143
            ],
            [
                575,
                312
            ],
            [
                834,
                225
            ],
            [
                752,
                77
            ]
        ],
        "mkpts1": [
            [
                640,
                361
            ],
            [
                641,
                373
            ],
            [
                557,
                358
            ],
            [
                829,
                292
            ],
            [
                837,
                366
            ],
            [
                579,
                357
            ],
            [
                829,
                308
            ],
            [
                614,
                374
            ],
            [
                866,
                379
            ],
            [
                867,
                258
            ]
        ],
        "mpts3D": [
            [
                0.02500000037252903,
                -0.014000000432133675,
                -0.010999999940395355
            ],
            [
                0.02500000037252903,
                0.0,
                -0.014999999664723873
            ],
            [
                -0.05700000002980232,
                -0.017999999225139618,
                -0.009999999776482582
            ],
            [
                0.20600000023841858,
                -0.07000000029802322,
                -0.0020000000949949026
            ],
            [
                0.21699999272823334,
                -0.0,
                -0.027000000700354576
            ],
            [
                -0.03500000014901161,
                -0.017999999225139618,
                -0.009999999776482582
            ],
            [
                0.20600000023841858,
                -0.054999999701976776,
                -0.0020000000949949026
            ],
            [
                0.0,
                -0.0,
                -0.014999999664723873
            ],
            [
                0.23000000417232513,
                -0.0,
                -0.11299999803304672
            ],
            [
                0.24300000071525574,
                -0.10400000214576721,
                0.0
            ]
        ],
        "mconf": [
            0.20980697870254517,
            0.256338506937027,
            0.7235975861549377,
            0.9523220062255859,
            0.19795025885105133,
            0.5468223690986633,
            0.8274745345115662,
            0.2713971734046936,
            0.1585921347141266,
            0.5639176964759827
        ],
        "kf_translation_vector": [
            -0.011028840036861826,
            0.009803066628892774,
            1.0640999642719229
        ],
        "kf_rotation_matrix": [
            [
                0.9919733503460927,
                0.0410624161577907,
                0.11959410596861667
            ],
            [
                -0.029140277872061863,
                0.9945823264754446,
                -0.09978396698984984
            ],
            [
                -0.12304355492543005,
                0.09549803056595896,
                0.9877957328057942
            ]
        ],
        "kf_euler_angles": [
            0.09637838772855574,
            0.12335616349410869,
            -0.029367623600876833
        ]
    },
    {
        "frame": 6,
        "object_rotation_in_cam": [
            [
                0.9903329955733724,
                0.03960954889733292,
                0.13293472651952373
            ],
            [
                -0.027946596859945987,
                0.9956857251311951,
                -0.08848120983527404
            ],
            [
                -0.13586591037717458,
                0.08391078837739478,
                0.98716737891366
            ]
        ],
        "object_translation_in_cam": [
            -0.010941258505093665,
            0.010636436208915575,
            1.0560245683506386
        ],
        "raw_rvec": [
            0.08658328532447654,
            0.1350041909202576,
            -0.03392984073604498
        ],
        "refined_raw_rvec": [
            0.08658328532447654,
            0.1350041909202576,
            -0.03392984073604498
        ],
        "num_inliers": 9,
        "total_matches": 9,
        "inlier_ratio": 1.0,
        "reprojection_errors": [
            2.014622688293457,
            1.1033170223236084,
            0.238982692360878,
            1.5995862483978271,
            0.4493403434753418,
            1.490449070930481,
            0.900644838809967,
            0.12055683881044388,
            2.290839433670044
        ],
        "mean_reprojection_error": 1.134259819984436,
        "std_reprojection_error": 0.7310478091239929,
        "inliers": [
            0,
            1,
            2,
            3,
            4,
            5,
            6,
            7,
            8
        ],
        "mkpts0": [
            [
                591,
                284
            ],
            [
                598,
                298
            ],
            [
                519,
                327
            ],
            [
                727,
                126
            ],
            [
                539,
                313
            ],
            [
                727,
                143
            ],
            [
                575,
                312
            ],
            [
                834,
                225
            ],
            [
                752,
                77
            ]
        ],
        "mkpts1": [
            [
                640,
                361
            ],
            [
                641,
                373
            ],
            [
                557,
                357
            ],
            [
                829,
                292
            ],
            [
                579,
                357
            ],
            [
                829,
                308
            ],
            [
                614,
                374
            ],
            [
                866,
                379
            ],
            [
                868,
                258
            ]
        ],
        "mpts3D": [
            [
                0.02500000037252903,
                -0.014000000432133675,
                -0.010999999940395355
            ],
            [
                0.02500000037252903,
                0.0,
                -0.014999999664723873
            ],
            [
                -0.05700000002980232,
                -0.017999999225139618,
                -0.009999999776482582
            ],
            [
                0.20600000023841858,
                -0.07000000029802322,
                -0.0020000000949949026
            ],
            [
                -0.03500000014901161,
                -0.017999999225139618,
                -0.009999999776482582
            ],
            [
                0.20600000023841858,
                -0.054999999701976776,
                -0.0020000000949949026
            ],
            [
                0.0,
                -0.0,
                -0.014999999664723873
            ],
            [
                0.23000000417232513,
                -0.0,
                -0.11299999803304672
            ],
            [
                0.24300000071525574,
                -0.10400000214576721,
                0.0
            ]
        ],
        "mconf": [
            0.2944955825805664,
            0.236435666680336,
            0.4792490601539612,
            0.9805580973625183,
            0.3034708499908447,
            0.6546353101730347,
            0.3017556369304657,
            0.27783694863319397,
            0.5030037760734558
        ],
        "kf_translation_vector": [
            -0.010932727340746032,
            0.010294484368023658,
            1.057373335606001
        ],
        "kf_rotation_matrix": [
            [
                0.9907075391130369,
                0.03883560798691398,
                0.1303471039067509
            ],
            [
                -0.027088924422136514,
                0.9955087188124538,
                -0.09071152596025688
            ],
            [
                -0.1332845156732107,
                0.0863376298069001,
                0.9873100078299036
            ]
        ],
        "kf_euler_angles": [
            0.08722544867072499,
            0.1336823321053844,
            -0.02733619706887765
        ]
    },
    {
        "frame": 7,
        "object_rotation_in_cam": [
            [
                0.9903200749454972,
                0.040303378297720585,
                0.13282238839042015
            ],
            [
                -0.028556692098027584,
                0.9956054628322987,
                -0.08918675750862763
            ],
            [
                -0.13583322309495288,
                0.08453046833110013,
                0.9871190077327868
            ]
        ],
        "object_translation_in_cam": [
            -0.010918039775802538,
            0.010677886483411414,
            1.0560864919785207
        ],
        "raw_rvec": [
            0.08725094774793685,
            0.13493455589445444,
            -0.034585553476209556
        ],
        "refined_raw_rvec": [
            0.08725094774793685,
            0.13493455589445444,
            -0.034585553476209556
        ],
        "num_inliers": 9,
        "total_matches": 9,
        "inlier_ratio": 1.0,
        "reprojection_errors": [
            1.0062501430511475,
            1.1202625036239624,
            0.7130488157272339,
            1.5266914367675781,
            0.38198477029800415,
            1.4076060056686401,
            0.9558556079864502,
            0.14898476004600525,
            2.4020869731903076
        ],
        "mean_reprojection_error": 1.073641300201416,
        "std_reprojection_error": 0.6294220089912415,
        "inliers": [
            0,
            1,
            2,
            3,
            4,
            5,
            6,
            7,
            8
        ],
        "mkpts0": [
            [
                591,
                284
            ],
            [
                598,
                298
            ],
            [
                519,
                327
            ],
            [
                727,
                126
            ],
            [
                539,
                313
            ],
            [
                727,
                143
            ],
            [
                575,
                312
            ],
            [
                834,
                225
            ],
            [
                752,
                77
            ]
        ],
        "mkpts1": [
            [
                640,
                360
            ],
            [
                641,
                373
            ],
            [
                557,
                358
            ],
            [
                829,
                292
            ],
            [
                579,
                357
            ],
            [
                829,
                308
            ],
            [
                614,
                374
            ],
            [
                866,
                379
            ],
            [
                868,
                258
            ]
        ],
        "mpts3D": [
            [
                0.02500000037252903,
                -0.014000000432133675,
                -0.010999999940395355
            ],
            [
                0.02500000037252903,
                0.0,
                -0.014999999664723873
            ],
            [
                -0.05700000002980232,
                -0.017999999225139618,
                -0.009999999776482582
            ],
            [
                0.20600000023841858,
                -0.07000000029802322,
                -0.0020000000949949026
            ],
            [
                -0.03500000014901161,
                -0.017999999225139618,
                -0.009999999776482582
            ],
            [
                0.20600000023841858,
                -0.054999999701976776,
                -0.0020000000949949026
            ],
            [
                0.0,
                -0.0,
                -0.014999999664723873
            ],
            [
                0.23000000417232513,
                -0.0,
                -0.11299999803304672
            ],
            [
                0.24300000071525574,
                -0.10400000214576721,
                0.0
            ]
        ],
        "mconf": [
            0.40722793340682983,
            0.3897208273410797,
            0.8002657294273376,
            0.9968549013137817,
            0.5871732831001282,
            0.9091026782989502,
            0.3880012035369873,
            0.27776405215263367,
            0.4219846725463867
        ],
        "kf_translation_vector": [
            -0.010894869939485723,
            0.010539115190081955,
            1.0555072869598272
        ],
        "kf_rotation_matrix": [
            [
                0.9902792727427668,
                0.039166696189160514,
                0.1334650961325956
            ],
            [
                -0.027440093695322597,
                0.995689577602632,
                -0.08859631093608873
            ],
            [
                -0.136359829986873,
                0.08407279561854833,
                0.9870854885990539
            ]
        ],
        "kf_euler_angles": [
            0.08496769298316968,
            0.13678598465730035,
            -0.02770236106618398
        ]
    },
    {
        "frame": 8,
        "object_rotation_in_cam": [
            [
                0.9903688095834924,
                0.03753937948208065,
                0.13326821073413014
            ],
            [
                -0.026610317222820118,
                0.9962056642585667,
                -0.08286232869313219
            ],
            [
                -0.13587314680052515,
                0.07851795646378056,
                0.9876099526084551
            ]
        ],
        "object_translation_in_cam": [
            -0.010957466076115259,
            0.010500631608789892,
            1.0572279066706194
        ],
        "raw_rvec": [
            0.08103912211839209,
            0.13515268806938582,
            -0.032213569954170976
        ],
        "refined_raw_rvec": [
            0.08103912211839209,
            0.13515268806938582,
            -0.032213569954170976
        ],
        "num_inliers": 10,
        "total_matches": 10,
        "inlier_ratio": 1.0,
        "reprojection_errors": [
            1.203396201133728,
            0.9663972854614258,
            0.0736541673541069,
            1.8319400548934937,
