[
    {
        "frame": 1,
        "object_rotation_in_cam": [
            [
                -0.024583660490572812,
                -0.9995796458298234,
                0.015367995302218884
            ],
            [
                -0.02883275691992604,
                -0.014657301024775138,
                -0.9994767809484448
            ],
            [
                0.9992819000488705,
                -0.02501389952394245,
                -0.028460306838215987
            ]
        ],
        "object_translation_in_cam": [
            -0.028965796607056494,
            0.009243253840845568,
            1.1879581083743804
        ],
        "raw_rvec": [
            1.229601219610254,
            -1.2415267531785432,
            1.2249122889027637
        ],
        "refined_raw_rvec": [
            1.229601219610254,
            -1.2415267531785432,
            1.2249122889027637
        ],
        "num_inliers": 10,
        "total_matches": 11,
        "inlier_ratio": 0.9090909090909091,
        "reprojection_errors": [
            1.9689429998397827,
            2.8690505027770996,
            0.6325649619102478,
            2.389500856399536,
            2.5089235305786133,
            4.076604843139648,
            1.4103673696517944,
            1.3630598783493042,
            0.10582658648490906,
            0.6604022979736328
        ],
        "mean_reprojection_error": 1.7985244989395142,
        "std_reprojection_error": 1.143632173538208,
        "inliers": [
            0,
            1,
            2,
            3,
            4,
            5,
            6,
            8,
            9,
            10
        ],
        "mkpts0": [
            [
                591,
                284
            ],
            [
                610,
                269
            ],
            [
                598,
                298
            ],
            [
                519,
                327
            ],
            [
                727,
                126
            ],
            [
                745,
                202
            ],
            [
                539,
                313
            ],
            [
                516,
                389
            ],
            [
                727,
                143
            ],
            [
                834,
                225
            ],
            [
                752,
                77
            ]
        ],
        "mkpts1": [
            [
                623,
                359
            ],
            [
                644,
                357
            ],
            [
                625,
                372
            ],
            [
                552,
                353
            ],
            [
                787,
                309
            ],
            [
                806,
                376
            ],
            [
                571,
                353
            ],
            [
                539,
                393
            ],
            [
                789,
                322
            ],
            [
                831,
                378
            ],
            [
                823,
                280
            ]
        ],
        "mpts3D": [
            [
                -0.010999999940395355,
                -0.02500000037252903,
                0.014000000432133675
            ],
            [
                -0.010999999940395355,
                -0.04899999871850014,
                0.01600000075995922
            ],
            [
                -0.014999999664723873,
                -0.02500000037252903,
                -0.0
            ],
            [
                -0.009999999776482582,
                0.05700000002980232,
                0.017999999225139618
            ],
            [
                -0.0020000000949949026,
                -0.20600000023841858,
                0.07000000029802322
            ],
            [
                -0.027000000700354576,
                -0.21699999272823334,
                0.0
            ],
            [
                -0.009999999776482582,
                0.03500000014901161,
                0.017999999225139618
            ],
            [
                -0.041999999433755875,
                0.09000000357627869,
                0.0
            ],
            [
                -0.0020000000949949026,
                -0.20600000023841858,
                0.054999999701976776
            ],
            [
                -0.11299999803304672,
                -0.23000000417232513,
                0.0
            ],
            [
                0.0,
                -0.24300000071525574,
                0.10400000214576721
            ]
        ],
        "mconf": [
            0.43103381991386414,
            0.25777649879455566,
            0.49767449498176575,
            0.299435019493103,
            0.9781521558761597,
            0.13296625018119812,
            0.1893024742603302,
            0.1735774576663971,
            0.947016179561615,
            0.14583007991313934,
            0.24422095715999603
        ],
        "kf_translation_vector": [
            -0.028995075304450776,
            0.009252596944224216,
            1.189158899308737
        ],
        "kf_rotation_matrix": [
            [
                -0.02364263376467708,
                -0.9996643422951478,
                0.010593800653161123
            ],
            [
                -0.027600171208410854,
                -0.009940037008749743,
                -0.9995696204935057
            ],
            [
                0.9993394100194066,
                -0.023924849171400232,
                -0.027355898343684303
            ]
        ],
        "kf_euler_angles": [
            -2.423002079216779,
            -1.5344462862650234,
            -2.27911640954524
        ]
    },
    {
        "frame": 2,
        "object_rotation_in_cam": [
            [
                -0.030062557371639542,
                -0.9994405882690054,
                0.014654458870299925
            ],
            [
                -0.03589547513300362,
                -0.013572146807009022,
                -0.9992633845468495
            ],
            [
                0.9989032773543456,
                -0.030566441591284743,
                -0.03546738134108263
            ]
        ],
        "object_translation_in_cam": [
            -0.029111872515192705,
            0.00890604146475436,
            1.1929472764781284
        ],
        "raw_rvec": [
            1.2314760564076626,
            -1.2512467003482979,
            1.2249266860234413
        ],
        "refined_raw_rvec": [
            1.2314760564076626,
            -1.2512467003482979,
            1.2249266860234413
        ],
        "num_inliers": 9,
        "total_matches": 9,
        "inlier_ratio": 1.0,
        "reprojection_errors": [
            1.9837409257888794,
            2.7137362957000732,
            0.9095835089683533,
            2.1461241245269775,
            1.5279446840286255,
            1.1931785345077515,
            1.338193416595459,
            0.649816632270813,
            1.3720051050186157
        ],
        "mean_reprojection_error": 1.537147045135498,
        "std_reprojection_error": 0.6074633598327637,
        "inliers": [
            0,
            1,
            2,
            3,
            4,
            5,
            6,
            7,
            8
        ],
        "mkpts0": [
            [
                591,
                284
            ],
            [
                610,
                269
            ],
            [
                598,
                298
            ],
            [
                519,
                327
            ],
            [
                727,
                126
            ],
            [
                539,
                313
            ],
            [
                727,
                143
            ],
            [
                834,
                225
            ],
            [
                752,
                77
            ]
        ],
        "mkpts1": [
            [
                623,
                359
            ],
            [
                644,
                357
            ],
            [
                625,
                372
            ],
            [
                552,
                353
            ],
            [
                787,
                309
            ],
            [
                571,
                353
            ],
            [
                789,
                322
            ],
            [
                831,
                378
            ],
            [
                823,
                280
            ]
        ],
        "mpts3D": [
            [
                -0.010999999940395355,
                -0.02500000037252903,
                0.014000000432133675
            ],
            [
                -0.010999999940395355,
                -0.04899999871850014,
                0.01600000075995922
            ],
            [
                -0.014999999664723873,
                -0.02500000037252903,
                -0.0
            ],
            [
                -0.009999999776482582,
                0.05700000002980232,
                0.017999999225139618
            ],
            [
                -0.0020000000949949026,
                -0.20600000023841858,
                0.07000000029802322
            ],
            [
                -0.009999999776482582,
                0.03500000014901161,
                0.017999999225139618
            ],
            [
                -0.0020000000949949026,
                -0.20600000023841858,
                0.054999999701976776
            ],
            [
                -0.11299999803304672,
                -0.23000000417232513,
                0.0
            ],
            [
                0.0,
                -0.24300000071525574,
                0.10400000214576721
            ]
        ],
        "mconf": [
            0.2742161154747009,
            0.21172058582305908,
            0.2156868726015091,
            0.35329174995422363,
            0.9687874913215637,
            0.1942431628704071,
            0.9374444484710693,
            0.1442691683769226,
            0.13145974278450012
        ],
        "kf_translation_vector": [
            -0.029182719146945094,
            0.008753360791146325,
            1.1953953786363385
        ],
        "kf_rotation_matrix": [
            [
                -0.03239603659438308,
                -0.9993816832006082,
                0.013665580708282896
            ],
            [
                -0.03897416302068099,
                -0.012399204766109496,
                -0.999163287124785
            ],
            [
                0.9987149300124699,
                -0.03290153498375552,
                -0.03854837954959894
            ]
        ],
        "kf_euler_angles": [
            -2.435062765514468,
            -1.5200943482135199,
            -2.2642850733297437
        ]
    },
    {
        "frame": 3,
        "object_rotation_in_cam": [
            [
                0.35127546009714306,
                -0.9068620153014203,
                -0.23282361636437662
            ],
            [
                -0.5954344884546917,
                -0.0244766679585543,
                -0.8030309226202599
            ],
            [
                0.7225394944861073,
                0.4207162677257592,
                -0.5485749729787783
            ]
        ],
        "object_translation_in_cam": [
            -0.020804062748127242,
            0.0002468824948155047,
            1.1373616351050337
        ],
        "raw_rvec": [
            1.7218792570593544,
            -1.3442481719349315,
            0.4381955707723041
        ],
        "refined_raw_rvec": [
            1.7218792570593544,
            -1.3442481719349315,
            0.4381955707723041
        ],
        "num_inliers": 7,
        "total_matches": 8,
        "inlier_ratio": 0.875,
        "reprojection_errors": [
            0.5764040350914001,
            0.43412747979164124,
            0.41005221009254456,
            0.4366695284843445,
            0.13835981488227844,
            0.5045614242553711,
            0.32335364818573
        ],
        "mean_reprojection_error": 0.40336117148399353,
        "std_reprojection_error": 0.13033638894557953,
        "inliers": [
            0,
            1,
            2,
            3,
            4,
            5,
            7
        ],
        "mkpts0": [
            [
                591,
                284
            ],
            [
                610,
                269
            ],
            [
                598,
                298
            ],
            [
                519,
                327
            ],
            [
                727,
                126
            ],
            [
                539,
                313
            ],
            [
                516,
                389
            ],
            [
                727,
                143
            ]
        ],
        "mkpts1": [
            [
                623,
                359
            ],
            [
                644,
                357
            ],
            [
                625,
                372
            ],
            [
                552,
                353
            ],
            [
                787,
                309
            ],
            [
                571,
                353
            ],
            [
                539,
                393
            ],
            [
                789,
                322
            ]
        ],
        "mpts3D": [
            [
                -0.010999999940395355,
                -0.02500000037252903,
                0.014000000432133675
            ],
            [
                -0.010999999940395355,
                -0.04899999871850014,
                0.01600000075995922
            ],
            [
                -0.014999999664723873,
                -0.02500000037252903,
                -0.0
            ],
            [
                -0.009999999776482582,
                0.05700000002980232,
                0.017999999225139618
            ],
            [
                -0.0020000000949949026,
                -0.20600000023841858,
                0.07000000029802322
            ],
            [
                -0.009999999776482582,
                0.03500000014901161,
                0.017999999225139618
            ],
            [
                -0.041999999433755875,
                0.09000000357627869,
                0.0
            ],
            [
                -0.0020000000949949026,
                -0.20600000023841858,
                0.054999999701976776
            ]
        ],
        "mconf": [
            0.3115144371986389,
            0.18462128937244415,
            0.3117389678955078,
            0.25118401646614075,
            0.9650702476501465,
            0.15133267641067505,
            0.1176215410232544,
            0.9333819150924683
        ],
        "kf_translation_vector": [
            -0.029328349668310758,
            0.008431637342043807,
            1.2004070763562271
        ],
        "kf_rotation_matrix": [
            [
                -0.03731784123332869,
                -0.9992297976682145,
                0.012132195911010928
            ],
            [
                -0.045636167174643055,
                -0.010423881133410714,
                -0.998903740581506
            ],
            [
                0.9982608471593445,
                -0.0378305981191892,
                -0.045212021351099675
            ]
        ],
        "kf_euler_angles": [
            -2.4448486642298186,
            -1.5118106135526872,
            -2.256252222258873
        ]
    },
    {
        "frame": 4,
        "object_rotation_in_cam": [
            [
                -0.030062557371639542,
                -0.9994405882690054,
                0.014654458870299925
            ],
            [
                -0.03589547513300362,
                -0.013572146807009022,
                -0.9992633845468495
            ],
            [
                0.9989032773543456,
                -0.030566441591284743,
                -0.03546738134108263
            ]
        ],
        "object_translation_in_cam": [
            -0.029111872515192705,
            0.00890604146475436,
            1.1929472764781284
        ],
        "raw_rvec": [
            1.2314760564076626,
            -1.2512467003482979,
            1.2249266860234413
        ],
        "refined_raw_rvec": [
            1.2314760564076626,
            -1.2512467003482979,
            1.2249266860234413
        ],
        "num_inliers": 9,
        "total_matches": 10,
        "inlier_ratio": 0.9,
        "reprojection_errors": [
            1.9837409257888794,
            2.7137362957000732,
            0.9095835089683533,
            2.1461241245269775,
            1.5279446840286255,
            1.1931785345077515,
            1.338193416595459,
            0.649816632270813,
            1.3720051050186157
        ],
        "mean_reprojection_error": 1.537147045135498,
        "std_reprojection_error": 0.6074633598327637,
        "inliers": [
            0,
            1,
            2,
            3,
            4,
            5,
            7,
            8,
            9
        ],
        "mkpts0": [
            [
                591,
                284
            ],
            [
                610,
                269
            ],
            [
                598,
                298
            ],
            [
                519,
                327
            ],
            [
                727,
                126
            ],
            [
                539,
                313
            ],
            [
                516,
                389
            ],
            [
                727,
                143
            ],
            [
                834,
                225
            ],
            [
                752,
                77
            ]
        ],
        "mkpts1": [
            [
                623,
                359
            ],
            [
                644,
                357
            ],
            [
                625,
                372
            ],
            [
                552,
                353
            ],
            [
                787,
                309
            ],
            [
                571,
                353
            ],
            [
                539,
                393
            ],
            [
                789,
                322
            ],
            [
                831,
                378
            ],
            [
                823,
                280
            ]
        ],
        "mpts3D": [
            [
                -0.010999999940395355,
                -0.02500000037252903,
                0.014000000432133675
            ],
            [
                -0.010999999940395355,
                -0.04899999871850014,
                0.01600000075995922
            ],
            [
                -0.014999999664723873,
                -0.02500000037252903,
                -0.0
            ],
            [
                -0.009999999776482582,
                0.05700000002980232,
                0.017999999225139618
            ],
            [
                -0.0020000000949949026,
                -0.20600000023841858,
                0.07000000029802322
            ],
            [
                -0.009999999776482582,
                0.03500000014901161,
                0.017999999225139618
            ],
            [
                -0.041999999433755875,
                0.09000000357627869,
                0.0
            ],
            [
                -0.0020000000949949026,
                -0.20600000023841858,
                0.054999999701976776
            ],
            [
                -0.11299999803304672,
                -0.23000000417232513,
                0.0
            ],
            [
                0.0,
                -0.24300000071525574,
                0.10400000214576721
            ]
        ],
        "mconf": [
            0.4388798177242279,
            0.25965678691864014,
            0.49138492345809937,
            0.3086199462413788,
            0.9716992974281311,
            0.1746923327445984,
            0.11771192401647568,
            0.9505279064178467,
            0.14069992303848267,
            0.2866241931915283
        ],
        "kf_translation_vector": [
            -0.02914228032789465,
            0.008837994685486933,
            1.193991452332765
        ],
        "kf_rotation_matrix": [
            [
                -0.031131858872336434,
                -0.9994118244495183,
                0.014380977492443927
            ],
            [
                -0.03730265699725914,
                -0.013216184037600795,
                -0.9992166152844082
            ],
            [
                0.9988189621468436,
                -0.03164391932061382,
                -0.03686927211015593
            ]
        ],
        "kf_euler_angles": [
            -2.432314961502581,
            -1.5221903518233122,
            -2.266266846288255
        ]
    },
    {
        "frame": 5,
        "object_rotation_in_cam": [
            [
                -0.030062557371639542,
                -0.9994405882690054,
                0.014654458870299925
            ],
            [
                -0.03589547513300362,
                -0.013572146807009022,
                -0.9992633845468495
            ],
            [
                0.9989032773543456,
                -0.030566441591284743,
                -0.03546738134108263
            ]
        ],
        "object_translation_in_cam": [
            -0.029111872515192705,
            0.00890604146475436,
            1.1929472764781284
        ],
        "raw_rvec": [
            1.2314760564076626,
            -1.2512467003482979,
            1.2249266860234413
        ],
        "refined_raw_rvec": [
            1.2314760564076626,
            -1.2512467003482979,
            1.2249266860234413
        ],
        "num_inliers": 9,
        "total_matches": 10,
        "inlier_ratio": 0.9,
        "reprojection_errors": [
            1.9837409257888794,
            2.7137362957000732,
            0.9095835089683533,
            2.1461241245269775,
            1.5279446840286255,
            1.1931785345077515,
            1.338193416595459,
            0.649816632270813,
            1.3720051050186157
        ],
        "mean_reprojection_error": 1.537147045135498,
        "std_reprojection_error": 0.6074633598327637,
        "inliers": [
            0,
            1,
            2,
            3,
            4,
            5,
            7,
            8,
            9
        ],
        "mkpts0": [
            [
                591,
                284
            ],
            [
                610,
                269
            ],
            [
                598,
                298
            ],
            [
                519,
                327
            ],
            [
                727,
                126
            ],
            [
                539,
                313
            ],
            [
                516,
                389
            ],
            [
                727,
                143
            ],
            [
                834,
                225
            ],
            [
                752,
                77
            ]
        ],
        "mkpts1": [
            [
                623,
                359
            ],
            [
                644,
                357
            ],
            [
                625,
                372
            ],
            [
                552,
                353
            ],
            [
                787,
                309
            ],
            [
                571,
                353
            ],
            [
                539,
                393
            ],
            [
                789,
                322
            ],
            [
                831,
                378
            ],
            [
                823,
                280
            ]
        ],
        "mpts3D": [
            [
                -0.010999999940395355,
                -0.02500000037252903,
                0.014000000432133675
            ],
            [
                -0.010999999940395355,
                -0.04899999871850014,
                0.01600000075995922
            ],
            [
                -0.014999999664723873,
                -0.02500000037252903,
                -0.0
            ],
            [
                -0.009999999776482582,
                0.05700000002980232,
                0.017999999225139618
            ],
            [
                -0.0020000000949949026,
                -0.20600000023841858,
                0.07000000029802322
            ],
            [
                -0.009999999776482582,
                0.03500000014901161,
                0.017999999225139618
            ],
            [
                -0.041999999433755875,
                0.09000000357627869,
                0.0
            ],
            [
                -0.0020000000949949026,
                -0.20600000023841858,
                0.054999999701976776
            ],
            [
                -0.11299999803304672,
                -0.23000000417232513,
                0.0
            ],
            [
                0.0,
                -0.24300000071525574,
                0.10400000214576721
            ]
        ],
        "mconf": [
            0.39220836758613586,
            0.20447616279125214,
            0.39684733748435974,
            0.34298378229141235,
            0.9727025032043457,
            0.19659292697906494,
            0.10527987778186798,
            0.9607324600219727,
            0.10077611356973648,
            0.1316668838262558
        ],
        "kf_translation_vector": [
            -0.02912137978127578,
            0.008883516328694614,
            1.193270485416386
        ],
        "kf_rotation_matrix": [
            [
                -0.030429786849365127,
                -0.9994296250823451,
                0.014644199536517417
            ],
            [
                -0.03637864105058975,
                -0.0135338892082773,
                -0.9992464302254026
            ],
            [
                0.998874678099117,
                -0.030939591960160186,
                -0.035946058222345326
            ]
        ],
        "kf_euler_angles": [
            -2.4309062954799874,
            -1.5233509261227212,
            -2.2673852417695426
        ]
    },
    {
        "frame": 6,
        "object_rotation_in_cam": [
            [
                -0.030062557371639542,
                -0.9994405882690054,
                0.014654458870299925
            ],
            [
                -0.03589547513300362,
                -0.013572146807009022,
                -0.9992633845468495
            ],
            [
                0.9989032773543456,
                -0.030566441591284743,
                -0.03546738134108263
            ]
        ],
        "object_translation_in_cam": [
            -0.029111872515192705,
            0.00890604146475436,
            1.1929472764781284
        ],
        "raw_rvec": [
            1.2314760564076626,
            -1.2512467003482979,
            1.2249266860234413
        ],
        "refined_raw_rvec": [
            1.2314760564076626,
            -1.2512467003482979,
            1.2249266860234413
        ],
        "num_inliers": 9,
        "total_matches": 10,
        "inlier_ratio": 0.9,
        "reprojection_errors": [
            1.9837409257888794,
            2.7137362957000732,
            0.9095835089683533,
            2.1461241245269775,
            1.5279446840286255,
            1.1931785345077515,
            1.338193416595459,
            0.649816632270813,
            1.3720051050186157
        ],
        "mean_reprojection_error": 1.537147045135498,
        "std_reprojection_error": 0.6074633598327637,
        "inliers": [
            0,
            1,
            2,
            3,
            4,
            5,
            7,
            8,
            9
        ],
        "mkpts0": [
            [
                591,
                284
            ],
            [
                610,
                269
            ],
            [
                598,
                298
            ],
            [
                519,
                327
            ],
            [
                727,
                126
            ],
            [
                539,
                313
            ],
            [
                516,
                389
            ],
            [
                727,
                143
            ],
            [
                834,
                225
            ],
            [
                752,
                77
            ]
        ],
        "mkpts1": [
            [
                623,
                359
            ],
            [
                644,
                357
            ],
            [
                625,
                372
            ],
            [
                552,
                353
            ],
            [
                787,
                309
            ],
            [
                571,
                353
            ],
            [
                539,
                393
            ],
            [
                789,
                322
            ],
            [
                831,
                378
            ],
            [
                823,
                280
            ]
        ],
        "mpts3D": [
            [
                -0.010999999940395355,
                -0.02500000037252903,
                0.014000000432133675
            ],
            [
                -0.010999999940395355,
                -0.04899999871850014,
                0.01600000075995922
            ],
            [
                -0.014999999664723873,
                -0.02500000037252903,
                -0.0
            ],
            [
                -0.009999999776482582,
                0.05700000002980232,
                0.017999999225139618
            ],
            [
                -0.0020000000949949026,
                -0.20600000023841858,
                0.07000000029802322
            ],
            [
                -0.009999999776482582,
                0.03500000014901161,
                0.017999999225139618
            ],
            [
                -0.041999999433755875,
                0.09000000357627869,
                0.0
            ],
            [
                -0.0020000000949949026,
                -0.20600000023841858,
                0.054999999701976776
            ],
            [
                -0.11299999803304672,
                -0.23000000417232513,
                0.0
            ],
            [
                0.0,
                -0.24300000071525574,
                0.10400000214576721
            ]
        ],
        "mconf": [
            0.3754575848579407,
            0.24554499983787537,
            0.45081689953804016,
            0.1943778395652771,
            0.9779108166694641,
            0.13896258175373077,
            0.19418442249298096,
            0.9618901610374451,
            0.14216949045658112,
            0.17329052090644836
        ],
        "kf_translation_vector": [
            -0.02910405654099234,
            0.008922024549150847,
            1.1926749486323742
        ],
        "kf_rotation_matrix": [
            [
                -0.02982609854160601,
                -0.99944529221728,
                0.014815927595070201
            ],
            [
                -0.03558687118601534,
                -0.013751351646624005,
                -0.9992719724514848
            ],
            [
                0.9989214075416426,
                -0.030331636827030082,
                -0.03515698170231332
            ]
        ],
        "kf_euler_angles": [
            -2.4297437717025656,
            -1.5243466463275228,
            -2.26835337526344
        ]
    },
    {
        "frame": 7,
        "object_rotation_in_cam": [
            [
                -0.030062557371639542,
                -0.9994405882690054,
                0.014654458870299925
            ],
            [
                -0.03589547513300362,
                -0.013572146807009022,
                -0.9992633845468495
            ],
            [
                0.9989032773543456,
                -0.030566441591284743,
                -0.03546738134108263
            ]
        ],
        "object_translation_in_cam": [
            -0.029111872515192705,
            0.00890604146475436,
            1.1929472764781284
        ],
        "raw_rvec": [
            1.2314760564076626,
            -1.2512467003482979,
            1.2249266860234413
        ],
        "refined_raw_rvec": [
            1.2314760564076626,
            -1.2512467003482979,
            1.2249266860234413
        ],
        "num_inliers": 9,
        "total_matches": 9,
        "inlier_ratio": 1.0,
        "reprojection_errors": [
            1.9837409257888794,
            2.7137362957000732,
            0.9095835089683533,
            2.1461241245269775,
            1.5279446840286255,
            1.1931785345077515,
            1.338193416595459,
            0.649816632270813,
            1.3720051050186157
        ],
        "mean_reprojection_error": 1.537147045135498,
        "std_reprojection_error": 0.6074633598327637,
        "inliers": [
            0,
            1,
            2,
            3,
            4,
            5,
            6,
            7,
            8
        ],
        "mkpts0": [
            [
                591,
                284
            ],
            [
                610,
                269
            ],
            [
                598,
                298
            ],
            [
                519,
                327
            ],
            [
                727,
                126
            ],
            [
                539,
                313
            ],
            [
                727,
                143
            ],
            [
                834,
                225
            ],
            [
                752,
                77
            ]
        ],
        "mkpts1": [
            [
                623,
                359
            ],
            [
                644,
                357
            ],
            [
                625,
                372
            ],
            [
                552,
                353
            ],
            [
                787,
                309
            ],
            [
                571,
                353
            ],
            [
                789,
                322
            ],
            [
                831,
                378
            ],
            [
                823,
                280
            ]
        ],
        "mpts3D": [
            [
                -0.010999999940395355,
                -0.02500000037252903,
                0.014000000432133675
            ],
            [
                -0.010999999940395355,
                -0.04899999871850014,
                0.01600000075995922
            ],
            [
                -0.014999999664723873,
                -0.02500000037252903,
                -0.0
            ],
            [
                -0.009999999776482582,
                0.05700000002980232,
                0.017999999225139618
            ],
            [
                -0.0020000000949949026,
                -0.20600000023841858,
                0.07000000029802322
            ],
            [
                -0.009999999776482582,
                0.03500000014901161,
                0.017999999225139618
            ],
            [
                -0.0020000000949949026,
                -0.20600000023841858,
                0.054999999701976776
            ],
            [
                -0.11299999803304672,
                -0.23000000417232513,
                0.0
            ],
            [
                0.0,
                -0.24300000071525574,
                0.10400000214576721
            ]
        ],
        "mconf": [
            0.2864680886268616,
            0.16171486675739288,
            0.31937021017074585,
            0.19198927283287048,
            0.9681496620178223,
            0.11462470144033432,
            0.943976104259491,
            0.1328272819519043,
            0.1018112376332283
        ],
        "kf_translation_vector": [
            -0.02909448929288905,
            0.008943678184266094,
            1.192347055081382
        ],
        "kf_rotation_matrix": [
            [
                -0.029481980952259415,
                -0.9994544362330561,
                0.014887669165951587
            ],
            [
                -0.03513665037991662,
                -0.013848705002993768,
                -0.9992865600866547
            ],
            [
                0.9989475604851389,
                -0.029984050156779494,
                -0.03470919383946583
            ]
        ],
        "kf_euler_angles": [
            -2.4291042367744895,
            -1.5249133414624183,
            -2.268908496520815
        ]
    },
    {
        "frame": 8,
        "object_rotation_in_cam": [
            [
                0.2620724582988663,
                -0.9499415990587927,
                -0.1700852285732421
            ],
            [
                -0.5893588333500439,
                -0.01798191855766207,
                -0.8076712302399165
            ],
            [
                0.7641820412398237,
                0.3119096166882464,
                -0.5645690381733022
            ]
        ],
        "object_translation_in_cam": [
            -0.023715593120118558,
            -0.00047906932401464296,
            1.1833581989647246
        ],
        "raw_rvec": [
            1.7082662185578474,
            -1.425513146732435,
            0.5501803280615948
        ],
        "refined_raw_rvec": [
            1.7082662185578474,
            -1.425513146732435,
            0.5501803280615948
        ],
        "num_inliers": 9,
        "total_matches": 9,
        "inlier_ratio": 1.0,
        "reprojection_errors": [
            1.3898483514785767,
            0.5630587935447693,
            1.7390284538269043,
            0.1770371049642563,
            0.9740644693374634,
            0.4141692817211151,
            0.36274662613868713,
            2.94572114944458,
            0.6133232712745667
        ],
        "mean_reprojection_error": 1.0198885202407837,
        "std_reprojection_error": 0.8332054615020752,
        "inliers": [
            0,
            1,
            2,
            3,
            4,
            5,
            6,
            7,
            8
        ],
        "mkpts0": [
            [
                591,
                284
            ],
            [
                610,
                269
            ],
            [
                598,
                298
            ],
            [
                519,
                327
            ],
            [
                727,
                126
            ],
            [
                539,
                313
            ],
            [
