[
    {
        "frame": 1,
        "object_rotation_in_cam": [
            [
                0.1342386319573997,
                -0.9901356672941273,
                -0.040141624807915666
            ],
            [
                -0.08641955243175442,
                0.028656737718180558,
                -0.9958466008079994
            ],
            [
                0.9871735666273187,
                0.13715010658167598,
                -0.0817202399466243
            ]
        ],
        "object_translation_in_cam": [
            -0.011111746029256887,
            0.01062375707741157,
            1.057727516910975
        ],
        "raw_rvec": [
            1.3062734630016197,
            -1.1844293667913834,
            1.0419274577164572
        ],
        "refined_raw_rvec": [
            1.3062734630016197,
            -1.1844293667913834,
            1.0419274577164572
        ],
        "num_inliers": 10,
        "total_matches": 10,
        "inlier_ratio": 1.0,
        "reprojection_errors": [
            2.311105728149414,
            1.187411904335022,
            0.2860903739929199,
            1.7177014350891113,
            1.673737645149231,
            0.4402853846549988,
            1.4548894166946411,
            0.7283347845077515,
            0.8856875896453857,
            2.317521572113037
        ],
        "mean_reprojection_error": 1.300276517868042,
        "std_reprojection_error": 0.6836727261543274,
        "inliers": [
            0,
            1,
            2,
            3,
            4,
            5,
            6,
            7,
            8,
            9
        ],
        "mkpts0": [
            [
                591,
                284
            ],
            [
                598,
                298
            ],
            [
                519,
                327
            ],
            [
                727,
                126
            ],
            [
                795,
                220
            ],
            [
                539,
                313
            ],
            [
                727,
                143
            ],
            [
                575,
                312
            ],
            [
                834,
                225
            ],
            [
                752,
                77
            ]
        ],
        "mkpts1": [
            [
                639,
                361
            ],
            [
                641,
                373
            ],
            [
                557,
                357
            ],
            [
                829,
                292
            ],
            [
                845,
                373
            ],
            [
                579,
                357
            ],
            [
                829,
                308
            ],
            [
                614,
                374
            ],
            [
                866,
                379
            ],
            [
                867,
                258
            ]
        ],
        "mpts3D": [
            [
                -0.010999999940395355,
                -0.02500000037252903,
                0.014000000432133675
            ],
            [
                -0.014999999664723873,
                -0.02500000037252903,
                -0.0
            ],
            [
                -0.009999999776482582,
                0.05700000002980232,
                0.017999999225139618
            ],
            [
                -0.0020000000949949026,
                -0.20600000023841858,
                0.07000000029802322
            ],
            [
                -0.07000000029802322,
                -0.21699999272823334,
                0.0
            ],
            [
                -0.009999999776482582,
                0.03500000014901161,
                0.017999999225139618
            ],
            [
                -0.0020000000949949026,
                -0.20600000023841858,
                0.054999999701976776
            ],
            [
                -0.014999999664723873,
                -0.0,
                0.0
            ],
            [
                -0.11299999803304672,
                -0.23000000417232513,
                0.0
            ],
            [
                0.0,
                -0.24300000071525574,
                0.10400000214576721
            ]
        ],
        "mconf": [
            0.3032180368900299,
            0.17783741652965546,
            0.4375861883163452,
            0.8821696639060974,
            0.25378718972206116,
            0.25875476002693176,
            0.7201863527297974,
            0.26096197962760925,
            0.320661336183548,
            0.4428485035896301
        ],
        "kf_translation_vector": [
            -0.01112297780906692,
            0.010634495596806686,
            1.058796670447933
        ],
        "kf_rotation_matrix": [
            [
                0.1330055615995681,
                -0.9903668679679247,
                -0.0385095756271968
            ],
            [
                -0.08573454232511514,
                0.02721244019074654,
                -0.9959463195128381
            ],
            [
                0.9874001766436376,
                0.13576800039136006,
                -0.08128924426912286
            ]
        ],
        "kf_euler_angles": [
            2.110286194041886,
            -1.4118852077503596,
            -0.5725652393928997
        ]
    },
    {
        "frame": 2,
        "object_rotation_in_cam": [
            [
                0.11973998463763708,
                -0.9917520588151495,
                -0.04571859484817048
            ],
            [
                -0.09419006583787415,
                0.03449420094886674,
                -0.9949564722129087
            ],
            [
                0.9883271561464027,
                0.12344231015665535,
                -0.08928285662294105
            ]
        ],
        "object_translation_in_cam": [
            -0.011316315892831141,
            0.011191912092694187,
            1.0613729780422805
        ],
        "raw_rvec": [
            1.3014230440190602,
            -1.2032657672097222,
            1.0444466495407094
        ],
        "refined_raw_rvec": [
            1.3014230440190602,
            -1.2032657672097222,
            1.0444466495407094
        ],
        "num_inliers": 11,
        "total_matches": 11,
        "inlier_ratio": 1.0,
        "reprojection_errors": [
            1.7701833248138428,
            1.57991623878479,
            0.3596184253692627,
            2.5916740894317627,
            1.3860399723052979,
            0.4734605550765991,
            2.091707468032837,
            1.85342538356781,
            1.3157286643981934,
            0.6293159127235413,
            3.293295383453369
        ],
        "mean_reprojection_error": 1.5767605304718018,
        "std_reprojection_error": 0.8558115363121033,
        "inliers": [
            0,
            1,
            2,
            3,
            4,
            5,
            6,
            7,
            8,
            9,
            10
        ],
        "mkpts0": [
            [
                591,
                284
            ],
            [
                598,
                298
            ],
            [
                519,
                327
            ],
            [
                727,
                126
            ],
            [
                795,
                220
            ],
            [
                539,
                313
            ],
            [
                727,
                143
            ],
            [
                496,
                378
            ],
            [
                575,
                312
            ],
            [
                834,
                225
            ],
            [
                752,
                77
            ]
        ],
        "mkpts1": [
            [
                639,
                361
            ],
            [
                641,
                373
            ],
            [
                557,
                358
            ],
            [
                829,
                292
            ],
            [
                845,
                373
            ],
            [
                579,
                357
            ],
            [
                829,
                308
            ],
            [
                523,
                380
            ],
            [
                614,
                374
            ],
            [
                866,
                379
            ],
            [
                863,
                258
            ]
        ],
        "mpts3D": [
            [
                -0.010999999940395355,
                -0.02500000037252903,
                0.014000000432133675
            ],
            [
                -0.014999999664723873,
                -0.02500000037252903,
                -0.0
            ],
            [
                -0.009999999776482582,
                0.05700000002980232,
                0.017999999225139618
            ],
            [
                -0.0020000000949949026,
                -0.20600000023841858,
                0.07000000029802322
            ],
            [
                -0.07000000029802322,
                -0.21699999272823334,
                0.0
            ],
            [
                -0.009999999776482582,
                0.03500000014901161,
                0.017999999225139618
            ],
            [
                -0.0020000000949949026,
                -0.20600000023841858,
                0.054999999701976776
            ],
            [
                -0.014999999664723873,
                0.09000000357627869,
                0.0
            ],
            [
                -0.014999999664723873,
                -0.0,
                0.0
            ],
            [
                -0.11299999803304672,
                -0.23000000417232513,
                0.0
            ],
            [
                0.0,
                -0.24300000071525574,
                0.10400000214576721
            ]
        ],
        "mconf": [
            0.3143664300441742,
            0.19074027240276337,
            0.42843636870384216,
            0.9674280881881714,
            0.22958871722221375,
            0.3261505961418152,
            0.7263311743736267,
            0.19650372862815857,
            0.23592296242713928,
            0.33700716495513916,
            0.22122463583946228
        ],
        "kf_translation_vector": [
            -0.011411326756101438,
            0.011452897792946403,
            1.0631888328887087
        ],
        "kf_rotation_matrix": [
            [
                0.11287140041265543,
                -0.9924514752599919,
                -0.047959526927937965
            ],
            [
                -0.09697464267620975,
                0.03703432094705779,
                -0.9945975958898209
            ],
            [
                0.9888659998436125,
                0.1169124814819013,
                -0.09206251151818878
            ]
        ],
        "kf_euler_angles": [
            2.2378366735067248,
            -1.4214328592808414,
            -0.7097881936702052
        ]
    },
    {
        "frame": 3,
        "object_rotation_in_cam": [
            [
                0.13868585464494027,
                -0.989501686457311,
                -0.04065275168472937
            ],
            [
                -0.08473337319527535,
                0.02904292136137865,
                -0.9959803031113352
            ],
            [
                0.986704864277233,
                0.1415730243264391,
                -0.07981597330555301
            ]
        ],
        "object_translation_in_cam": [
            -0.011040961611151173,
            0.010844949562029256,
            1.0563700390027617
        ],
        "raw_rvec": [
            1.3065494032247045,
            -1.1799829051151736,
            1.039181611302349
        ],
        "refined_raw_rvec": [
            1.3065494032247045,
            -1.1799829051151736,
            1.039181611302349
        ],
        "num_inliers": 10,
        "total_matches": 11,
        "inlier_ratio": 0.9090909090909091,
        "reprojection_errors": [
            2.1490321159362793,
            1.3375157117843628,
            0.5899559259414673,
            1.5841645002365112,
            1.7811182737350464,
            0.22542081773281097,
            1.416908621788025,
            0.891146719455719,
            0.9639683961868286,
            2.499910593032837
        ],
        "mean_reprojection_error": 1.3439141511917114,
        "std_reprojection_error": 0.6638988852500916,
        "inliers": [
            0,
            1,
            2,
            3,
            4,
            5,
            7,
            8,
            9,
            10
        ],
        "mkpts0": [
            [
                591,
                284
            ],
            [
                598,
                298
            ],
            [
                519,
                327
            ],
            [
                727,
                126
            ],
            [
                795,
                220
            ],
            [
                539,
                313
            ],
            [
                650,
                377
            ],
            [
                727,
                143
            ],
            [
                575,
                312
            ],
            [
                834,
                225
            ],
            [
                752,
                77
            ]
        ],
        "mkpts1": [
            [
                639,
                361
            ],
            [
                641,
                373
            ],
            [
                557,
                358
            ],
            [
                829,
                292
            ],
            [
                845,
                373
            ],
            [
                579,
                357
            ],
            [
                594,
                392
            ],
            [
                829,
                308
            ],
            [
                614,
                374
            ],
            [
                866,
                379
            ],
            [
                868,
                258
            ]
        ],
        "mpts3D": [
            [
                -0.010999999940395355,
                -0.02500000037252903,
                0.014000000432133675
            ],
            [
                -0.014999999664723873,
                -0.02500000037252903,
                -0.0
            ],
            [
                -0.009999999776482582,
                0.05700000002980232,
                0.017999999225139618
            ],
            [
                -0.0020000000949949026,
                -0.20600000023841858,
                0.07000000029802322
            ],
            [
                -0.07000000029802322,
                -0.21699999272823334,
                0.0
            ],
            [
                -0.009999999776482582,
                0.03500000014901161,
                0.017999999225139618
            ],
            [
                -0.12700000405311584,
                0.028999999165534973,
                0.0
            ],
            [
                -0.0020000000949949026,
                -0.20600000023841858,
                0.054999999701976776
            ],
            [
                -0.014999999664723873,
                -0.0,
                0.0
            ],
            [
                -0.11299999803304672,
                -0.23000000417232513,
                0.0
            ],
            [
                0.0,
                -0.24300000071525574,
                0.10400000214576721
            ]
        ],
        "mconf": [
            0.5249310731887817,
            0.3082849383354187,
            0.6981925964355469,
            0.972960352897644,
            0.14466647803783417,
            0.4935801923274994,
            0.11531897634267807,
            0.8541311621665955,
            0.30874037742614746,
            0.33085423707962036,
            0.3889676630496979
        ],
        "kf_translation_vector": [
            -0.011087936425245732,
            0.011020589303804545,
            1.0572545541173037
        ],
        "kf_rotation_matrix": [
            [
                0.13531697470499743,
                -0.989906712462283,
                -0.042119080934917966
            ],
            [
                -0.08690058544536701,
                0.030488695759510548,
                -0.9957503340095532
            ],
            [
                0.9869840954169118,
                0.1384020955513286,
                -0.08189783477639291
            ]
        ],
        "kf_euler_angles": [
            2.105118975561176,
            -1.409277048521607,
            -0.570872485974115
        ]
    },
    {
        "frame": 4,
        "object_rotation_in_cam": [
            [
                0.13347731722709583,
                -0.9902146080902317,
                -0.04072880688856628
            ],
            [
                -0.08859934053407531,
                0.029009290811306265,
                -0.9956448251779104
            ],
            [
                0.9870835641640399,
                0.13650454560685493,
                -0.08386027895184855
            ]
        ],
        "object_translation_in_cam": [
            -0.01090824875722516,
            0.010845969928606905,
            1.055887266990522
        ],
        "raw_rvec": [
            1.307183047817258,
            -1.1867152360342124,
            1.0410076830989907
        ],
        "refined_raw_rvec": [
            1.307183047817258,
            -1.1867152360342124,
            1.0410076830989907
        ],
        "num_inliers": 9,
        "total_matches": 10,
        "inlier_ratio": 0.9,
        "reprojection_errors": [
            1.8270753622055054,
            1.254107117652893,
            0.5255040526390076,
            1.5792648792266846,
            0.21113437414169312,
            1.4691299200057983,
            1.0738595724105835,
            0.13580690324306488,
            2.3746705055236816
        ],
        "mean_reprojection_error": 1.1611723899841309,
        "std_reprojection_error": 0.7117993235588074,
        "inliers": [
            0,
            1,
            2,
            3,
            5,
            6,
            7,
            8,
            9
        ],
        "mkpts0": [
            [
                591,
                284
            ],
            [
                598,
                298
            ],
            [
                519,
                327
            ],
            [
                727,
                126
            ],
            [
                745,
                202
            ],
            [
                539,
                313
            ],
            [
                727,
                143
            ],
            [
                575,
                312
            ],
            [
                834,
                225
            ],
            [
                752,
                77
            ]
        ],
        "mkpts1": [
            [
                640,
                361
            ],
            [
                641,
                373
            ],
            [
                557,
                358
            ],
            [
                829,
                292
            ],
            [
                837,
                366
            ],
            [
                579,
                357
            ],
            [
                829,
                308
            ],
            [
                614,
                374
            ],
            [
                866,
                379
            ],
            [
                868,
                258
            ]
        ],
        "mpts3D": [
            [
                -0.010999999940395355,
                -0.02500000037252903,
                0.014000000432133675
            ],
            [
                -0.014999999664723873,
                -0.02500000037252903,
                -0.0
            ],
            [
                -0.009999999776482582,
                0.05700000002980232,
                0.017999999225139618
            ],
            [
                -0.0020000000949949026,
                -0.20600000023841858,
                0.07000000029802322
            ],
            [
                -0.027000000700354576,
                -0.21699999272823334,
                0.0
            ],
            [
                -0.009999999776482582,
                0.03500000014901161,
                0.017999999225139618
            ],
            [
                -0.0020000000949949026,
                -0.20600000023841858,
                0.054999999701976776
            ],
            [
                -0.014999999664723873,
                -0.0,
                0.0
            ],
            [
                -0.11299999803304672,
                -0.23000000417232513,
                0.0
            ],
            [
                0.0,
                -0.24300000071525574,
                0.10400000214576721
            ]
        ],
        "mconf": [
            0.23988127708435059,
            0.2910616397857666,
            0.466776967048645,
            0.9584659337997437,
            0.12951745092868805,
            0.4375371038913727,
            0.6649906039237976,
            0.3192053735256195,
            0.37665706872940063,
            0.4943229556083679
        ],
        "kf_translation_vector": [
            -0.010877939062747125,
            0.01087530298443482,
            1.0552991164102774
        ],
        "kf_rotation_matrix": [
            [
                0.1357765303886557,
                -0.9899120069318443,
                -0.040483976185481045
            ],
            [
                -0.08748360537515713,
                0.028723533139038634,
                -0.9957517649668386
            ],
            [
                0.9868694708958131,
                0.1387414039722054,
                -0.08270108970043306
            ]
        ],
        "kf_euler_angles": [
            2.1083290929808363,
            -1.4085658408892792,
            -0.5723722525653742
        ]
    },
    {
        "frame": 5,
        "object_rotation_in_cam": [
            [
                0.12068989780086048,
                -0.9917844495857677,
                -0.04239757220258422
            ],
            [
                -0.09794664444544848,
                0.030604013328194957,
                -0.9947209906351049
            ],
            [
                0.9878463460532181,
                0.12420547462999859,
                -0.0934483636092262
            ]
        ],
        "object_translation_in_cam": [
            -0.011100511435715856,
            0.010184470085820066,
            1.0633947477496724
        ],
        "raw_rvec": [
            1.3073761373453088,
            -1.2037576696817576,
            1.0443780296327974
        ],
        "refined_raw_rvec": [
            1.3073761373453088,
            -1.2037576696817576,
            1.0443780296327974
        ],
        "num_inliers": 9,
        "total_matches": 10,
        "inlier_ratio": 0.9,
        "reprojection_errors": [
            2.390127420425415,
            0.7911903262138367,
            2.401136636734009,
            6.005161762237549,
            0.7101587653160095,
            1.944442629814148,
            0.8221831917762756,
            0.6836838126182556,
            2.8303945064544678
        ],
        "mean_reprojection_error": 2.0642752647399902,
        "std_reprojection_error": 1.6074390411376953,
        "inliers": [
            0,
            1,
            3,
            4,
            5,
            6,
            7,
            8,
            9
        ],
        "mkpts0": [
            [
                591,
                284
            ],
            [
                598,
                298
            ],
            [
                519,
                327
            ],
            [
                727,
                126
            ],
            [
                745,
                202
            ],
            [
                539,
                313
            ],
            [
                727,
                143
            ],
            [
                575,
                312
            ],
            [
                834,
                225
            ],
            [
                752,
                77
            ]
        ],
        "mkpts1": [
            [
                640,
                361
            ],
            [
                641,
                373
            ],
            [
                557,
                358
            ],
            [
                829,
                292
            ],
            [
                837,
                366
            ],
            [
                579,
                357
            ],
            [
                829,
                308
            ],
            [
                614,
                374
            ],
            [
                866,
                379
            ],
            [
                867,
                258
            ]
        ],
        "mpts3D": [
            [
                -0.010999999940395355,
                -0.02500000037252903,
                0.014000000432133675
            ],
            [
                -0.014999999664723873,
                -0.02500000037252903,
                -0.0
            ],
            [
                -0.009999999776482582,
                0.05700000002980232,
                0.017999999225139618
            ],
            [
                -0.0020000000949949026,
                -0.20600000023841858,
                0.07000000029802322
            ],
            [
                -0.027000000700354576,
                -0.21699999272823334,
                0.0
            ],
            [
                -0.009999999776482582,
                0.03500000014901161,
                0.017999999225139618
            ],
            [
                -0.0020000000949949026,
                -0.20600000023841858,
                0.054999999701976776
            ],
            [
                -0.014999999664723873,
                -0.0,
                0.0
            ],
            [
                -0.11299999803304672,
                -0.23000000417232513,
                0.0
            ],
            [
                0.0,
                -0.24300000071525574,
                0.10400000214576721
            ]
        ],
        "mconf": [
            0.20980697870254517,
            0.256338506937027,
            0.7235975861549377,
            0.9523220062255859,
            0.19795025885105133,
            0.5468223690986633,
            0.8274745345115662,
            0.2713971734046936,
            0.1585921347141266,
            0.5639176964759827
        ],
        "kf_translation_vector": [
            -0.011009412942321006,
            0.01016924991914502,
            1.0620812058782674
        ],
        "kf_rotation_matrix": [
            [
                0.12314211130620052,
                -0.9915166282831442,
                -0.04160283957948716
            ],
            [
                -0.09709232110843932,
                0.029683525444434714,
                -0.9948326339133459
            ],
            [
                0.9876280178310187,
                0.12654510719587236,
                -0.0926133588633851
            ]
        ],
        "kf_euler_angles": [
            2.202586687810859,
            -1.4133315519316496,
            -0.66766309769586
        ]
    },
    {
        "frame": 6,
        "object_rotation_in_cam": [
            [
                0.13293472892293606,
                -0.9903329952532082,
                -0.03960954883604101
            ],
            [
                -0.08848120835621975,
                0.027946596796490142,
                -0.9956857252644117
            ],
            [
                0.9871673787225794,
                0.13586591272391912,
                -0.08391078682557823
            ]
        ],
        "object_translation_in_cam": [
            -0.010941258487915159,
            0.010636436251565,
            1.0560245681035276
        ],
        "raw_rvec": [
            1.3077215035692744,
            -1.186634548931691,
            1.0422599686694358
        ],
        "refined_raw_rvec": [
            1.3077215035692744,
            -1.186634548931691,
            1.0422599686694358
        ],
        "num_inliers": 9,
        "total_matches": 9,
        "inlier_ratio": 1.0,
        "reprojection_errors": [
            2.014622688293457,
            1.1033170223236084,
            0.238982692360878,
            1.5995862483978271,
            0.4493403434753418,
            1.490449070930481,
            0.900644838809967,
            0.12055683881044388,
            2.290839433670044
        ],
        "mean_reprojection_error": 1.134259819984436,
        "std_reprojection_error": 0.7310478091239929,
        "inliers": [
            0,
            1,
            2,
            3,
            4,
            5,
            6,
            7,
            8
        ],
        "mkpts0": [
            [
                591,
                284
            ],
            [
                598,
                298
            ],
            [
                519,
                327
            ],
            [
                727,
                126
            ],
            [
                539,
                313
            ],
            [
                727,
                143
            ],
            [
                575,
                312
            ],
            [
                834,
                225
            ],
            [
                752,
                77
            ]
        ],
        "mkpts1": [
            [
                640,
                361
            ],
            [
                641,
                373
            ],
            [
                557,
                357
            ],
            [
                829,
                292
            ],
            [
                579,
                357
            ],
            [
                829,
                308
            ],
            [
                614,
                374
            ],
            [
                866,
                379
            ],
            [
                868,
                258
            ]
        ],
        "mpts3D": [
            [
                -0.010999999940395355,
                -0.02500000037252903,
                0.014000000432133675
            ],
            [
                -0.014999999664723873,
                -0.02500000037252903,
                -0.0
            ],
            [
                -0.009999999776482582,
                0.05700000002980232,
                0.017999999225139618
            ],
            [
                -0.0020000000949949026,
                -0.20600000023841858,
                0.07000000029802322
            ],
            [
                -0.009999999776482582,
                0.03500000014901161,
                0.017999999225139618
            ],
            [
                -0.0020000000949949026,
                -0.20600000023841858,
                0.054999999701976776
            ],
            [
                -0.014999999664723873,
                -0.0,
                0.0
            ],
            [
                -0.11299999803304672,
                -0.23000000417232513,
                0.0
            ],
            [
                0.0,
                -0.24300000071525574,
                0.10400000214576721
            ]
        ],
        "mconf": [
            0.2944955825805664,
            0.236435666680336,
            0.4792490601539612,
            0.9805580973625183,
            0.3034708499908447,
            0.6546353101730347,
            0.3017556369304657,
            0.27783694863319397,
            0.5030037760734558
        ],
        "kf_translation_vector": [
            -0.01093281271211894,
            0.010363591440526562,
            1.0576707673104317
        ],
        "kf_rotation_matrix": [
            [
                0.13003363809816132,
                -0.99072262454409,
                -0.03949600206889695
            ],
            [
                -0.09131932013979145,
                0.027698140104899502,
                -0.9954363841069582
            ],
            [
                0.9872953128280123,
                0.13304696257787796,
                -0.0868704265940835
            ]
        ],
        "kf_euler_angles": [
            2.149228930803231,
            -1.411223896853934,
            -0.6122509054558924
        ]
    },
    {
        "frame": 7,
        "object_rotation_in_cam": [
            [
                0.13282239435919652,
                -0.9903200741527751,
                -0.04030337810571427
            ],
            [
                -0.08918675356635714,
                0.028556691933620315,
                -0.9956054631901646
            ],
            [
                0.9871190072858409,
                0.1358332289090206,
                -0.08453046420767868
            ]
        ],
        "object_translation_in_cam": [
            -0.01091803973385626,
            0.010677886594851724,
            1.0560864913538321
        ],
        "raw_rvec": [
            1.3076815424552044,
            -1.1874627401941948,
            1.0415017789748044
        ],
        "refined_raw_rvec": [
            1.3076815424552044,
            -1.1874627401941948,
            1.0415017789748044
        ],
        "num_inliers": 9,
        "total_matches": 9,
        "inlier_ratio": 1.0,
        "reprojection_errors": [
            1.0062501430511475,
            1.1202625036239624,
            0.7130488157272339,
            1.5266914367675781,
            0.38198477029800415,
            1.4076060056686401,
            0.9558556079864502,
            0.14898476004600525,
            2.4020869731903076
        ],
        "mean_reprojection_error": 1.073641300201416,
        "std_reprojection_error": 0.6294220089912415,
        "inliers": [
            0,
            1,
            2,
            3,
            4,
            5,
            6,
            7,
            8
        ],
        "mkpts0": [
            [
                591,
                284
            ],
            [
                598,
                298
            ],
            [
                519,
                327
            ],
            [
                727,
                126
            ],
            [
                539,
                313
            ],
            [
                727,
                143
            ],
            [
                575,
                312
            ],
            [
                834,
                225
            ],
            [
                752,
                77
            ]
        ],
        "mkpts1": [
            [
                640,
                360
            ],
            [
                641,
                373
            ],
            [
                557,
                358
            ],
            [
                829,
                292
            ],
            [
                579,
                357
            ],
            [
                829,
                308
            ],
            [
                614,
                374
            ],
            [
                866,
                379
            ],
            [
                868,
                258
            ]
        ],
        "mpts3D": [
            [
                -0.010999999940395355,
                -0.02500000037252903,
                0.014000000432133675
            ],
            [
                -0.014999999664723873,
                -0.02500000037252903,
                -0.0
            ],
            [
                -0.009999999776482582,
                0.05700000002980232,
                0.017999999225139618
            ],
            [
                -0.0020000000949949026,
                -0.20600000023841858,
                0.07000000029802322
            ],
            [
                -0.009999999776482582,
                0.03500000014901161,
                0.017999999225139618
            ],
            [
                -0.0020000000949949026,
                -0.20600000023841858,
                0.054999999701976776
            ],
            [
                -0.014999999664723873,
                -0.0,
                0.0
            ],
            [
                -0.11299999803304672,
                -0.23000000417232513,
                0.0
            ],
            [
                0.0,
                -0.24300000071525574,
                0.10400000214576721
            ]
        ],
        "mconf": [
            0.40722793340682983,
            0.3897208273410797,
            0.8002657294273376,
            0.9968549013137817,
            0.5871732831001282,
            0.9091026782989502,
            0.3880012035369873,
            0.27776405215263367,
            0.4219846725463867
        ],
        "kf_translation_vector": [
            -0.010894022947889433,
            0.010538238922519445,
            1.0558249764295473
        ],
        "kf_rotation_matrix": [
            [
                0.1329743225937931,
                -0.9903344649060286,
                -0.03943953790312577
            ],
            [
                -0.08907030997399398,
                0.027691180710986935,
                -0.9956403358602786
            ],
            [
                0.9871090666242807,
                0.1359074910743397,
                -0.08452718177024364
            ]
        ],
        "kf_euler_angles": [
            2.127196817705101,
            -1.4100560082272342,
            -0.5901900275125626
        ]
    },
    {
        "frame": 8,
        "object_rotation_in_cam": [
            [
                0.13326821663815336,
                -0.9903688088060447,
                -0.03753937903297888
            ],
            [
                -0.08286232404793137,
                0.02661031693799354,
                -0.9962056646525529
            ],
            [
                0.9876099522015062,
                0.1358731525230611,
                -0.07851795167974801
            ]
        ],
        "object_translation_in_cam": [
            -0.010957466039270026,
            0.010500631739734199,
            1.0572279058582887
        ],
        "raw_rvec": [
            1.3050782076730725,
            -1.181808219981214,
            1.046187702314444
        ],
        "refined_raw_rvec": [
            1.3050782076730725,
            -1.181808219981214,
            1.046187702314444
        ],
        "num_inliers": 10,
        "total_matches": 10,
        "inlier_ratio": 1.0,
        "reprojection_errors": [
            1.203396201133728,
            0.9663972854614258,
            0.0736541673541069,
            1.8319400548934937,
            1.2603193521499634,
            0.7092580795288086,
            1.6699556112289429,
