[
    {
        "frame": 2,
        "object_rotation_in_cam": [
            [
                -0.033287520514142965,
                -0.9989926636953705,
                -0.030093169671023157
            ],
            [
                0.05426109637197252,
                0.028259048917143925,
                -0.9981268253958563
            ],
            [
                0.9979717803618158,
                -0.03485805555573862,
                0.053265763529128485
            ]
        ],
        "object_translation_in_cam": [
            -0.024008860682601843,
            0.0011808790612872105,
            1.1492873098777951
        ],
        "raw_rvec": [
            1.1317941974618728,
            -1.2079265740694816,
            1.2375222071166871
        ],
        "refined_raw_rvec": [
            1.1317941974618728,
            -1.2079265740694816,
            1.2375222071166871
        ],
        "num_inliers": 7,
        "total_matches": 8,
        "inlier_ratio": 0.875,
        "reprojection_errors": [
            6.341041088104248,
            3.1165287494659424,
            0.6239836812019348,
            2.0769240856170654,
            1.6223427057266235,
            0.8979164361953735,
            2.293567180633545
        ],
        "mean_reprojection_error": 2.4246151447296143,
        "std_reprojection_error": 1.7797240018844604,
        "inliers": [
            0,
            2,
            3,
            4,
            5,
            6,
            7
        ],
        "mkpts0": [
            [
                591,
                284
            ],
            [
                610,
                269
            ],
            [
                519,
                327
            ],
            [
                727,
                126
            ],
            [
                539,
                313
            ],
            [
                727,
                143
            ],
            [
                834,
                225
            ],
            [
                752,
                77
            ]
        ],
        "mkpts1": [
            [
                623,
                351
            ],
            [
                640,
                343
            ],
            [
                554,
                346
            ],
            [
                795,
                293
            ],
            [
                574,
                346
            ],
            [
                796,
                308
            ],
            [
                845,
                350
            ],
            [
                828,
                258
            ]
        ],
        "mpts3D": [
            [
                -0.010999999940395355,
                -0.02500000037252903,
                0.014000000432133675
            ],
            [
                -0.010999999940395355,
                -0.04899999871850014,
                0.01600000075995922
            ],
            [
                -0.009999999776482582,
                0.05700000002980232,
                0.017999999225139618
            ],
            [
                -0.0020000000949949026,
                -0.20600000023841858,
                0.07000000029802322
            ],
            [
                -0.009999999776482582,
                0.03500000014901161,
                0.017999999225139618
            ],
            [
                -0.0020000000949949026,
                -0.20600000023841858,
                0.054999999701976776
            ],
            [
                -0.11299999803304672,
                -0.23000000417232513,
                0.0
            ],
            [
                0.0,
                -0.24300000071525574,
                0.10400000214576721
            ]
        ],
        "mconf": [
            0.30201008915901184,
            0.13035544753074646,
            0.30814129114151,
            0.9924983382225037,
            0.3643842935562134,
            0.9831632375717163,
            0.221274733543396,
            0.3064608871936798
        ],
        "kf_translation_vector": [
            -0.024033128897153068,
            0.001182072696703619,
            1.1504490122753326
        ],
        "kf_rotation_matrix": [
            [
                -0.03260598636153885,
                -0.9990619663582189,
                -0.028496263436463533
            ],
            [
                0.052895378463803454,
                0.026746544618994596,
                -0.9982418050192625
            ],
            [
                0.998067597205,
                -0.03405597931925198,
                0.051973663350244434
            ]
        ],
        "kf_euler_angles": [
            -0.5800602390976585,
            -1.508618750783366,
            2.123204924547622
        ]
    },
    {
        "frame": 3,
        "object_rotation_in_cam": [
            [
                -0.03567521365878468,
                -0.9989916764319238,
                -0.027256367148506044
            ],
            [
                0.05356070016549158,
                0.025323234565096664,
                -0.9982434498602748
            ],
            [
                0.9979271168417974,
                -0.03707241846568915,
                0.05260328184555074
            ]
        ],
        "object_translation_in_cam": [
            -0.023796411650088136,
            0.00043290632624079294,
            1.151428636996016
        ],
        "raw_rvec": [
            1.1332858857163095,
            -1.2087609121864213,
            1.2410306942400096
        ],
        "refined_raw_rvec": [
            1.1332858857163095,
            -1.2087609121864213,
            1.2410306942400096
        ],
        "num_inliers": 7,
        "total_matches": 7,
        "inlier_ratio": 1.0,
        "reprojection_errors": [
            6.815124034881592,
            4.197115898132324,
            0.6203164458274841,
            1.6136516332626343,
            1.6403553485870361,
            0.9587701559066772,
            2.4755501747131348
        ],
        "mean_reprojection_error": 2.6172690391540527,
        "std_reprojection_error": 2.0297091007232666,
        "inliers": [
            0,
            1,
            2,
            3,
            4,
            5,
            6
        ],
        "mkpts0": [
            [
                591,
                284
            ],
            [
                519,
                327
            ],
            [
                727,
                126
            ],
            [
                539,
                313
            ],
            [
                727,
                143
            ],
            [
                834,
                225
            ],
            [
                752,
                77
            ]
        ],
        "mkpts1": [
            [
                623,
                351
            ],
            [
                555,
                344
            ],
            [
                795,
                293
            ],
            [
                574,
                346
            ],
            [
                796,
                308
            ],
            [
                845,
                350
            ],
            [
                828,
                258
            ]
        ],
        "mpts3D": [
            [
                -0.010999999940395355,
                -0.02500000037252903,
                0.014000000432133675
            ],
            [
                -0.009999999776482582,
                0.05700000002980232,
                0.017999999225139618
            ],
            [
                -0.0020000000949949026,
                -0.20600000023841858,
                0.07000000029802322
            ],
            [
                -0.009999999776482582,
                0.03500000014901161,
                0.017999999225139618
            ],
            [
                -0.0020000000949949026,
                -0.20600000023841858,
                0.054999999701976776
            ],
            [
                -0.11299999803304672,
                -0.23000000417232513,
                0.0
            ],
            [
                0.0,
                -0.24300000071525574,
                0.10400000214576721
            ]
        ],
        "mconf": [
            0.3716904819011688,
            0.3607207238674164,
            0.994048535823822,
            0.32048696279525757,
            0.9641074538230896,
            0.235128253698349,
            0.33610597252845764
        ],
        "kf_translation_vector": [
            -0.0237028169557997,
            9.14857135011481e-05,
            1.1525706466134453
        ],
        "kf_rotation_matrix": [
            [
                -0.036657749182449136,
                -0.9989964927066164,
                -0.02573357699108396
            ],
            [
                0.05301870068120911,
                0.023770409343692015,
                -0.998310565414245
            ],
            [
                0.9979204511397454,
                -0.03796017912909151,
                0.052094126324704594
            ]
        ],
        "kf_euler_angles": [
            -0.6297190012213189,
            -1.5062940785530907,
            2.175735035539415
        ]
    },
    {
        "frame": 4,
        "object_rotation_in_cam": [
            [
                -0.013296721877490703,
                -0.9996330467931444,
                -0.0236001895409238
            ],
            [
                0.06056145830289272,
                0.022753830042510748,
                -0.9979050921739117
            ],
            [
                0.9980759024019862,
                -0.014698128365591145,
                0.06023668373183344
            ]
        ],
        "object_translation_in_cam": [
            -0.023603721712718472,
            0.0008646143694055591,
            1.1470731495227644
        ],
        "raw_rvec": [
            1.1410030633724193,
            -1.1856461493782564,
            1.230346430216107
        ],
        "refined_raw_rvec": [
            1.1410030633724193,
            -1.1856461493782564,
            1.230346430216107
        ],
        "num_inliers": 7,
        "total_matches": 7,
        "inlier_ratio": 1.0,
        "reprojection_errors": [
            6.69627571105957,
            3.975749969482422,
            2.020925283432007,
            1.7650079727172852,
            1.8598120212554932,
            1.2768656015396118,
            3.429494857788086
        ],
        "mean_reprojection_error": 3.0034472942352295,
        "std_reprojection_error": 1.7546647787094116,
        "inliers": [
            0,
            1,
            2,
            3,
            4,
            5,
            6
        ],
        "mkpts0": [
            [
                591,
                284
            ],
            [
                519,
                327
            ],
            [
                727,
                126
            ],
            [
                539,
                313
            ],
            [
                727,
                143
            ],
            [
                834,
                225
            ],
            [
                752,
                77
            ]
        ],
        "mkpts1": [
            [
                623,
                351
            ],
            [
                555,
                345
            ],
            [
                795,
                293
            ],
            [
                574,
                346
            ],
            [
                796,
                308
            ],
            [
                845,
                350
            ],
            [
                833,
                259
            ]
        ],
        "mpts3D": [
            [
                -0.010999999940395355,
                -0.02500000037252903,
                0.014000000432133675
            ],
            [
                -0.009999999776482582,
                0.05700000002980232,
                0.017999999225139618
            ],
            [
                -0.0020000000949949026,
                -0.20600000023841858,
                0.07000000029802322
            ],
            [
                -0.009999999776482582,
                0.03500000014901161,
                0.017999999225139618
            ],
            [
                -0.0020000000949949026,
                -0.20600000023841858,
                0.054999999701976776
            ],
            [
                -0.11299999803304672,
                -0.23000000417232513,
                0.0
            ],
            [
                0.0,
                -0.24300000071525574,
                0.10400000214576721
            ]
        ],
        "mconf": [
            0.48688778281211853,
            0.2893187999725342,
            0.9962453246116638,
            0.31760793924331665,
            0.9860719442367554,
            0.15724335610866547,
            0.33406558632850647
        ],
        "kf_translation_vector": [
            -0.023504015953822423,
            0.0006316185414278288,
            1.1474705652668147
        ],
        "kf_rotation_matrix": [
            [
                -0.0116250712576849,
                -0.99969007380897,
                -0.022013951168972763
            ],
            [
                0.06080085409657579,
                0.021268012215908697,
                -0.9979233075730374
            ],
            [
                0.9980822179857632,
                -0.01293939659335502,
                0.06053476816193502
            ]
        ],
        "kf_euler_angles": [
            -0.2105825021115201,
            -1.5088544942546334,
            1.75971538153311
        ]
    },
    {
        "frame": 5,
        "object_rotation_in_cam": [
            [
                -0.034489114065618665,
                -0.9989891526067259,
                -0.02883008819036781
            ],
            [
                0.05340098128676318,
                0.02696395846112498,
                -0.9982090362953631
            ],
            [
                0.9979773725934769,
                -0.03596690031407168,
                0.052417038005004746
            ]
        ],
        "object_translation_in_cam": [
            -0.023744923979613537,
            0.0007829990411209623,
            1.1513070630577025
        ],
        "raw_rvec": [
            1.1327972277310658,
            -1.208806600225756,
            1.2389237402811555
        ],
        "refined_raw_rvec": [
            1.1327972277310658,
            -1.208806600225756,
            1.2389237402811555
        ],
        "num_inliers": 7,
        "total_matches": 8,
        "inlier_ratio": 0.875,
        "reprojection_errors": [
            6.713261604309082,
            3.8950130939483643,
            0.6250450015068054,
            1.6184509992599487,
            1.6421360969543457,
            0.960964024066925,
            2.4015235900878906
        ],
        "mean_reprojection_error": 2.5509133338928223,
        "std_reprojection_error": 1.9670984745025635,
        "inliers": [
            0,
            2,
            3,
            4,
            5,
            6,
            7
        ],
        "mkpts0": [
            [
                591,
                284
            ],
            [
                610,
                269
            ],
            [
                519,
                327
            ],
            [
                727,
                126
            ],
            [
                539,
                313
            ],
            [
                727,
                143
            ],
            [
                834,
                225
            ],
            [
                752,
                77
            ]
        ],
        "mkpts1": [
            [
                623,
                351
            ],
            [
                635,
                344
            ],
            [
                555,
                345
            ],
            [
                795,
                293
            ],
            [
                574,
                346
            ],
            [
                796,
                308
            ],
            [
                845,
                350
            ],
            [
                828,
                258
            ]
        ],
        "mpts3D": [
            [
                -0.010999999940395355,
                -0.02500000037252903,
                0.014000000432133675
            ],
            [
                -0.010999999940395355,
                -0.04899999871850014,
                0.01600000075995922
            ],
            [
                -0.009999999776482582,
                0.05700000002980232,
                0.017999999225139618
            ],
            [
                -0.0020000000949949026,
                -0.20600000023841858,
                0.07000000029802322
            ],
            [
                -0.009999999776482582,
                0.03500000014901161,
                0.017999999225139618
            ],
            [
                -0.0020000000949949026,
                -0.20600000023841858,
                0.054999999701976776
            ],
            [
                -0.11299999803304672,
                -0.23000000417232513,
                0.0
            ],
            [
                0.0,
                -0.24300000071525574,
                0.10400000214576721
            ]
        ],
        "mconf": [
            0.43820613622665405,
            0.20055723190307617,
            0.29285791516304016,
            0.9944074749946594,
            0.26659902930259705,
            0.9792821407318115,
            0.1496535837650299,
            0.3101467490196228
        ],
        "kf_translation_vector": [
            -0.023637215898220956,
            0.0007392104891158968,
            1.1504605241791408
        ],
        "kf_rotation_matrix": [
            [
                -0.028266482585123546,
                -0.9992359490744361,
                -0.02699118447893744
            ],
            [
                0.05626926670711865,
                0.02536856861064073,
                -0.9980932848941979
            ],
            [
                0.9980154185114116,
                -0.02973136061397697,
                0.05550919391896808
            ]
        ],
        "kf_euler_angles": [
            -0.4917292792940747,
            -1.5077846094165146,
            2.036316725290902
        ]
    },
    {
        "frame": 7,
        "object_rotation_in_cam": [
            [
                0.3945620806016269,
                -0.9186808392411252,
                -0.018608604529543937
            ],
            [
                -0.06907185670845345,
                -0.009459007147885667,
                -0.9975668427702592
            ],
            [
                0.9162695253920442,
                0.3948873798882385,
                -0.06718715682956017
            ]
        ],
        "object_translation_in_cam": [
            -0.022077182710592263,
            8.786782205399946e-05,
            1.1509057932526163
        ],
        "raw_rvec": [
            1.4211353963196747,
            -0.9541343478711628,
            0.8671088632293543
        ],
        "refined_raw_rvec": [
            1.4211353963196747,
            -0.9541343478711628,
            0.8671088632293543
        ],
        "num_inliers": 7,
        "total_matches": 8,
        "inlier_ratio": 0.875,
        "reprojection_errors": [
            1.9358052015304565,
            0.8644849061965942,
            0.6615622639656067,
            0.4759891629219055,
            0.6626895666122437,
            0.7564880847930908,
            0.5468029975891113
        ],
        "mean_reprojection_error": 0.8434032201766968,
        "std_reprojection_error": 0.46136894822120667,
        "inliers": [
            0,
            2,
            3,
            4,
            5,
            6,
            7
        ],
        "mkpts0": [
            [
                591,
                284
            ],
            [
                610,
                269
            ],
            [
                598,
                298
            ],
            [
                519,
                327
            ],
            [
                727,
                126
            ],
            [
                539,
                313
            ],
            [
                727,
                143
            ],
            [
                752,
                77
            ]
        ],
        "mkpts1": [
            [
                623,
                351
            ],
            [
                635,
                343
            ],
            [
                624,
                363
            ],
            [
                555,
                345
            ],
            [
                795,
                293
            ],
            [
                574,
                346
            ],
            [
                796,
                308
            ],
            [
                833,
                258
            ]
        ],
        "mpts3D": [
            [
                -0.010999999940395355,
                -0.02500000037252903,
                0.014000000432133675
            ],
            [
                -0.010999999940395355,
                -0.04899999871850014,
                0.01600000075995922
            ],
            [
                -0.014999999664723873,
                -0.02500000037252903,
                -0.0
            ],
            [
                -0.009999999776482582,
                0.05700000002980232,
                0.017999999225139618
            ],
            [
                -0.0020000000949949026,
                -0.20600000023841858,
                0.07000000029802322
            ],
            [
                -0.009999999776482582,
                0.03500000014901161,
                0.017999999225139618
            ],
            [
                -0.0020000000949949026,
                -0.20600000023841858,
                0.054999999701976776
            ],
            [
                0.0,
                -0.24300000071525574,
                0.10400000214576721
            ]
        ],
        "mconf": [
            0.5345478653907776,
            0.11784952878952026,
            0.11341814696788788,
            0.30259233713150024,
            0.9948399662971497,
            0.3243699371814728,
            0.9773415327072144,
            0.42624300718307495
        ],
        "kf_translation_vector": [
            -0.022125160401884798,
            0.0001431402969453436,
            1.1512074279725397
        ],
        "kf_rotation_matrix": [
            [
                0.3869536337284222,
                -0.922036155137321,
                -0.010780258065381382
            ],
            [
                -0.025630116025862456,
                0.0009316830781159311,
                -0.9996710604589605
            ],
            [
                0.9217429047716456,
                0.3871026486427444,
                -0.02327137548364941
            ]
        ],
        "kf_euler_angles": [
            1.630840869790697,
            -1.1725510698951498,
            -0.06613901776491032
        ]
    },
    {
        "frame": 8,
        "object_rotation_in_cam": [
            [
                -0.012287822458285858,
                -0.9996139015275645,
                -0.024921021088112616
            ],
            [
                0.057158654668072406,
                0.02417996005366474,
                -0.9980722507555948
            ],
            [
                0.9982894858786051,
                -0.013688586656177504,
                0.05683946674263057
            ]
        ],
        "object_translation_in_cam": [
            -0.023586705307450002,
            0.0008365749964173142,
            1.1468594316893825
        ],
        "raw_rvec": [
            1.1429974488260233,
            -1.1880804626567072,
            1.227050366409756
        ],
        "refined_raw_rvec": [
            1.1429974488260233,
            -1.1880804626567072,
            1.227050366409756
        ],
        "num_inliers": 7,
        "total_matches": 8,
        "inlier_ratio": 0.875,
        "reprojection_errors": [
            6.6965155601501465,
            4.033470153808594,
            2.0952067375183105,
            1.7946186065673828,
            2.1031289100646973,
            1.2924548387527466,
            3.718707799911499
        ],
        "mean_reprojection_error": 3.104871988296509,
        "std_reprojection_error": 1.738781452178955,
        "inliers": [
            0,
            2,
            3,
            4,
            5,
            6,
            7
        ],
        "mkpts0": [
            [
                591,
                284
            ],
            [
                610,
                269
            ],
            [
                519,
                327
            ],
            [
                727,
                126
            ],
            [
                539,
                313
            ],
            [
                727,
                143
            ],
            [
                834,
                225
            ],
            [
                752,
                77
            ]
        ],
        "mkpts1": [
            [
                623,
                351
            ],
            [
                635,
                343
            ],
            [
                555,
                345
            ],
            [
                795,
                293
            ],
            [
                574,
                346
            ],
            [
                796,
                308
            ],
            [
                845,
                350
            ],
            [
                833,
                258
            ]
        ],
        "mpts3D": [
            [
                -0.010999999940395355,
                -0.02500000037252903,
                0.014000000432133675
            ],
            [
                -0.010999999940395355,
                -0.04899999871850014,
                0.01600000075995922
            ],
            [
                -0.009999999776482582,
                0.05700000002980232,
                0.017999999225139618
            ],
            [
                -0.0020000000949949026,
                -0.20600000023841858,
                0.07000000029802322
            ],
            [
                -0.009999999776482582,
                0.03500000014901161,
                0.017999999225139618
            ],
            [
                -0.0020000000949949026,
                -0.20600000023841858,
                0.054999999701976776
            ],
            [
                -0.11299999803304672,
                -0.23000000417232513,
                0.0
            ],
            [
                0.0,
                -0.24300000071525574,
                0.10400000214576721
            ]
        ],
        "mconf": [
            0.5154016017913818,
            0.14106452465057373,
            0.2872016429901123,
            0.9958803653717041,
            0.37677666544914246,
            0.9890465140342712,
            0.10828014463186264,
            0.318160742521286
        ],
        "kf_translation_vector": [
            -0.023085308011559644,
            0.0006722739813753582,
            1.1474718467772993
        ],
        "kf_rotation_matrix": [
            [
                0.0773830048261601,
                -0.9969248655994599,
                -0.012356492769923426
            ],
            [
                0.15301471804469668,
                0.024122261055928525,
                -0.9879294572909807
            ],
            [
                0.9851895079758901,
                0.07455822470424253,
                0.1544108302651573
            ]
        ],
        "kf_euler_angles": [
            0.44983873551359377,
            -1.3984757212536334,
            1.1025811053704808
        ]
    },
    {
        "frame": 9,
        "object_rotation_in_cam": [
            [
                -0.01113792835485905,
                -0.9995872145797793,
                -0.026482956794894374
            ],
            [
                0.05702239453446101,
                0.02580657319830093,
                -0.9980393115009634
            ],
            [
                0.9983107697874036,
                -0.012626211957628142,
                0.056711424758004
            ]
        ],
        "object_translation_in_cam": [
            -0.02353507704379379,
            0.0011858283237278578,
            1.1467069754058472
        ],
        "raw_rvec": [
            1.142462163140787,
            -1.188119031690255,
            1.2250055333985446
        ],
        "refined_raw_rvec": [
            1.142462163140787,
            -1.188119031690255,
            1.2250055333985446
        ],
        "num_inliers": 7,
        "total_matches": 8,
        "inlier_ratio": 0.875,
        "reprojection_errors": [
            6.6068220138549805,
            3.832686185836792,
            2.0915935039520264,
            1.8536771535873413,
            2.1169135570526123,
            1.2917873859405518,
            3.7007243633270264
        ],
        "mean_reprojection_error": 3.0706005096435547,
        "std_reprojection_error": 1.6901288032531738,
        "inliers": [
            0,
            2,
            3,
            4,
            5,
            6,
            7
        ],
        "mkpts0": [
            [
                591,
                284
            ],
            [
                610,
                269
            ],
            [
                519,
                327
            ],
            [
                727,
                126
            ],
            [
                539,
                313
            ],
            [
                727,
                143
            ],
            [
                834,
                225
            ],
            [
                752,
                77
            ]
        ],
        "mkpts1": [
            [
                623,
                351
            ],
            [
                635,
                343
            ],
            [
                555,
                346
            ],
            [
                795,
                293
            ],
            [
                574,
                346
            ],
            [
                796,
                308
            ],
            [
                845,
                350
            ],
            [
                833,
                258
            ]
        ],
        "mpts3D": [
            [
                -0.010999999940395355,
                -0.02500000037252903,
                0.014000000432133675
            ],
            [
                -0.010999999940395355,
                -0.04899999871850014,
                0.01600000075995922
            ],
            [
                -0.009999999776482582,
                0.05700000002980232,
                0.017999999225139618
            ],
            [
                -0.0020000000949949026,
                -0.20600000023841858,
                0.07000000029802322
            ],
            [
                -0.009999999776482582,
                0.03500000014901161,
                0.017999999225139618
            ],
            [
                -0.0020000000949949026,
                -0.20600000023841858,
                0.054999999701976776
            ],
            [
                -0.11299999803304672,
                -0.23000000417232513,
                0.0
            ],
            [
                0.0,
                -0.24300000071525574,
                0.10400000214576721
            ]
        ],
        "mconf": [
            0.41948357224464417,
            0.12597306072711945,
            0.3596632182598114,
            0.9871866703033447,
            0.3917231559753418,
            0.9770489931106567,
            0.14075815677642822,
            0.3180788457393646
        ],
        "kf_translation_vector": [
            -0.02352261803028835,
            0.0012412223146951234,
            1.145895488639371
        ],
        "kf_rotation_matrix": [
            [
                -0.0071589469701601295,
                -0.9996305437491524,
                -0.02622070712342504
            ],
            [
                0.06217419707322803,
                0.025725686162042228,
                -0.9977337111122343
            ],
            [
                0.9980396378383866,
                -0.008772974140284773,
                0.061967057604472846
            ]
        ],
        "kf_euler_angles": [
            -0.14064013920351667,
            -1.5081704056446745,
            1.6854348561629109
        ]
    },
    {
        "frame": 10,
        "object_rotation_in_cam": [
            [
                -0.01113792835485905,
                -0.9995872145797793,
                -0.026482956794894374
            ],
            [
                0.05702239453446101,
                0.02580657319830093,
                -0.9980393115009634
            ],
            [
                0.9983107697874036,
                -0.012626211957628142,
                0.056711424758004
            ]
        ],
        "object_translation_in_cam": [
            -0.02353507704379379,
            0.0011858283237278578,
            1.1467069754058472
        ],
        "raw_rvec": [
            1.142462163140787,
            -1.188119031690255,
            1.2250055333985446
        ],
        "refined_raw_rvec": [
            1.142462163140787,
            -1.188119031690255,
            1.2250055333985446
        ],
        "num_inliers": 7,
        "total_matches": 8,
        "inlier_ratio": 0.875,
        "reprojection_errors": [
            6.6068220138549805,
            3.832686185836792,
            2.0915935039520264,
            1.8536771535873413,
            2.1169135570526123,
            1.2917873859405518,
            3.7007243633270264
        ],
        "mean_reprojection_error": 3.0706005096435547,
        "std_reprojection_error": 1.6901288032531738,
        "inliers": [
            0,
            2,
            3,
            4,
            5,
            6,
            7
        ],
        "mkpts0": [
            [
                591,
                284
            ],
            [
                610,
                269
            ],
            [
                519,
                327
            ],
            [
                727,
                126
            ],
            [
                539,
                313
            ],
            [
                727,
                143
            ],
            [
                834,
                225
            ],
            [
                752,
                77
            ]
        ],
        "mkpts1": [
            [
                623,
                351
            ],
            [
                635,
                343
            ],
            [
                555,
                346
            ],
            [
                795,
                293
            ],
            [
                574,
                346
            ],
            [
                796,
                308
            ],
            [
                845,
                350
            ],
            [
                833,
                258
            ]
        ],
        "mpts3D": [
            [
                -0.010999999940395355,
                -0.02500000037252903,
                0.014000000432133675
            ],
            [
                -0.010999999940395355,
                -0.04899999871850014,
                0.01600000075995922
            ],
            [
                -0.009999999776482582,
                0.05700000002980232,
                0.017999999225139618
            ],
            [
                -0.0020000000949949026,
                -0.20600000023841858,
                0.07000000029802322
            ],
            [
                -0.009999999776482582,
                0.03500000014901161,
                0.017999999225139618
            ],
            [
                -0.0020000000949949026,
                -0.20600000023841858,
                0.054999999701976776
            ],
            [
                -0.11299999803304672,
                -0.23000000417232513,
                0.0
            ],
            [
                0.0,
                -0.24300000071525574,
                0.10400000214576721
            ]
        ],
        "mconf": [
            0.4164147675037384,
            0.14544914662837982,
            0.4538377821445465,
            0.9909329414367676,
            0.39588382840156555,
            0.9884344935417175,
            0.15841726958751678,
            0.4076547920703888
        ],
        "kf_translation_vector": [
            -0.02370856702350199,
            0.0014442278609412672,
            1.145514690502243
        ],
        "kf_rotation_matrix": [
            [
                -0.006936581879884185,
                -0.9995519103156569,
                -0.029118077136801177
            ],
            [
                0.01807478183241921,
                0.028988693496193457,
                -0.9994163086077265
            ],
            [
                0.9998125754827922,
                -0.00745883594837633,
                0.01786560026310614
            ]
        ],
        "kf_euler_angles": [
            -0.39549848245040026,
            -1.5514350059639885,
            1.937234610988693
        ]
    },
    {
        "frame": 13,
        "object_rotation_in_cam": [
            [
                0.35701512175471606,
                -0.9326093169115637,
                -0.05272632026049412
            ],
            [
                -0.15774359822670797,
                -0.004558406556515016,
                -0.9874695834040442
            ],
            [
                0.9206829856454155,
                0.36085881302721756,
                -0.14874056946116387
            ]
        ],
        "object_translation_in_cam": [
            -0.02206599084029739,
            -0.0008476632094768085,
            1.164245724966495
        ],
        "raw_rvec": [
            1.4553622001421953,
            -1.050681060216278,
            0.8363765683084062
        ],
        "refined_raw_rvec": [
            1.4553622001421953,
            -1.050681060216278,
            0.8363765683084062
        ],
        "num_inliers": 7,
        "total_matches": 8,
        "inlier_ratio": 0.875,
        "reprojection_errors": [
            2.0988831520080566,
            0.7315727472305298,
            0.3452470600605011,
            1.3318504095077515,
            0.7897635102272034,
            1.8856312036514282,
            2.231586456298828
        ],
        "mean_reprojection_error": 1.3449333906173706,
        "std_reprojection_error": 0.6898154020309448,
        "inliers": [
            0,
            2,
            3,
            4,
            5,
            6,
            7
        ],
        "mkpts0": [
            [
                591,
                284
            ],
            [
                610,
                269
            ],
            [
                598,
                298
            ],
            [
                519,
                327
