[
    {
        "frame": 1,
        "object_rotation_in_cam": [
            [
                0.9917170561048433,
                0.031061711741193286,
                0.12462925296434277
            ],
            [
                -0.06601666631036796,
                0.955608683475656,
                0.28714777351598786
            ],
            [
                -0.110177494979731,
                -0.2929969524237932,
                0.9497440210237498
            ]
        ],
        "object_translation_in_cam": [
            -0.011590767795716236,
            0.01689334022622905,
            1.0313816135646265
        ],
        "raw_rvec": [
            -0.29515331867653294,
            0.11945983097764351,
            -0.04938940952576647
        ],
        "refined_raw_rvec": [
            -0.29515331867653294,
            0.11945983097764351,
            -0.04938940952576647
        ],
        "num_inliers": 8,
        "total_matches": 9,
        "inlier_ratio": 0.8888888888888888,
        "reprojection_errors": [
            0.8320178389549255,
            1.4212640523910522,
            1.062045693397522,
            4.099984645843506,
            4.425111770629883,
            1.1158746480941772,
            1.2006213665008545,
            1.3206027746200562
        ],
        "mean_reprojection_error": 1.934690237045288,
        "std_reprojection_error": 1.3563793897628784,
        "inliers": [
            0,
            1,
            2,
            3,
            4,
            6,
            7,
            8
        ],
        "mkpts0": [
            [
                963,
                266
            ],
            [
                930,
                263
            ],
            [
                954,
                233
            ],
            [
                676,
                338
            ],
            [
                531,
                330
            ],
            [
                491,
                331
            ],
            [
                636,
                340
            ],
            [
                639,
                363
            ],
            [
                137,
                419
            ]
        ],
        "mkpts1": [
            [
                855,
                308
            ],
            [
                829,
                308
            ],
            [
                844,
                289
            ],
            [
                664,
                361
            ],
            [
                579,
                357
            ],
            [
                557,
                357
            ],
            [
                639,
                361
            ],
            [
                641,
                373
            ],
            [
                387,
                406
            ]
        ],
        "mpts3D": [
            [
                0.23100000619888306,
                -0.054999999701976776,
                -0.0020000000949949026
            ],
            [
                0.20600000023841858,
                -0.054999999701976776,
                -0.0020000000949949026
            ],
            [
                0.22100000083446503,
                -0.07500000298023224,
                -0.0020000000949949026
            ],
            [
                0.04899999871850014,
                -0.01600000075995922,
                -0.010999999940395355
            ],
            [
                -0.03500000014901161,
                -0.017999999225139618,
                -0.009999999776482582
            ],
            [
                -0.05700000002980232,
                -0.017999999225139618,
                -0.009999999776482582
            ],
            [
                0.02500000037252903,
                -0.014000000432133675,
                -0.010999999940395355
            ],
            [
                0.02500000037252903,
                -0.0,
                -0.014999999664723873
            ],
            [
                -0.22499999403953552,
                0.009999999776482582,
                0.0
            ]
        ],
        "mconf": [
            0.9995350241661072,
            0.9985706806182861,
            0.997247576713562,
            0.208399698138237,
            0.8296359181404114,
            0.7211882472038269,
            0.7631967663764954,
            0.7146346569061279,
            0.3417370021343231
        ],
        "kf_translation_vector": [
            -0.011602483771888472,
            0.016910416055462132,
            1.032424136598646
        ],
        "kf_rotation_matrix": [
            [
                0.9917003441958255,
                0.031055557052622567,
                0.12476369543273537
            ],
            [
                -0.06608247976814786,
                0.9555218756476421,
                0.28742138234046566
            ],
            [
                -0.1102884091352005,
                -0.2932805781755129,
                0.9496436011870262
            ]
        ],
        "kf_euler_angles": [
            -0.29953995816217643,
            0.11051322465775489,
            -0.06653716655621539
        ]
    },
    {
        "frame": 2,
        "object_rotation_in_cam": [
            [
                0.9898312467807641,
                0.02527906540384157,
                0.13998239799612838
            ],
            [
                -0.06439753336160867,
                0.9570966375988672,
                0.28252253714329245
            ],
            [
                -0.12683477675061633,
                -0.2886641563292035,
                0.948992067541858
            ]
        ],
        "object_translation_in_cam": [
            -0.01169044121565772,
            0.016894134638085083,
            1.0277657569546563
        ],
        "raw_rvec": [
            -0.2906529205562396,
            0.13577205488320812,
            -0.045632655022596856
        ],
        "refined_raw_rvec": [
            -0.2906529205562396,
            0.13577205488320812,
            -0.045632655022596856
        ],
        "num_inliers": 9,
        "total_matches": 11,
        "inlier_ratio": 0.8181818181818182,
        "reprojection_errors": [
            2.220669984817505,
            1.7751107215881348,
            0.4543585479259491,
            3.9781510829925537,
            4.460204124450684,
            0.9064035415649414,
            1.577040672302246,
            1.7356700897216797,
            2.6467597484588623
        ],
        "mean_reprojection_error": 2.194929838180542,
        "std_reprojection_error": 1.2461050748825073,
        "inliers": [
            0,
            1,
            2,
            3,
            4,
            6,
            7,
            8,
            10
        ],
        "mkpts0": [
            [
                963,
                266
            ],
            [
                930,
                263
            ],
            [
                954,
                233
            ],
            [
                676,
                338
            ],
            [
                531,
                330
            ],
            [
                491,
                331
            ],
            [
                636,
                340
            ],
            [
                639,
                363
            ],
            [
                137,
                419
            ],
            [
                1059,
                384
            ],
            [
                988,
                187
            ]
        ],
        "mkpts1": [
            [
                855,
                308
            ],
            [
                829,
                308
            ],
            [
                845,
                288
            ],
            [
                664,
                361
            ],
            [
                579,
                357
            ],
            [
                557,
                358
            ],
            [
                639,
                361
            ],
            [
                641,
                373
            ],
            [
                387,
                406
            ],
            [
                866,
                379
            ],
            [
                868,
                259
            ]
        ],
        "mpts3D": [
            [
                0.23100000619888306,
                -0.054999999701976776,
                -0.0020000000949949026
            ],
            [
                0.20600000023841858,
                -0.054999999701976776,
                -0.0020000000949949026
            ],
            [
                0.22100000083446503,
                -0.07500000298023224,
                -0.0020000000949949026
            ],
            [
                0.04899999871850014,
                -0.01600000075995922,
                -0.010999999940395355
            ],
            [
                -0.03500000014901161,
                -0.017999999225139618,
                -0.009999999776482582
            ],
            [
                -0.05700000002980232,
                -0.017999999225139618,
                -0.009999999776482582
            ],
            [
                0.02500000037252903,
                -0.014000000432133675,
                -0.010999999940395355
            ],
            [
                0.02500000037252903,
                -0.0,
                -0.014999999664723873
            ],
            [
                -0.22499999403953552,
                0.009999999776482582,
                0.0
            ],
            [
                0.23000000417232513,
                -0.0,
                -0.11299999803304672
            ],
            [
                0.24300000071525574,
                -0.10400000214576721,
                0.0
            ]
        ],
        "mconf": [
            0.999143123626709,
            0.999262273311615,
            0.9939804077148438,
            0.2554440200328827,
            0.8831211924552917,
            0.8778655529022217,
            0.8116768002510071,
            0.7974492907524109,
            0.3030959963798523,
            0.1279524862766266,
            0.5406476855278015
        ],
        "kf_translation_vector": [
            -0.01173761566001224,
            0.01689690944759772,
            1.0262617027580005
        ],
        "kf_rotation_matrix": [
            [
                0.988873735572283,
                0.022680044355242814,
                0.1470181984767959
            ],
            [
                -0.06366331309639922,
                0.9577513246792139,
                0.28046280081465497
            ],
            [
                -0.13444596558063085,
                -0.2867019631311498,
                0.9485390169496648
            ]
        ],
        "kf_euler_angles": [
            -0.29352557395517753,
            0.13485433060315097,
            -0.06429089279888577
        ]
    },
    {
        "frame": 3,
        "object_rotation_in_cam": [
            [
                0.9772439323327173,
                0.11767347132227854,
                0.17648583757869163
            ],
            [
                -0.032211694733889,
                0.9046917488106764,
                -0.4248473212299341
            ],
            [
                -0.20965854011048102,
                0.4094945589148224,
                0.8878949840932185
            ]
        ],
        "object_translation_in_cam": [
            -0.009814838521175727,
            0.006795753512173701,
            1.0615677881420345
        ],
        "raw_rvec": [
            0.43394925781073346,
            0.20083741460626606,
            -0.0779567202782961
        ],
        "refined_raw_rvec": [
            0.43394925781073346,
            0.20083741460626606,
            -0.0779567202782961
        ],
        "num_inliers": 8,
        "total_matches": 10,
        "inlier_ratio": 0.8,
        "reprojection_errors": [
            0.8781281113624573,
            1.342767357826233,
            0.005179004743695259,
            3.644519090652466,
            0.926361620426178,
            0.7102421522140503,
            1.050403118133545,
            2.0534565448760986
        ],
        "mean_reprojection_error": 1.3263821601867676,
        "std_reprojection_error": 1.0286509990692139,
        "inliers": [
            0,
            1,
            2,
            3,
            4,
            5,
            6,
            7
        ],
        "mkpts0": [
            [
                963,
                266
            ],
            [
                930,
                263
            ],
            [
                954,
                233
            ],
            [
                676,
                338
            ],
            [
                531,
                330
            ],
            [
                491,
                331
            ],
            [
                636,
                340
            ],
            [
                639,
                363
            ],
            [
                137,
                419
            ],
            [
                1059,
                384
            ]
        ],
        "mkpts1": [
            [
                855,
                308
            ],
            [
                829,
                308
            ],
            [
                844,
                288
            ],
            [
                664,
                361
            ],
            [
                579,
                357
            ],
            [
                557,
                358
            ],
            [
                639,
                361
            ],
            [
                641,
                373
            ],
            [
                387,
                406
            ],
            [
                866,
                379
            ]
        ],
        "mpts3D": [
            [
                0.23100000619888306,
                -0.054999999701976776,
                -0.0020000000949949026
            ],
            [
                0.20600000023841858,
                -0.054999999701976776,
                -0.0020000000949949026
            ],
            [
                0.22100000083446503,
                -0.07500000298023224,
                -0.0020000000949949026
            ],
            [
                0.04899999871850014,
                -0.01600000075995922,
                -0.010999999940395355
            ],
            [
                -0.03500000014901161,
                -0.017999999225139618,
                -0.009999999776482582
            ],
            [
                -0.05700000002980232,
                -0.017999999225139618,
                -0.009999999776482582
            ],
            [
                0.02500000037252903,
                -0.014000000432133675,
                -0.010999999940395355
            ],
            [
                0.02500000037252903,
                -0.0,
                -0.014999999664723873
            ],
            [
                -0.22499999403953552,
                0.009999999776482582,
                0.0
            ],
            [
                0.23000000417232513,
                -0.0,
                -0.11299999803304672
            ]
        ],
        "mconf": [
            0.9992789626121521,
            0.999229907989502,
            0.9958201050758362,
            0.23737049102783203,
            0.8945446014404297,
            0.930648684501648,
            0.8146148324012756,
            0.7593404054641724,
            0.38589516282081604,
            0.15605364739894867
        ],
        "kf_translation_vector": [
            -0.009644134825845686,
            0.005672161943443855,
            1.0640440670241773
        ],
        "kf_rotation_matrix": [
            [
                0.9739630866899421,
                0.1357685362055341,
                0.18155663122565058
            ],
            [
                -0.028079881726209618,
                0.8669222303726276,
                -0.4976518529333442
            ],
            [
                -0.22496094329381353,
                0.4795964460485037,
                0.8481626158526455
            ]
        ],
        "kf_euler_angles": [
            0.5146301711365967,
            0.22690295184110712,
            -0.028822555996225054
        ]
    },
    {
        "frame": 4,
        "object_rotation_in_cam": [
            [
                0.9901456928773895,
                0.04641132957856349,
                0.13212681545812027
            ],
            [
                -0.03430477089344376,
                0.995123975829247,
                -0.09247407973989538
            ],
            [
                -0.1357744069046245,
                0.08703023162408655,
                0.9869098485744051
            ]
        ],
        "object_translation_in_cam": [
            -0.010948918533846577,
            0.011748255634064345,
            1.056901315348594
        ],
        "raw_rvec": [
            0.09017064316498395,
            0.1345751828553641,
            -0.04054622776481544
        ],
        "refined_raw_rvec": [
            0.09017064316498395,
            0.1345751828553641,
            -0.04054622776481544
        ],
        "num_inliers": 9,
        "total_matches": 10,
        "inlier_ratio": 0.9,
        "reprojection_errors": [
            0.4498433470726013,
            1.433786392211914,
            0.5438150763511658,
            3.9673118591308594,
            0.9932096004486084,
            0.7977718710899353,
            0.9647150635719299,
            2.048722267150879,
            0.09851687401533127
        ],
        "mean_reprojection_error": 1.2552990913391113,
        "std_reprojection_error": 1.0990887880325317,
        "inliers": [
            0,
            1,
            2,
            3,
            4,
            5,
            6,
            7,
            9
        ],
        "mkpts0": [
            [
                963,
                266
            ],
            [
                930,
                263
            ],
            [
                954,
                233
            ],
            [
                676,
                338
            ],
            [
                531,
                330
            ],
            [
                491,
                331
            ],
            [
                636,
                340
            ],
            [
                639,
                363
            ],
            [
                137,
                419
            ],
            [
                1059,
                384
            ]
        ],
        "mkpts1": [
            [
                855,
                308
            ],
            [
                829,
                308
            ],
            [
                844,
                288
            ],
            [
                664,
                361
            ],
            [
                579,
                357
            ],
            [
                557,
                358
            ],
            [
                640,
                361
            ],
            [
                641,
                373
            ],
            [
                387,
                406
            ],
            [
                866,
                379
            ]
        ],
        "mpts3D": [
            [
                0.23100000619888306,
                -0.054999999701976776,
                -0.0020000000949949026
            ],
            [
                0.20600000023841858,
                -0.054999999701976776,
                -0.0020000000949949026
            ],
            [
                0.22100000083446503,
                -0.07500000298023224,
                -0.0020000000949949026
            ],
            [
                0.04899999871850014,
                -0.01600000075995922,
                -0.010999999940395355
            ],
            [
                -0.03500000014901161,
                -0.017999999225139618,
                -0.009999999776482582
            ],
            [
                -0.05700000002980232,
                -0.017999999225139618,
                -0.009999999776482582
            ],
            [
                0.02500000037252903,
                -0.014000000432133675,
                -0.010999999940395355
            ],
            [
                0.02500000037252903,
                -0.0,
                -0.014999999664723873
            ],
            [
                -0.22499999403953552,
                0.009999999776482582,
                0.0
            ],
            [
                0.23000000417232513,
                -0.0,
                -0.11299999803304672
            ]
        ],
        "mconf": [
            0.999473512172699,
            0.994996190071106,
            0.9957882165908813,
            0.22096724808216095,
            0.8856037259101868,
            0.8801204562187195,
            0.6157992482185364,
            0.7631778120994568,
            0.4640026390552521,
            0.135091632604599
        ],
        "kf_translation_vector": [
            -0.010398386448301244,
            0.008685377962096437,
            1.0660870673431826
        ],
        "kf_rotation_matrix": [
            [
                0.9858987893366028,
                0.0740666594435163,
                0.15005901220353016
            ],
            [
                -0.02454015246453528,
                0.9510134491535036,
                -0.30817397756165876
            ],
            [
                -0.1655335558176601,
                0.3001458803449325,
                0.9394206152785487
            ]
        ],
        "kf_euler_angles": [
            0.30925028272150606,
            0.16629900641216028,
            -0.024886009096718235
        ]
    },
    {
        "frame": 5,
        "object_rotation_in_cam": [
            [
                0.9922817388733887,
                0.03465390877362,
                0.11906324917922295
            ],
            [
                -0.06595071970864418,
                0.9605833317114351,
                0.27005585608920063
            ],
            [
                -0.10501168158026974,
                -0.275823801447353,
                0.9554547489477537
            ]
        ],
        "object_translation_in_cam": [
            -0.011388097549196294,
            0.016783625627895968,
            1.031822676469493
        ],
        "raw_rvec": [
            -0.27718836211657083,
            0.11378142085180867,
            -0.05108531121344738
        ],
        "refined_raw_rvec": [
            -0.27718836211657083,
            0.11378142085180867,
            -0.05108531121344738
        ],
        "num_inliers": 8,
        "total_matches": 9,
        "inlier_ratio": 0.8888888888888888,
        "reprojection_errors": [
            1.0513287782669067,
            1.0942213535308838,
            0.895174503326416,
            4.170592308044434,
            4.346917629241943,
            0.3887249231338501,
            1.1230865716934204,
            1.3744721412658691
        ],
        "mean_reprojection_error": 1.8055647611618042,
        "std_reprojection_error": 1.4411181211471558,
        "inliers": [
            0,
            1,
            2,
            3,
            4,
            6,
            7,
            8
        ],
        "mkpts0": [
            [
                963,
                266
            ],
            [
                930,
                263
            ],
            [
                954,
                233
            ],
            [
                676,
                338
            ],
            [
                531,
                330
            ],
            [
                491,
                331
            ],
            [
                636,
                340
            ],
            [
                639,
                363
            ],
            [
                137,
                419
            ]
        ],
        "mkpts1": [
            [
                855,
                308
            ],
            [
                829,
                308
            ],
            [
                844,
                288
            ],
            [
                664,
                361
            ],
            [
                579,
                357
            ],
            [
                557,
                358
            ],
            [
                640,
                361
            ],
            [
                641,
                373
            ],
            [
                387,
                406
            ]
        ],
        "mpts3D": [
            [
                0.23100000619888306,
                -0.054999999701976776,
                -0.0020000000949949026
            ],
            [
                0.20600000023841858,
                -0.054999999701976776,
                -0.0020000000949949026
            ],
            [
                0.22100000083446503,
                -0.07500000298023224,
                -0.0020000000949949026
            ],
            [
                0.04899999871850014,
                -0.01600000075995922,
                -0.010999999940395355
            ],
            [
                -0.03500000014901161,
                -0.017999999225139618,
                -0.009999999776482582
            ],
            [
                -0.05700000002980232,
                -0.017999999225139618,
                -0.009999999776482582
            ],
            [
                0.02500000037252903,
                -0.014000000432133675,
                -0.010999999940395355
            ],
            [
                0.02500000037252903,
                -0.0,
                -0.014999999664723873
            ],
            [
                -0.22499999403953552,
                0.009999999776482582,
                0.0
            ]
        ],
        "mconf": [
            0.9993932843208313,
            0.9963633418083191,
            0.995955765247345,
            0.23117129504680634,
            0.9504268765449524,
            0.9302366971969604,
            0.7836064696311951,
            0.7989174127578735,
            0.6753951907157898
        ],
        "kf_translation_vector": [
            -0.011263963708512435,
            0.01567071709508119,
            1.0388048169625064
        ],
        "kf_rotation_matrix": [
            [
                0.9926823299606776,
                0.03654067272699253,
                0.11509374883328459
            ],
            [
                -0.058038390698032884,
                0.9801861490181304,
                0.18938494786595364
            ],
            [
                -0.1058930450455688,
                -0.19467894726874374,
                0.9751342320425997
            ]
        ],
        "kf_euler_angles": [
            -0.1970524877554964,
            0.10609195277787448,
            -0.05839974519479831
        ]
    },
    {
        "frame": 6,
        "object_rotation_in_cam": [
            [
                0.9917314524375567,
                0.0785330376647158,
                0.10149526216157351
            ],
            [
                -0.03264176492235843,
                0.9192463903964809,
                -0.3923271452828545
            ],
            [
                -0.12410979586175983,
                0.38577018513383443,
                0.9142090148499737
            ]
        ],
        "object_translation_in_cam": [
            -0.010727343296178094,
            0.006378204340685872,
            1.0643227592170779
        ],
        "raw_rvec": [
            0.40079555419394947,
            0.11620847511582802,
            -0.057265800656875816
        ],
        "refined_raw_rvec": [
            0.40079555419394947,
            0.11620847511582802,
            -0.057265800656875816
        ],
        "num_inliers": 7,
        "total_matches": 8,
        "inlier_ratio": 0.875,
        "reprojection_errors": [
            0.6392224431037903,
            0.8582232594490051,
            0.2697731554508209,
            0.09408529102802277,
            0.6796563863754272,
            1.9601857662200928,
            0.9767584800720215
        ],
        "mean_reprojection_error": 0.7825578451156616,
        "std_reprojection_error": 0.5603982210159302,
        "inliers": [
            0,
            1,
            2,
            3,
            4,
            5,
            6
        ],
        "mkpts0": [
            [
                963,
                266
            ],
            [
                930,
                263
            ],
            [
                954,
                233
            ],
            [
                531,
                330
            ],
            [
                491,
                331
            ],
            [
                636,
                340
            ],
            [
                639,
                363
            ],
            [
                137,
                419
            ]
        ],
        "mkpts1": [
            [
                855,
                308
            ],
            [
                829,
                308
            ],
            [
                845,
                288
            ],
            [
                579,
                357
            ],
            [
                557,
                357
            ],
            [
                640,
                361
            ],
            [
                641,
                373
            ],
            [
                387,
                406
            ]
        ],
        "mpts3D": [
            [
                0.23100000619888306,
                -0.054999999701976776,
                -0.0020000000949949026
            ],
            [
                0.20600000023841858,
                -0.054999999701976776,
                -0.0020000000949949026
            ],
            [
                0.22100000083446503,
                -0.07500000298023224,
                -0.0020000000949949026
            ],
            [
                -0.03500000014901161,
                -0.017999999225139618,
                -0.009999999776482582
            ],
            [
                -0.05700000002980232,
                -0.017999999225139618,
                -0.009999999776482582
            ],
            [
                0.02500000037252903,
                -0.014000000432133675,
                -0.010999999940395355
            ],
            [
                0.02500000037252903,
                -0.0,
                -0.014999999664723873
            ],
            [
                -0.22499999403953552,
                0.009999999776482582,
                0.0
            ]
        ],
        "mconf": [
            0.9994799494743347,
            0.9979771375656128,
            0.9968397617340088,
            0.9298614859580994,
            0.7190565466880798,
            0.7286840081214905,
            0.7626060247421265,
            0.5758359432220459
        ],
        "kf_translation_vector": [
            -0.01101520829411015,
            0.008708363646545496,
            1.057531287236933
        ],
        "kf_rotation_matrix": [
            [
                0.9940472819640819,
                0.06368635975244138,
                0.0883971085573716
            ],
            [
                -0.04110680591143501,
                0.9706295460508519,
                -0.23704116697501446
            ],
            [
                -0.10089713438735876,
                0.23199640496050727,
                0.9674696048754294
            ]
        ],
        "kf_euler_angles": [
            0.23535312180620463,
            0.10106911612590092,
            -0.04132942049978023
        ]
    },
    {
        "frame": 7,
        "object_rotation_in_cam": [
            [
                0.9923615881551068,
                0.08449708846893517,
                0.08988170222324006
            ],
            [
                -0.03595073840846019,
                0.8950527224793255,
                -0.4445089069863887
            ],
            [
                -0.11800857071484562,
                0.4378822513217685,
                0.8912536738859587
            ]
        ],
        "object_translation_in_cam": [
            -0.01075266629945848,
            0.005502089322916683,
            1.0650950612500347
        ],
        "raw_rvec": [
            0.45822707685660585,
            0.1079577364056871,
            -0.06254874054901234
        ],
        "refined_raw_rvec": [
            0.45822707685660585,
            0.1079577364056871,
            -0.06254874054901234
        ],
        "num_inliers": 7,
        "total_matches": 8,
        "inlier_ratio": 0.875,
        "reprojection_errors": [
            0.7536520957946777,
            0.7474455833435059,
            0.25801774859428406,
            0.11306142807006836,
            0.26185405254364014,
            1.0363188982009888,
            0.7930278182029724
        ],
        "mean_reprojection_error": 0.5661967992782593,
        "std_reprojection_error": 0.3236815631389618,
        "inliers": [
            0,
            1,
            2,
            3,
            4,
            5,
            6
        ],
        "mkpts0": [
            [
                963,
                266
            ],
            [
                930,
                263
            ],
            [
                954,
                233
            ],
            [
                531,
                330
            ],
            [
                491,
                331
            ],
            [
                636,
                340
            ],
            [
                639,
                363
            ],
            [
                137,
                419
            ]
        ],
        "mkpts1": [
            [
                855,
                308
            ],
            [
                829,
                308
            ],
            [
                845,
                288
            ],
            [
                579,
                357
            ],
            [
                557,
                358
            ],
            [
                640,
                360
            ],
            [
                641,
                373
            ],
            [
                387,
                406
            ]
        ],
        "mpts3D": [
            [
                0.23100000619888306,
                -0.054999999701976776,
                -0.0020000000949949026
            ],
            [
                0.20600000023841858,
                -0.054999999701976776,
                -0.0020000000949949026
            ],
            [
                0.22100000083446503,
                -0.07500000298023224,
                -0.0020000000949949026
            ],
            [
                -0.03500000014901161,
                -0.017999999225139618,
                -0.009999999776482582
            ],
            [
                -0.05700000002980232,
                -0.017999999225139618,
                -0.009999999776482582
            ],
            [
                0.02500000037252903,
                -0.014000000432133675,
                -0.010999999940395355
            ],
            [
                0.02500000037252903,
                -0.0,
                -0.014999999664723873
            ],
            [
                -0.22499999403953552,
                0.009999999776482582,
                0.0
            ]
        ],
        "mconf": [
            0.9996851086616516,
            0.9980767965316772,
            0.9975064396858215,
            0.9791706800460815,
            0.9622718691825867,
            0.8952348232269287,
            0.9003705978393555,
            0.5608323812484741
        ],
        "kf_translation_vector": [
            -0.01092431059987636,
            0.00521940466896406,
            1.065256536734873
        ],
        "kf_rotation_matrix": [
            [
                0.994516390385758,
                0.07684055066267778,
                0.0709413774037342
            ],
            [
                -0.037503329090942734,
                0.8952633735116334,
                -0.44395607029937795
            ],
            [
                -0.09762504576787172,
                0.43886105070104614,
                0.8932358751283979
            ]
        ],
        "kf_euler_angles": [
            0.45667628210588546,
            0.09778078631897334,
            -0.03769225662520095
        ]
    },
    {
        "frame": 8,
        "object_rotation_in_cam": [
            [
                0.9950529258507256,
                0.0761849908173369,
                0.06376144548293013
            ],
            [
                -0.03694624777747311,
                0.8795575705665537,
                -0.4743558314538016
            ],
            [
                -0.09222065674823586,
                0.4696534118189967,
                0.8780210835940672
            ]
        ],
        "object_translation_in_cam": [
            -0.011106991553346638,
            0.004655474939780247,
            1.0684597012039077
        ],
        "raw_rvec": [
            0.49248121674924106,
            0.0813744738680597,
            -0.0590195598534201
        ],
        "refined_raw_rvec": [
            0.49248121674924106,
            0.0813744738680597,
            -0.0590195598534201
        ],
        "num_inliers": 8,
        "total_matches": 9,
        "inlier_ratio": 0.8888888888888888,
        "reprojection_errors": [
            0.713060736656189,
            1.350199818611145,
            1.0463327169418335,
            0.12446577101945877,
            0.762519896030426,
            1.3692928552627563,
            0.35657140612602234,
            1.14078688621521
        ],
        "mean_reprojection_error": 0.857903778553009,
        "std_reprojection_error": 0.4240792393684387,
        "inliers": [
            0,
            1,
            2,
            3,
            4,
            5,
            6,
            8
        ],
        "mkpts0": [
            [
                963,
                266
            ],
            [
                930,
                263
            ],
            [
                954,
                233
            ],
            [
                531,
                330
            ],
            [
                491,
                331
            ],
            [
                636,
                340
            ],
            [
                639,
                363
            ],
            [
                137,
                419
            ],
            [
                988,
                187
            ]
        ],
        "mkpts1": [
            [
                854,
                308
            ],
            [
                829,
                308
            ],
            [
                845,
                288
            ],
            [
                579,
                357
            ],
            [
                557,
                357
            ],
            [
                640,
                360
            ],
            [
                641,
                373
            ],
            [
                387,
                406
            ],
            [
                868,
                259
