[
    {
        "frame": 1,
        "object_rotation_in_cam": [
            [
                0.9874991745230511,
                0.038215318369818986,
                0.15292144963407217
            ],
            [
                -0.028225196973651563,
                0.9973553556593475,
                -0.06697486687866577
            ],
            [
                -0.1550764926482775,
                0.06182138771905566,
                0.9859662253081486
            ]
        ],
        "object_translation_in_cam": [
            -0.01097707974935328,
            0.010922083281840262,
            1.0576723772495609
        ],
        "raw_rvec": [
            0.0647131479314051,
            0.15475229822279848,
            -0.03338276343120358
        ],
        "refined_raw_rvec": [
            0.0647131479314051,
            0.15475229822279848,
            -0.03338276343120358
        ],
        "num_inliers": 9,
        "total_matches": 9,
        "inlier_ratio": 1.0,
        "reprojection_errors": [
            2.192718505859375,
            1.3652856349945068,
            0.2830401659011841,
            1.7474324703216553,
            0.3397827446460724,
            0.3885815143585205,
            1.555160403251648,
            0.638320803642273,
            2.3153769969940186
        ],
        "mean_reprojection_error": 1.2028555870056152,
        "std_reprojection_error": 0.7628379464149475,
        "inliers": [
            0,
            1,
            2,
            3,
            4,
            5,
            6,
            7,
            8
        ],
        "mkpts0": [
            [
                591,
                284
            ],
            [
                598,
                298
            ],
            [
                519,
                327
            ],
            [
                727,
                126
            ],
            [
                795,
                220
            ],
            [
                539,
                313
            ],
            [
                727,
                143
            ],
            [
                575,
                312
            ],
            [
                752,
                77
            ]
        ],
        "mkpts1": [
            [
                639,
                361
            ],
            [
                641,
                373
            ],
            [
                557,
                357
            ],
            [
                829,
                292
            ],
            [
                845,
                373
            ],
            [
                579,
                357
            ],
            [
                829,
                308
            ],
            [
                614,
                374
            ],
            [
                867,
                258
            ]
        ],
        "mpts3D": [
            [
                0.02500000037252903,
                -0.014000000432133675,
                -0.010999999940395355
            ],
            [
                0.02500000037252903,
                0.0,
                -0.014999999664723873
            ],
            [
                -0.05700000002980232,
                -0.017999999225139618,
                -0.009999999776482582
            ],
            [
                0.20600000023841858,
                -0.07000000029802322,
                -0.0020000000949949026
            ],
            [
                0.21699999272823334,
                -0.0,
                -0.07000000029802322
            ],
            [
                -0.03500000014901161,
                -0.017999999225139618,
                -0.009999999776482582
            ],
            [
                0.20600000023841858,
                -0.054999999701976776,
                -0.0020000000949949026
            ],
            [
                0.0,
                -0.0,
                -0.014999999664723873
            ],
            [
                0.24300000071525574,
                -0.10400000214576721,
                0.0
            ]
        ],
        "mconf": [
            0.3032180368900299,
            0.17783741652965546,
            0.4375861883163452,
            0.8821696639060974,
            0.25378718972206116,
            0.25875476002693176,
            0.7201863527297974,
            0.26096197962760925,
            0.4428485035896301
        ],
        "kf_translation_vector": [
            -0.010988175408161294,
            0.010933123350085656,
            1.0587414750512154
        ],
        "kf_rotation_matrix": [
            [
                0.9874739496208366,
                0.03826354004315182,
                0.15307220624134102
            ],
            [
                -0.02825302091080842,
                0.9973497314015721,
                -0.06704684990829451
            ],
            [
                -0.15523197360608074,
                0.061882265444778824,
                0.9859379390173516
            ]
        ],
        "kf_euler_angles": [
            0.06268264387934963,
            0.15586226909847412,
            -0.028603605470968855
        ]
    },
    {
        "frame": 2,
        "object_rotation_in_cam": [
            [
                0.9910495221245529,
                0.028753535310547855,
                0.13036133975930322
            ],
            [
                -0.050362581913906156,
                0.9849002670858095,
                0.16563536529759051
            ],
            [
                -0.12363031602184192,
                -0.1707181832771373,
                0.9775330413131278
            ]
        ],
        "object_translation_in_cam": [
            -0.010971002980976145,
            0.013918128413182511,
            1.0467638489528899
        ],
        "raw_rvec": [
            -0.16949287801082957,
            0.12798966121065872,
            -0.03986762875622124
        ],
        "refined_raw_rvec": [
            -0.16949287801082957,
            0.12798966121065872,
            -0.03986762875622124
        ],
        "num_inliers": 9,
        "total_matches": 10,
        "inlier_ratio": 0.9,
        "reprojection_errors": [
            2.4670863151550293,
            0.5300085544586182,
            1.5045021772384644,
            1.901665210723877,
            1.3172647953033447,
            0.7755914330482483,
            1.418219804763794,
            0.5910958051681519,
            1.8652304410934448
        ],
        "mean_reprojection_error": 1.3745182752609253,
        "std_reprojection_error": 0.6164532899856567,
        "inliers": [
            0,
            1,
            2,
            3,
            5,
            6,
            7,
            8,
            9
        ],
        "mkpts0": [
            [
                591,
                284
            ],
            [
                598,
                298
            ],
            [
                519,
                327
            ],
            [
                727,
                126
            ],
            [
                795,
                220
            ],
            [
                539,
                313
            ],
            [
                727,
                143
            ],
            [
                496,
                378
            ],
            [
                575,
                312
            ],
            [
                752,
                77
            ]
        ],
        "mkpts1": [
            [
                639,
                361
            ],
            [
                641,
                373
            ],
            [
                557,
                358
            ],
            [
                829,
                292
            ],
            [
                845,
                373
            ],
            [
                579,
                357
            ],
            [
                829,
                308
            ],
            [
                523,
                380
            ],
            [
                614,
                374
            ],
            [
                863,
                258
            ]
        ],
        "mpts3D": [
            [
                0.02500000037252903,
                -0.014000000432133675,
                -0.010999999940395355
            ],
            [
                0.02500000037252903,
                0.0,
                -0.014999999664723873
            ],
            [
                -0.05700000002980232,
                -0.017999999225139618,
                -0.009999999776482582
            ],
            [
                0.20600000023841858,
                -0.07000000029802322,
                -0.0020000000949949026
            ],
            [
                0.21699999272823334,
                -0.0,
                -0.07000000029802322
            ],
            [
                -0.03500000014901161,
                -0.017999999225139618,
                -0.009999999776482582
            ],
            [
                0.20600000023841858,
                -0.054999999701976776,
                -0.0020000000949949026
            ],
            [
                -0.09000000357627869,
                -0.0,
                -0.014999999664723873
            ],
            [
                0.0,
                -0.0,
                -0.014999999664723873
            ],
            [
                0.24300000071525574,
                -0.10400000214576721,
                0.0
            ]
        ],
        "mconf": [
            0.3143664300441742,
            0.19074027240276337,
            0.42843636870384216,
            0.9674280881881714,
            0.22958871722221375,
            0.3261505961418152,
            0.7263311743736267,
            0.19650372862815857,
            0.23592296242713928,
            0.22122463583946228
        ],
        "kf_translation_vector": [
            -0.010969795096670756,
            0.015287941889235561,
            1.041933082186825
        ],
        "kf_rotation_matrix": [
            [
                0.9921708333462022,
                0.028317630780272055,
                0.12163531248817135
            ],
            [
                -0.06051377393607203,
                0.9609903506747711,
                0.26988076825515833
            ],
            [
                -0.10924797765229739,
                -0.27512843854638636,
                0.9551802037740892
            ]
        ],
        "kf_euler_angles": [
            -0.2804469123862883,
            0.10946646779815758,
            -0.0609158253121856
        ]
    },
    {
        "frame": 3,
        "object_rotation_in_cam": [
            [
                0.9949289476222039,
                0.019503647127196353,
                -0.09867115552232897
            ],
            [
                -0.0300897837908262,
                0.9938074076725294,
                -0.10696467345169752
            ],
            [
                0.09597392403562105,
                0.10939124372610798,
                0.9893546187799701
            ]
        ],
        "object_translation_in_cam": [
            -0.012518560843953915,
            0.010364267031868423,
            1.0158108247293014
        ],
        "raw_rvec": [
            0.10857470990480496,
            -0.09767947797810474,
            -0.02488765939635994
        ],
        "refined_raw_rvec": [
            0.10857470990480496,
            -0.09767947797810474,
            -0.02488765939635994
        ],
        "num_inliers": 9,
        "total_matches": 10,
        "inlier_ratio": 0.9,
        "reprojection_errors": [
            3.8771095275878906,
            2.30698823928833,
            3.2155282497406006,
            1.390639305114746,
            1.4503763914108276,
            1.0653256177902222,
            1.201201319694519,
            2.4452767372131348,
            2.289525032043457
        ],
        "mean_reprojection_error": 2.1379966735839844,
        "std_reprojection_error": 0.9062193036079407,
        "inliers": [
            0,
            1,
            2,
            3,
            5,
            6,
            7,
            8,
            9
        ],
        "mkpts0": [
            [
                591,
                284
            ],
            [
                598,
                298
            ],
            [
                519,
                327
            ],
            [
                727,
                126
            ],
            [
                795,
                220
            ],
            [
                539,
                313
            ],
            [
                650,
                377
            ],
            [
                727,
                143
            ],
            [
                575,
                312
            ],
            [
                752,
                77
            ]
        ],
        "mkpts1": [
            [
                639,
                361
            ],
            [
                641,
                373
            ],
            [
                557,
                358
            ],
            [
                829,
                292
            ],
            [
                845,
                373
            ],
            [
                579,
                357
            ],
            [
                594,
                392
            ],
            [
                829,
                308
            ],
            [
                614,
                374
            ],
            [
                868,
                258
            ]
        ],
        "mpts3D": [
            [
                0.02500000037252903,
                -0.014000000432133675,
                -0.010999999940395355
            ],
            [
                0.02500000037252903,
                0.0,
                -0.014999999664723873
            ],
            [
                -0.05700000002980232,
                -0.017999999225139618,
                -0.009999999776482582
            ],
            [
                0.20600000023841858,
                -0.07000000029802322,
                -0.0020000000949949026
            ],
            [
                0.21699999272823334,
                -0.0,
                -0.07000000029802322
            ],
            [
                -0.03500000014901161,
                -0.017999999225139618,
                -0.009999999776482582
            ],
            [
                -0.028999999165534973,
                -0.0,
                -0.12700000405311584
            ],
            [
                0.20600000023841858,
                -0.054999999701976776,
                -0.0020000000949949026
            ],
            [
                0.0,
                -0.0,
                -0.014999999664723873
            ],
            [
                0.24300000071525574,
                -0.10400000214576721,
                0.0
            ]
        ],
        "mconf": [
            0.5249310731887817,
            0.3082849383354187,
            0.6981925964355469,
            0.972960352897644,
            0.14466647803783417,
            0.4935801923274994,
            0.11531897634267807,
            0.8541311621665955,
            0.30874037742614746,
            0.3889676630496979
        ],
        "kf_translation_vector": [
            -0.010966051424836048,
            0.018164050461120292,
            1.0316697514567243
        ],
        "kf_rotation_matrix": [
            [
                0.9935112960200781,
                0.03365725716233673,
                0.108639282586056
            ],
            [
                -0.08186730672446964,
                0.8747056605604533,
                0.47769001609117034
            ],
            [
                -0.07894965972178858,
                -0.4834844324523897,
                0.8717853834551279
            ]
        ],
        "kf_euler_angles": [
            -0.5063612285357975,
            0.07903190680371446,
            -0.08221623942633452
        ]
    },
    {
        "frame": 4,
        "object_rotation_in_cam": [
            [
                0.9893017306142153,
                0.10309049685836577,
                0.10322032387671456
            ],
            [
                -0.039151137960798166,
                0.869214655230933,
                -0.49288241146154205
            ],
            [
                -0.14053211092164353,
                0.48356822950775574,
                0.8639516729601496
            ]
        ],
        "object_translation_in_cam": [
            -0.010691137205849249,
            0.004613584934753012,
            1.0641103586368887
        ],
        "raw_rvec": [
            0.5121412971592733,
            0.1278463886504709,
            -0.07460470843055424
        ],
        "refined_raw_rvec": [
            0.5121412971592733,
            0.1278463886504709,
            -0.07460470843055424
        ],
        "num_inliers": 8,
        "total_matches": 8,
        "inlier_ratio": 1.0,
        "reprojection_errors": [
            2.069483757019043,
            0.5467551350593567,
            0.5380429625511169,
            1.7970178127288818,
            0.46425825357437134,
            0.6093079447746277,
            1.6078424453735352,
            1.4782344102859497
        ],
        "mean_reprojection_error": 1.1388678550720215,
        "std_reprojection_error": 0.6206281185150146,
        "inliers": [
            0,
            1,
            2,
            3,
            4,
            5,
            6,
            7
        ],
        "mkpts0": [
            [
                591,
                284
            ],
            [
                598,
                298
            ],
            [
                519,
                327
            ],
            [
                727,
                126
            ],
            [
                539,
                313
            ],
            [
                727,
                143
            ],
            [
                575,
                312
            ],
            [
                752,
                77
            ]
        ],
        "mkpts1": [
            [
                640,
                361
            ],
            [
                641,
                373
            ],
            [
                557,
                358
            ],
            [
                829,
                292
            ],
            [
                579,
                357
            ],
            [
                829,
                308
            ],
            [
                614,
                374
            ],
            [
                868,
                258
            ]
        ],
        "mpts3D": [
            [
                0.02500000037252903,
                -0.014000000432133675,
                -0.010999999940395355
            ],
            [
                0.02500000037252903,
                0.0,
                -0.014999999664723873
            ],
            [
                -0.05700000002980232,
                -0.017999999225139618,
                -0.009999999776482582
            ],
            [
                0.20600000023841858,
                -0.07000000029802322,
                -0.0020000000949949026
            ],
            [
                -0.03500000014901161,
                -0.017999999225139618,
                -0.009999999776482582
            ],
            [
                0.20600000023841858,
                -0.054999999701976776,
                -0.0020000000949949026
            ],
            [
                0.0,
                -0.0,
                -0.014999999664723873
            ],
            [
                0.24300000071525574,
                -0.10400000214576721,
                0.0
            ]
        ],
        "mconf": [
            0.23988127708435059,
            0.2910616397857666,
            0.466776967048645,
            0.9584659337997437,
            0.4375371038913727,
            0.6649906039237976,
            0.3192053735256195,
            0.4943229556083679
        ],
        "kf_translation_vector": [
            -0.010962210880735892,
            0.02105273111857432,
            1.0213535249060957
        ],
        "kf_rotation_matrix": [
            [
                0.9934694965604237,
                0.04459424260248486,
                0.10502244012918968
            ],
            [
                -0.10330344008768567,
                0.7423588045969001,
                0.6619907888358505
            ],
            [
                -0.04844335527219851,
                -0.6685168350641384,
                0.7421175665390216
            ]
        ],
        "kf_euler_angles": [
            -0.7332698070961366,
            0.04846232278684608,
            -0.1036101453896559
        ]
    },
    {
        "frame": 5,
        "object_rotation_in_cam": [
            [
                0.989117647120444,
                0.023795782158949813,
                0.14518967217526393
            ],
            [
                -0.04189889867695795,
                0.9915300200854431,
                0.12293372832147702
            ],
            [
                -0.14103461434901296,
                -0.12767920747249537,
                0.981736857581817
            ]
        ],
        "object_translation_in_cam": [
            -0.010910596816459365,
            0.013202411809709057,
            1.0463918623904742
        ],
        "raw_rvec": [
            -0.12609800296273932,
            0.14401615310000407,
            -0.03305483028016048
        ],
        "refined_raw_rvec": [
            -0.12609800296273932,
            0.14401615310000407,
            -0.03305483028016048
        ],
        "num_inliers": 8,
        "total_matches": 8,
        "inlier_ratio": 1.0,
        "reprojection_errors": [
            2.1182448863983154,
            0.7187616229057312,
            0.5911878943443298,
            1.3987241983413696,
            0.5900141596794128,
            1.1623082160949707,
            0.4045867621898651,
            1.5933704376220703
        ],
        "mean_reprojection_error": 1.0721497535705566,
        "std_reprojection_error": 0.5606991052627563,
        "inliers": [
            0,
            1,
            2,
            3,
            4,
            5,
            6,
            7
        ],
        "mkpts0": [
            [
                591,
                284
            ],
            [
                598,
                298
            ],
            [
                519,
                327
            ],
            [
                727,
                126
            ],
            [
                539,
                313
            ],
            [
                727,
                143
            ],
            [
                575,
                312
            ],
            [
                752,
                77
            ]
        ],
        "mkpts1": [
            [
                640,
                361
            ],
            [
                641,
                373
            ],
            [
                557,
                358
            ],
            [
                829,
                292
            ],
            [
                579,
                357
            ],
            [
                829,
                308
            ],
            [
                614,
                374
            ],
            [
                867,
                258
            ]
        ],
        "mpts3D": [
            [
                0.02500000037252903,
                -0.014000000432133675,
                -0.010999999940395355
            ],
            [
                0.02500000037252903,
                0.0,
                -0.014999999664723873
            ],
            [
                -0.05700000002980232,
                -0.017999999225139618,
                -0.009999999776482582
            ],
            [
                0.20600000023841858,
                -0.07000000029802322,
                -0.0020000000949949026
            ],
            [
                -0.03500000014901161,
                -0.017999999225139618,
                -0.009999999776482582
            ],
            [
                0.20600000023841858,
                -0.054999999701976776,
                -0.0020000000949949026
            ],
            [
                0.0,
                -0.0,
                -0.014999999664723873
            ],
            [
                0.24300000071525574,
                -0.10400000214576721,
                0.0
            ]
        ],
        "mconf": [
            0.20980697870254517,
            0.256338506937027,
            0.7235975861549377,
            0.9523220062255859,
            0.5468223690986633,
            0.8274745345115662,
            0.2713971734046936,
            0.5639176964759827
        ],
        "kf_translation_vector": [
            -0.010958273464370288,
            0.023953983861597635,
            1.0109844025349386
        ],
        "kf_rotation_matrix": [
            [
                0.9920290693111193,
                0.05699467586405259,
                0.11238297275328671
            ],
            [
                -0.12475184294208279,
                0.5699011482697284,
                0.812188191790178
            ],
            [
                -0.017756782486371532,
                -0.8197342789733736,
                0.5724686965692841
            ]
        ],
        "kf_euler_angles": [
            -0.9611726480673057,
            0.017757715747552465,
            -0.12509754320214977
        ]
    },
    {
        "frame": 6,
        "object_rotation_in_cam": [
            [
                0.989086059334113,
                0.025210724191410346,
                0.14516606565124013
            ],
            [
                -0.03621869956128439,
                0.9966230210999311,
                0.07369368776045666
            ],
            [
                -0.1428179716737531,
                -0.0781471253431046,
                0.9866590362266004
            ]
        ],
        "object_translation_in_cam": [
            -0.010926207752370415,
            0.012493228234085838,
            1.0483377809575716
        ],
        "raw_rvec": [
            -0.07627198759367493,
            0.14465883363682497,
            -0.030856949133672963
        ],
        "refined_raw_rvec": [
            -0.07627198759367493,
            0.14465883363682497,
            -0.030856949133672963
        ],
        "num_inliers": 8,
        "total_matches": 8,
        "inlier_ratio": 1.0,
        "reprojection_errors": [
            2.2031443119049072,
            0.7750064730644226,
            0.918001115322113,
            1.4792044162750244,
            0.11029277741909027,
            1.4277328252792358,
            0.4149791896343231,
            1.9198929071426392
        ],
        "mean_reprojection_error": 1.156031847000122,
        "std_reprojection_error": 0.6803269982337952,
        "inliers": [
            0,
            1,
            2,
            3,
            4,
            5,
            6,
            7
        ],
        "mkpts0": [
            [
                591,
                284
            ],
            [
                598,
                298
            ],
            [
                519,
                327
            ],
            [
                727,
                126
            ],
            [
                539,
                313
            ],
            [
                727,
                143
            ],
            [
                575,
                312
            ],
            [
                752,
                77
            ]
        ],
        "mkpts1": [
            [
                640,
                361
            ],
            [
                641,
                373
            ],
            [
                557,
                357
            ],
            [
                829,
                292
            ],
            [
                579,
                357
            ],
            [
                829,
                308
            ],
            [
                614,
                374
            ],
            [
                868,
                258
            ]
        ],
        "mpts3D": [
            [
                0.02500000037252903,
                -0.014000000432133675,
                -0.010999999940395355
            ],
            [
                0.02500000037252903,
                0.0,
                -0.014999999664723873
            ],
            [
                -0.05700000002980232,
                -0.017999999225139618,
                -0.009999999776482582
            ],
            [
                0.20600000023841858,
                -0.07000000029802322,
                -0.0020000000949949026
            ],
            [
                -0.03500000014901161,
                -0.017999999225139618,
                -0.009999999776482582
            ],
            [
                0.20600000023841858,
                -0.054999999701976776,
                -0.0020000000949949026
            ],
            [
                0.0,
                -0.0,
                -0.014999999664723873
            ],
            [
                0.24300000071525574,
                -0.10400000214576721,
                0.0
            ]
        ],
        "mconf": [
            0.2944955825805664,
            0.236435666680336,
            0.4792490601539612,
            0.9805580973625183,
            0.3034708499908447,
            0.6546353101730347,
            0.3017556369304657,
            0.5030037760734558
        ],
        "kf_translation_vector": [
            -0.010954239175739237,
            0.026867808690190245,
            1.0005623843432532
        ],
        "kf_rotation_matrix": [
            [
                0.9891773431558633,
                0.06632418223544656,
                0.13087890065975788
            ],
            [
                -0.14614053875405933,
                0.3658299199511329,
                0.9191362317965823
            ],
            [
                0.013081541185226685,
                -0.9283154488207911,
                0.3715633199884944
            ]
        ],
        "kf_euler_angles": [
            -1.1900697514493046,
            -0.0130819143141664,
            -0.1466784328638161
        ]
    },
    {
        "frame": 7,
        "object_rotation_in_cam": [
            [
                0.9879379921833789,
                0.02155482752106193,
                0.1533424696919
            ],
            [
                -0.04056404450209973,
                0.9917081550368836,
                0.1219405327484353
            ],
            [
                -0.14944257055573443,
                -0.12668987585390484,
                0.9806205145018212
            ]
        ],
        "object_translation_in_cam": [
            -0.010869697519347013,
            0.0130319970253499,
            1.0462751318952956
        ],
        "raw_rvec": [
            -0.12514504554780143,
            0.15240311056877878,
            -0.03126676705563458
        ],
        "refined_raw_rvec": [
            -0.12514504554780143,
            0.15240311056877878,
            -0.03126676705563458
        ],
        "num_inliers": 8,
        "total_matches": 8,
        "inlier_ratio": 1.0,
        "reprojection_errors": [
            1.274342656135559,
            0.8401414752006531,
            0.3276263475418091,
            1.3688082695007324,
            0.3898622393608093,
            1.325292944908142,
            0.32652920484542847,
            1.8680649995803833
        ],
        "mean_reprojection_error": 0.9650834798812866,
        "std_reprojection_error": 0.5436398983001709,
        "inliers": [
            0,
            1,
            2,
            3,
            4,
            5,
            6,
            7
        ],
        "mkpts0": [
            [
                591,
                284
            ],
            [
                598,
                298
            ],
            [
                519,
                327
            ],
            [
                727,
                126
            ],
            [
                539,
                313
            ],
            [
                727,
                143
            ],
            [
                575,
                312
            ],
            [
                752,
                77
            ]
        ],
        "mkpts1": [
            [
                640,
                360
            ],
            [
                641,
                373
            ],
            [
                557,
                358
            ],
            [
                829,
                292
            ],
            [
                579,
                357
            ],
            [
                829,
                308
            ],
            [
                614,
                374
            ],
            [
                868,
                258
            ]
        ],
        "mpts3D": [
            [
                0.02500000037252903,
                -0.014000000432133675,
                -0.010999999940395355
            ],
            [
                0.02500000037252903,
                0.0,
                -0.014999999664723873
            ],
            [
                -0.05700000002980232,
                -0.017999999225139618,
                -0.009999999776482582
            ],
            [
                0.20600000023841858,
                -0.07000000029802322,
                -0.0020000000949949026
            ],
            [
                -0.03500000014901161,
                -0.017999999225139618,
                -0.009999999776482582
            ],
            [
                0.20600000023841858,
                -0.054999999701976776,
                -0.0020000000949949026
            ],
            [
                0.0,
                -0.0,
                -0.014999999664723873
            ],
            [
                0.24300000071525574,
                -0.10400000214576721,
                0.0
            ]
        ],
        "mconf": [
            0.40722793340682983,
            0.3897208273410797,
            0.8002657294273376,
            0.9968549013137817,
            0.5871732831001282,
            0.9091026782989502,
            0.3880012035369873,
            0.4219846725463867
        ],
        "kf_translation_vector": [
            -0.010950108014842738,
            0.02979420560435215,
            0.9900874703310398
        ],
        "kf_rotation_matrix": [
            [
                0.9849054893376846,
                0.06810468331212223,
                0.15913179815313985
            ],
            [
                -0.1673960914095794,
                0.14084361280524493,
                0.9757774466100156
            ],
            [
                0.04404231662040315,
                -0.9876866045679277,
                0.15011810518317362
            ]
        ],
        "kf_euler_angles": [
            -1.4199611172421336,
            -0.04405656739831051,
            -0.16835281437465488
        ]
    },
    {
        "frame": 8,
        "object_rotation_in_cam": [
            [
                0.9891707347932128,
                0.0353843340527016,
                0.1424401851034399
            ],
            [
                -0.026485508724361534,
                0.9976052443720413,
                -0.06389283394099432
            ],
            [
                -0.1443598810482579,
                0.059428320732177256,
                0.9877390846973133
            ]
        ],
        "object_translation_in_cam": [
            -0.01091475384555366,
            0.010774926430203495,
            1.056724111489501
        ],
        "raw_rvec": [
            0.06192382222853491,
            0.1440122447651182,
            -0.031066990538548212
        ],
        "refined_raw_rvec": [
            0.06192382222853491,
            0.1440122447651182,
            -0.031066990538548212
        ],
        "num_inliers": 9,
        "total_matches": 9,
        "inlier_ratio": 1.0,
        "reprojection_errors": [
            1.142517328262329,
            1.0551813840866089,
            0.06781382113695145,
            1.9214606285095215,
            0.35778501629829407,
            0.6654319167137146,
            1.8036795854568481,
            0.6650398373603821,
            2.859581708908081
        ],
        "mean_reprojection_error": 1.1709434986114502,
        "std_reprojection_error": 0.8312602043151855,
        "inliers": [
            0,
            1,
            2,
            3,
            4,
            5,
            6,
            7,
            8
        ],
        "mkpts0": [
            [
                591,
                284
            ],
            [
                598,
                298
            ],
            [
                519,
                327
            ],
            [
                727,
                126
            ],
            [
                795,
                220
            ],
            [
                539,
                313
            ],
            [
                727,
                143
            ],
            [
                575,
                312
            ],
            [
                752,
                77
            ]
        ],
        "mkpts1": [
            [
                640,
                360
            ],
            [
                641,
                373
            ],
            [
                557,
                357
            ],
            [
                829,
                292
            ],
            [
                846,
                373
            ],
            [
                579,
                357
            ],
            [
                829,
                308
            ],
            [
                614,
                374
            ],
            [
                868,
                259
            ]
        ],
        "mpts3D": [
            [
                0.02500000037252903,
                -0.014000000432133675,
                -0.010999999940395355
            ],
            [
                0.02500000037252903,
                0.0,
                -0.014999999664723873
            ],
            [
                -0.05700000002980232,
                -0.017999999225139618,
                -0.009999999776482582
            ],
            [
                0.20600000023841858,
                -0.07000000029802322,
                -0.0020000000949949026
            ],
            [
                0.21699999272823334,
                -0.0,
                -0.07000000029802322
            ],
            [
                -0.03500000014901161,
                -0.017999999225139618,
                -0.009999999776482582
            ],
            [
                0.20600000023841858,
                -0.054999999701976776,
                -0.0020000000949949026
            ],
            [
                0.0,
                -0.0,
                -0.014999999664723873
            ],
            [
                0.24300000071525574,
                -0.10400000214576721,
                0.0
            ]
        ],
        "mconf": [
            0.3058549463748932,
            0.30686914920806885,
