[
    {
        "frame": 1,
        "object_translation_in_cam": [
            0.1378834909145893,
            -0.0021646974034171484,
            2.051501411781409
        ],
        "object_rotation_in_cam": [
            [
                0.9114410525417393,
                -0.24733432982403827,
                -0.3287870694417592
            ],
            [
                -0.002092246147794269,
                0.7963344728980017,
                -0.6048528992906614
            ],
            [
                0.41142536412776426,
                0.5519756666418871,
                0.7252944458546342
            ]
        ],
        "kf_translation_vector": [
            0.1380228638812962,
            -0.002166885484797565,
            2.053575074379207
        ],
        "kf_rotation_matrix": [
            [
                0.9112646284438558,
                -0.2477853812850926,
                -0.3289364403170961
            ],
            [
                -0.00209395560540107,
                0.7959376954465498,
                -0.6053749254116477
            ],
            [
                0.4118159689679407,
                0.5523455347774947,
                0.7247910167174808
            ]
        ],
        "kf_euler_angles": [
            0.6511847914302548,
            -0.4244459626132372,
            -0.002297852736284646
        ]
    },
    {
        "frame": 2,
        "object_translation_in_cam": [
            0.13774927551199376,
            -0.001544769977844923,
            2.0613519115430017
        ],
        "object_rotation_in_cam": [
            [
                0.9063271068334895,
                -0.2564226228614336,
                -0.3358848223777007
            ],
            [
                -0.004387005590494764,
                0.789096791185922,
                -0.6142532118939472
            ],
            [
                0.4225540552412028,
                0.5581878649925529,
                0.7140548842871045
            ]
        ],
        "kf_translation_vector": [
            0.1377076679697396,
            -0.001261966426374955,
            2.0661434150699494
        ],
        "kf_rotation_matrix": [
            [
                0.90391858673875,
                -0.2606996662690656,
                -0.33906765188590116
            ],
            [
                -0.005426208776194828,
                0.7857075480621587,
                -0.618574332781815
            ],
            [
                0.4276701355092941,
                0.5609806885493905,
                0.7088010456172548
            ]
        ],
        "kf_euler_angles": [
            0.6695058282064605,
            -0.4419137311857421,
            -0.006002911852817752
        ]
    },
    {
        "frame": 3,
        "object_translation_in_cam": [
            0.13645752405341943,
            -0.0017661587912670411,
            2.038865549393588
        ],
        "object_rotation_in_cam": [
            [
                0.8985681043586378,
                -0.2672119497079012,
                -0.3480993188195381
            ],
            [
                -0.003936846777745695,
                0.7882962363845216,
                -0.6152833046162124
            ],
            [
                0.4388164343626762,
                0.5542443663541384,
                0.7072858822979056
            ]
        ],
        "kf_translation_vector": [
            0.13627248257146293,
            -0.001557932018960217,
            2.0402020130485323
        ],
        "kf_rotation_matrix": [
            [
                0.8956311836946003,
                -0.27195212328377405,
                -0.35197560346600176
            ],
            [
                -0.00473511600009962,
                0.7854422804677751,
                -0.6189167979058626
            ],
            [
                0.4447722579818516,
                0.555987829628516,
                0.7021788745289176
            ]
        ],
        "kf_euler_angles": [
            0.66972317714104,
            -0.46091996730142204,
            -0.005286854644423994
        ]
    },
    {
        "frame": 4,
        "object_translation_in_cam": [
            0.1348100186066873,
            -0.0010462929995814648,
            2.030223366244539
        ],
        "object_rotation_in_cam": [
            [
                0.8954106665190498,
                -0.2752932372946475,
                -0.3499333819225366
            ],
            [
                -0.008151148940670233,
                0.7756738938528008,
                -0.6310812698584715
            ],
            [
                0.4451665947202889,
                0.5679292595870252,
                0.6923027221166151
            ]
        ],
        "kf_translation_vector": [
            0.13444127656603258,
            -0.0009845643636318202,
            2.0261529672736445
        ],
        "kf_rotation_matrix": [
            [
                0.8918456174225039,
                -0.28053575137351566,
                -0.35483952272199026
            ],
            [
                -0.008427395761273078,
                0.7740122720122511,
                -0.6331145092122876
            ],
            [
                0.4522613997291342,
                0.5676307734572976,
                0.6879352668233505
            ]
        ],
        "kf_euler_angles": [
            0.6898728488298548,
            -0.4692992409987484,
            -0.009449107311896337
        ]
    },
    {
        "frame": 5,
        "object_translation_in_cam": [
            0.13414521633177393,
            -0.0028419477006554244,
            2.025987229231791
        ],
        "object_rotation_in_cam": [
            [
                0.9001530044986427,
                -0.26419928263275394,
                -0.34629944780262745
            ],
            [
                0.004479657711940588,
                0.8006150950663169,
                -0.5991622503285201
            ],
            [
                0.4355508020413352,
                0.5377863968233954,
                0.7218596056248466
            ]
        ],
        "kf_translation_vector": [
            0.1334404481200274,
            -0.002590476771859667,
            2.019493121074644
        ],
        "kf_rotation_matrix": [
            [
                0.8970781269620126,
                -0.269579762748817,
                -0.35011081908821196
            ],
            [
                0.002790032512221505,
                0.7957753300986768,
                -0.605585534606733
            ],
            [
                0.4418631573744386,
                0.5422807165321605,
                0.7146247789102045
            ]
        ],
        "kf_euler_angles": [
            0.6491301704915223,
            -0.4576745212219706,
            0.0031101232239309803
        ]
    },
    {
        "frame": 6,
        "object_translation_in_cam": [
            0.1353801611160699,
            -0.003010745785487639,
            2.0326369226027037
        ],
        "object_rotation_in_cam": [
            [
                0.9126288576659934,
                -0.24105076115962354,
                -0.33015617319630747
            ],
            [
                -0.005251865573717943,
                0.8006637031319642,
                -0.5990910217946899
            ],
            [
                0.40875541105074026,
                0.5484816906984007,
                0.7294428345698958
            ]
        ],
        "kf_translation_vector": [
            0.134624978790396,
            -0.0033919900584641967,
            2.0264710464848137
        ],
        "kf_rotation_matrix": [
            [
                0.9124381231960634,
                -0.24124783452646092,
                -0.3305391862922439
            ],
            [
                -0.002101467977409308,
                0.8049671990813415,
                -0.5933155924425716
            ],
            [
                0.40920930484384793,
                0.5420583831465325,
                0.7339757857652947
            ]
        ],
        "kf_euler_angles": [
            0.6361156125498747,
            -0.4215873219174753,
            -0.0023031307091419114
        ]
    },
    {
        "frame": 7,
        "object_translation_in_cam": [
            0.13529433351728481,
            -0.0013144946380109412,
            2.0413725778758733
        ],
        "object_rotation_in_cam": [
            [
                0.9013116923804967,
                -0.2588441412541533,
                -0.3473282938613046
            ],
            [
                -0.010469663520856057,
                0.7885752332159841,
                -0.6148491584967132
            ],
            [
                0.4330445927661086,
                0.5578071459713977,
                0.7080420669559676
            ]
        ],
        "kf_translation_vector": [
            0.1352668315308026,
            -0.0019935997057603165,
            2.0395490946098147
        ],
        "kf_rotation_matrix": [
            [
                0.9076996291252111,
                -0.24703241479619348,
                -0.3391996010108438
            ],
            [
                -0.009454512349740679,
                0.796103378838083,
                -0.605086789145835
            ],
            [
                0.41951399914923315,
                0.5524440209130235,
                0.7202871707001786
            ]
        ],
        "kf_euler_angles": [
            0.654278432849173,
            -0.4329098624864013,
            -0.010415527514411164
        ]
    },
    {
        "frame": 8,
        "object_translation_in_cam": [
            0.1337305484855547,
            -0.0026303669661511867,
            2.0354272314960378
        ],
        "object_rotation_in_cam": [
            [
                0.8972303818845415,
                -0.2731684142599642,
                -0.3469245728887135
            ],
            [
                0.0025914545915649567,
                0.7889185313700022,
                -0.6144923394348367
            ],
            [
                0.4415551224778391,
                0.5504421570989046,
                0.7085495787183033
            ]
        ],
        "kf_translation_vector": [
            0.1342138377046026,
            -0.002540454125740865,
            2.0400262836355365
        ],
        "kf_rotation_matrix": [
            [
                0.901556969199017,
                -0.26379044626830295,
                -0.34294260707332996
            ],
            [
                -0.000473861441444678,
                0.7920344071109369,
                -0.6104762676859447
            ],
            [
                0.43266015155548715,
                0.5505416409409886,
                0.7139391394551685
            ]
        ],
        "kf_euler_angles": [
            0.6568892677272276,
            -0.4474413141734078,
            -0.0005256033883577277
        ]
    },
    {
        "frame": 9,
        "object_translation_in_cam": [
            0.128157512971034,
            -0.00018689547453544812,
            1.974488022220223
        ],
        "object_rotation_in_cam": [
            [
                0.8798137178999397,
                -0.27557514450293324,
                -0.3872804688172034
            ],
            [
                -0.007015000396166704,
                0.8071638099008861,
                -0.5902858407210255
            ],
            [
                0.47526688456542726,
                0.5220583527906374,
                0.708220632795317
            ]
        ],
        "kf_translation_vector": [
            0.1291401779028782,
            -0.0006886765478035791,
            1.9887242182830074
        ],
        "kf_rotation_matrix": [
            [
                0.8842817468766878,
                -0.2733245943263466,
                -0.37860197870197615
            ],
            [
                -0.004842248545378068,
                0.8053801421429864,
                -0.5927388794998756
            ],
            [
                0.46692862920337014,
                0.5259814566865274,
                0.7108594533747022
            ]
        ],
        "kf_euler_angles": [
            0.6370207524025775,
            -0.48581433798620227,
            -0.005475856721117329
        ]
    },
    {
        "frame": 10,
        "object_translation_in_cam": [
            0.13304281569200563,
            -0.002202676624644533,
            2.0409933035111982
        ],
        "object_rotation_in_cam": [
            [
                0.9064613055700753,
                -0.25393471405056667,
                -0.3374093396814195
            ],
            [
                -0.00018283150186726438,
                0.7987651646872455,
                -0.6016428992806278
            ],
            [
                0.42228884436702385,
                0.5454276970252012,
                0.7240032867611506
            ]
        ],
        "kf_translation_vector": [
            0.13101261651537308,
            -0.0015041367691285658,
            2.0204608832649313
        ],
        "kf_rotation_matrix": [
            [
                0.8985901104113435,
                -0.2598778839301036,
                -0.353552399107885
            ],
            [
                -0.0013626478633384379,
                0.8040891359003918,
                -0.5945071948410396
            ],
            [
                0.43878691487068083,
                0.5347000532737705,
                0.7221924233660285
            ]
        ],
        "kf_euler_angles": [
            0.6373187122381483,
            -0.45424824210474724,
            -0.0015164275714330258
        ]
    },
    {
        "frame": 11,
        "object_translation_in_cam": [
            0.12939702892117605,
            9.850589745770413e-05,
            2.0194444239234
        ],
        "object_rotation_in_cam": [
            [
                0.8922447431967925,
                -0.27735811378358133,
                -0.3563310187958716
            ],
            [
                -0.022833150413872072,
                0.7604029333026404,
                -0.6490500953446642
            ],
            [
                0.45097446211494874,
                0.587247695391948,
                0.6721325604201738
            ]
        ],
        "kf_translation_vector": [
            0.12934028598715097,
            -0.0001781975019702353,
            2.0201437784095906
        ],
        "kf_rotation_matrix": [
            [
                0.8946366860148611,
                -0.270712899323022,
                -0.35544299989797257
            ],
            [
                -0.01693623144503162,
                0.774421321134118,
                -0.6324435005890467
            ],
            [
                0.4464732512713243,
                0.5718270223704112,
                0.6882408680005877
            ]
        ],
        "kf_euler_angles": [
            0.6932727140970035,
            -0.4628200501087796,
            -0.01892858739116442
        ]
    },
    {
        "frame": 12,
        "object_translation_in_cam": [
            0.1265758007363517,
            -0.005101604694826628,
            1.9969380274112274
        ],
        "object_rotation_in_cam": [
            [
                0.8936648543016777,
                -0.28013870122577966,
                -0.3505501907879876
            ],
            [
                0.026448085197416066,
                0.8127206392261768,
                -0.5820529712708156
            ],
            [
                0.4479549385544838,
                0.5108889024546608,
                0.7337090038791406
            ]
        ],
        "kf_translation_vector": [
            0.1266643496903222,
            -0.003328323123969662,
            2.00418309864767
        ],
        "kf_rotation_matrix": [
            [
                0.8941024107942093,
                -0.2778014716845556,
                -0.3512936397686102
            ],
            [
                0.011334511289087983,
                0.7981627091025834,
                -0.6023353041719058
            ],
            [
                0.4477191171547409,
                0.5345677058408222,
                0.7167879463315908
            ]
        ],
        "kf_euler_angles": [
            0.6407962600780875,
            -0.4642128793056333,
            0.012676293048281483
        ]
    },
    {
        "frame": 13,
        "object_translation_in_cam": [
            0.12831448214626429,
            -0.004096951865242041,
            2.0279148241223255
        ],
        "object_rotation_in_cam": [
            [
                0.9005203418867365,
                -0.26733064634428,
                -0.3429248304998412
            ],
            [
                0.014183718842081083,
                0.8063109891767667,
                -0.5913217490102938
            ],
            [
                0.43458248465395394,
                0.5276333142040346,
                0.7298911903661137
            ]
        ],
        "kf_translation_vector": [
            0.12672369595077215,
            -0.004218869510832139,
            2.0181402307341765
        ],
        "kf_rotation_matrix": [
            [
                0.8984379866745154,
                -0.27250601979803846,
                -0.34431040250633516
            ],
            [
                0.01701892724962885,
                0.8051482794416297,
                -0.5928293213290443
            ],
            [
                0.43877048694678095,
                0.5267605882049401,
                0.7280135592820166
            ]
        ],
        "kf_euler_angles": [
            0.6263628568442599,
            -0.4542299603192083,
            0.01894053046405869
        ]
    },
    {
        "frame": 14,
        "object_translation_in_cam": [
            0.11824583373525535,
            -0.002283067948301791,
            1.9252292228790513
        ],
        "object_rotation_in_cam": [
            [
                0.8777271465925296,
                -0.2795198791806778,
                -0.3891833671643168
            ],
            [
                0.016068938466362287,
                0.8289329369092591,
                -0.5591171391788617
            ],
            [
                0.47889126673087323,
                0.48449852760334544,
                0.7320685291686087
            ]
        ],
        "kf_translation_vector": [
            0.12027159493371854,
            -0.003419569978900772,
            1.9576982161870795
        ],
        "kf_rotation_matrix": [
            [
                0.8858550919133644,
                -0.2779776070441012,
                -0.37146898405277357
            ],
            [
                0.0206349300106308,
                0.8234583456007417,
                -0.5670013692434489
            ],
            [
                0.46350291886310796,
                0.49461581357910983,
                0.7352008168948497
            ]
        ],
        "kf_euler_angles": [
            0.5922111875413152,
            -0.4819443372556371,
            0.023289586790576414
        ]
    },
    {
        "frame": 15,
        "object_translation_in_cam": [
            0.12903101266052927,
            -0.0033618478273647855,
            2.037328778187914
        ],
        "object_rotation_in_cam": [
            [
                0.9064114383405795,
                -0.2599131356102804,
                -0.3329616590278735
            ],
            [
                0.006968478116710974,
                0.7973632212430981,
                -0.6034594714821925
            ],
            [
                0.42233842443957054,
                0.5446623314917806,
                0.7245503432445801
            ]
        ],
        "kf_translation_vector": [
            0.12399456485608945,
            -0.0036368230481377615,
            1.9983433168353826
        ],
        "kf_rotation_matrix": [
            [
                0.8977919633561999,
                -0.2682711460925823,
                -0.34928524547594664
            ],
            [
                0.016312615030843705,
                0.8127846184429668,
                -0.5823358675312524
            ],
            [
                0.4401175855653526,
                0.5171187060982162,
                0.7340877023077225
            ]
        ],
        "kf_euler_angles": [
            0.6136977659405998,
            -0.45572961953128477,
            0.01816770578607246
        ]
    },
    {
        "frame": 16,
        "object_translation_in_cam": [
            0.12719800700251138,
            -0.003203787409601805,
            2.02714321849173
        ],
        "object_rotation_in_cam": [
            [
                0.8957838099677459,
                -0.2725814175977304,
                -0.35109932580408215
            ],
            [
                0.0030918540697808528,
                0.7936945509497664,
                -0.6083086389581032
            ],
            [
                0.4444792528769825,
                0.5438274823627991,
                0.7118215107657672
            ]
        ],
        "kf_translation_vector": [
            0.12511888291243525,
            -0.0036229395981177597,
            2.015184301207751
        ],
        "kf_rotation_matrix": [
            [
                0.8975753534667773,
                -0.2700060071729188,
                -0.3485042911350269
            ],
            [
                0.010975416967306816,
                0.8039487255691486,
                -0.5945973317112475
            ],
            [
                0.4407244321244099,
                0.529870930271023,
                0.7245679900342942
            ]
        ],
        "kf_euler_angles": [
            0.6314202256539786,
            -0.4564055522731729,
            0.012227240819427611
        ]
    },
    {
        "frame": 17,
        "object_translation_in_cam": [
            0.12537265590077598,
            -0.0030716035115113407,
            2.0288805282224884
        ],
        "object_rotation_in_cam": [
            [
                0.8967860905388334,
                -0.27546100207680746,
                -0.3462599372594473
            ],
            [
                0.011506545295831117,
                0.7968257211582761,
                -0.6040996354211349
            ],
            [
                0.4423147151423184,
                0.5377638946930466,
                0.7177518278159489
            ]
        ],
        "kf_translation_vector": [
            0.12478717933501705,
            -0.003504568951882248,
            2.025830266028324
        ],
        "kf_rotation_matrix": [
            [
                0.8980181979478687,
                -0.2727266475740347,
                -0.3452296219293627
            ],
            [
                0.012810915786445783,
                0.8005638979451176,
                -0.5991104453634839
            ],
            [
                0.43977175510845967,
                0.5335893749035373,
                0.7224148270895866
            ]
        ],
        "kf_euler_angles": [
            0.6361774421343119,
            -0.45534451832991063,
            0.014264796485579918
        ]
    },
    {
        "frame": 18,
        "object_translation_in_cam": [
            0.1256942627121328,
            -0.0038861951295169647,
            2.025906862925774
        ],
        "object_rotation_in_cam": [
            [
                0.9029958060825649,
                -0.27009895044396903,
                -0.334133403248411
            ],
            [
                0.013453325640746305,
                0.7950822554062174,
                -0.6063523853068994
            ],
            [
                0.42943868273189234,
                0.5430384554589379,
                0.7215896712580274
            ]
        ],
        "kf_translation_vector": [
            0.12490391145780934,
            -0.0038916942586954746,
            2.0300196964722135
        ],
        "kf_rotation_matrix": [
            [
                0.9018994246704554,
                -0.2710467539397628,
                -0.3363199146018853
            ],
            [
                0.014781284558372515,
                0.797526147201741,
                -0.6031032732097805
            ],
            [
                0.4316931102136171,
                0.5389672547643916,
                0.7232947925195019
            ]
        ],
        "kf_euler_angles": [
            0.6403935562703996,
            -0.44636895529079484,
            0.016387593719616383
        ]
    },
    {
        "frame": 19,
        "object_translation_in_cam": [
            0.12671985871190006,
            -0.0026291758086571127,
            2.027840704582263
        ],
        "object_rotation_in_cam": [
            [
                0.9035683393697491,
                -0.2678843560179118,
                -0.33436840145184543
            ],
            [
                -0.00622199298265691,
                0.7721382393837558,
                -0.6354241308643208
            ],
            [
                0.42839881289741866,
                0.5762295645679961,
                0.6960128921405551
            ]
        ],
        "kf_translation_vector": [
            0.12565760774056897,
            -0.003366785946860543,
            2.0333254509380545
        ],
        "kf_rotation_matrix": [
            [
                0.904437717918658,
                -0.26856655112056776,
                -0.3314580245299451
            ],
            [
                0.004382386533557195,
                0.7827738737593044,
                -0.6222908140476792
            ],
            [
                0.42658317957270736,
                0.5613707065558873,
                0.7091471784662076
            ]
        ],
        "kf_euler_angles": [
            0.6696064582353134,
            -0.4407116012382645,
            0.004845388632549205
        ]
    },
    {
        "frame": 20,
        "object_translation_in_cam": [
            0.12707495232662033,
            -0.0030621152095239653,
            2.0323514814456582
        ],
        "object_rotation_in_cam": [
            [
                0.9042370117016313,
                -0.2634150270278387,
                -0.3361070517035116
            ],
            [
                0.0020551859502904446,
                0.7897542493724726,
                -0.6134199228985248
            ],
            [
                0.42702599789663126,
                0.5539862355095525,
                0.7146663892938725
            ]
        ],
        "kf_translation_vector": [
            0.1263679941118536,
            -0.00328771686423206,
            2.037526645488196
        ],
        "kf_rotation_matrix": [
            [
                0.9060927089995436,
                -0.2646597175705203,
                -0.33007762207299157
            ],
            [
                0.0028999999374529632,
                0.7840461737499922,
                -0.6206957285404499
            ],
            [
                0.4230692528395688,
                0.5614506490542953,
                0.7111860347182581
            ]
        ],
        "kf_euler_angles": [
            0.6682790155443812,
            -0.4368299843860625,
            0.0032005444990423028
        ]
    },
    {
        "frame": 21,
        "object_translation_in_cam": [
            0.11572869690894168,
            -0.005434394458939196,
            1.9372654011509742
        ],
        "object_rotation_in_cam": [
            [
                0.8673227130666508,
                -0.3050976651867008,
                -0.393276907657096
            ],
            [
                0.03834638362304485,
                0.8287240585314379,
                -0.5583421797376732
            ],
            [
                0.49626693045349946,
                0.46918210697852253,
                0.7304705909408371
            ]
        ],
        "kf_translation_vector": [
            0.12057458372165017,
            -0.0045382347610869065,
            1.9872320357948556
        ],
        "kf_rotation_matrix": [
            [
                0.8876578974278551,
                -0.2872035121689915,
                -0.3599688871718712
            ],
            [
                0.02250955298661445,
                0.8078116269037361,
                -0.589010777035091
            ],
            [
                0.4599530162509016,
                0.5147373291659882,
                0.7235251929302551
            ]
        ],
        "kf_euler_angles": [
            0.6183558023223292,
            -0.47794228478511186,
            0.025352931590877006
        ]
    },
    {
        "frame": 22,
        "object_translation_in_cam": [
            0.125569956128064,
            -0.0031862993746583743,
            2.0326632632924184
        ],
        "object_rotation_in_cam": [
            [
                0.8995921044164972,
                -0.27018650314527787,
                -0.3431228631111963
            ],
            [
                0.0027388448283083844,
                0.7891363713781764,
                -0.6142119227897576
            ],
            [
                0.43672250274116226,
                0.5516004359010347,
                0.7106408479065104
            ]
        ],
        "kf_translation_vector": [
            0.12258397973487196,
            -0.004035728925562211,
            2.00945284884263
        ],
        "kf_rotation_matrix": [
            [
                0.8934385549438864,
                -0.2799326103249494,
                -0.3512908797797633
            ],
            [
                0.01422383700183064,
                0.7993011335659087,
                -0.6007623326584306
            ],
            [
                0.4489601663853103,
                0.5317475261408495,
                0.7181081655588948
            ]
        ],
        "kf_euler_angles": [
            0.6373829266116514,
            -0.4656012900743459,
            0.015918985582018843
        ]
    },
    {
        "frame": 23,
        "object_translation_in_cam": [
            0.12266261900226585,
            0.00028430328984483413,
            1.9597921131823524
        ],
        "object_rotation_in_cam": [
            [
                0.8640402239866036,
                -0.29953818749385763,
                -0.40461261172394813
            ],
            [
                -0.009062567787651465,
                0.7943381532084233,
                -0.6074082385204581
            ],
            [
                0.5033411975968926,
                0.5284919796840118,
                0.6836255306901577
            ]
        ],
        "kf_translation_vector": [
            0.12231692062918068,
            -0.0018641340189330933,
            1.9839670093621509
        ],
        "kf_rotation_matrix": [
            [
                0.878344667252766,
                -0.29078262244127706,
                -0.3794154872890683
            ],
            [
                0.002536112551116944,
                0.7965334241640087,
                -0.6045891764848982
            ],
            [
                0.4780211435091083,
                0.5300754386648499,
                0.7003683428614628
            ]
        ],
        "kf_euler_angles": [
            0.6478722191103973,
            -0.4984003985541302,
            0.0028873693868619855
        ]
    },
    {
        "frame": 24,
        "object_translation_in_cam": [
            0.12595124254987078,
            -0.0033612141533526474,
            2.0443952636675777
        ],
        "object_rotation_in_cam": [
            [
                0.904355370344045,
                -0.26192963989072426,
                -0.33694840536289916
            ],
            [
                0.0011508552896549173,
                0.7910065198448486,
                -0.6118066370145419
            ],
            [
                0.4267786776093522,
                0.552902838941578,
                0.7156524373104279
            ]
        ],
        "kf_translation_vector": [
            0.12395859938069226,
            -0.002484549741554804,
            2.0135024191249524
        ],
        "kf_rotation_matrix": [
            [
                0.8905930920296474,
                -0.27768022481053417,
                -0.3601911120200542
            ],
            [
                0.001112838756683109,
                0.7933033334461137,
                -0.6088255766089216
            ],
            [
                0.45479963282634,
                0.5418150181496038,
                0.7068194819673345
            ]
        ],
        "kf_euler_angles": [
            0.6540115096200739,
            -0.4721472196479159,
            0.0012495472819839062
        ]
    },
    {
        "frame": 25,
        "object_translation_in_cam": [
            0.1272068618686014,
            -0.0044701075971903485,
            1.9567028769252157
        ],
        "object_rotation_in_cam": [
            [
                0.825681800667823,
                -0.339001624647724,
                -0.4509184655036264
            ],
            [
                0.018336087898648823,
                0.8150125804651638,
                -0.5791530726535845
            ],
            [
                0.5638380546987889,
                0.4699280712723158,
                0.6791570185927308
            ]
        ],
        "kf_translation_vector": [
            0.12564857944447821,
            -0.003439531325119718,
            1.9858644983081541
        ],
        "kf_rotation_matrix": [
            [
                0.8585877993737759,
                -0.31114308294645504,
                -0.4074518041450695
            ],
            [
                0.009593969632698481,
                0.8043819918935712,
                -0.5940349879123431
            ],
            [
                0.5125767713359468,
                0.5061221127869302,
                0.6936176615650083
            ]
        ],
        "kf_euler_angles": [
            0.6303719601420762,
            -0.5381830980691806,
            0.01117366257124177
        ]
    },
    {
        "frame": 26,
        "object_translation_in_cam": [
            0.11692993426308174,
            -0.00605240344766894,
            1.9202888236822049
        ],
        "object_rotation_in_cam": [
            [
                0.8603293842253581,
                -0.305951395350931,
                -0.4077095710444318
            ],
            [
                0.03494512954373341,
                0.8333593361625795,
                -0.5516258285757081
            ],
            [
                0.5085392694370691,
                0.4603324456449742,
                0.7276550356638295
            ]
        ],
        "kf_translation_vector": [
            0.12142420070754754,
            -0.004824579697189567,
            1.9506667677199716
        ],
        "kf_rotation_matrix": [
            [
                0.855397736969451,
                -0.31196333638714535,
                -0.41348952627332997
            ],
            [
                0.02274234446504865,
                0.8201361782768464,
                -0.5717162188093687
            ],
            [
                0.5174722189217263,
                0.4796410385190676,
                0.7086374085613709
            ]
        ],
        "kf_euler_angles": [
            0.59501932308909,
            -0.5438942525204872,
            0.026580603609288624
        ]
    },
    {
        "frame": 27,
        "object_translation_in_cam": [
            0.12276999711689499,
            -0.00027013346103292775,
            1.9810549521787486
        ],
        "object_rotation_in_cam": [
            [
                0.8744784738397342,
                -0.30189823897117424,
                -0.37966413064316873
            ],
            [
                -0.020255555396606895,
                0.7592984167457877,
                -0.6504272648059236
            ],
            [
                0.4846412191162699,
                0.5764749497015841,
                0.6578750041611643
            ]
        ],
        "kf_translation_vector": [
            0.12186551410514396,
            -0.0027162075991220905,
            1.960626654776118
        ],
        "kf_rotation_matrix": [
            [
                0.8614947430641877,
                -0.31115280644957777,
                -0.401261434368319
            ],
            [
                0.002956618762574352,
                0.7933084946781022,
                -0.6088126893200042
            ],
            [
                0.5077578813551415,
                0.5233025542744033,
                0.6843510580189257
            ]
        ],
        "kf_euler_angles": [
            0.6528238327152577,
            -0.5325802122961083,
            0.0034319503147343237
        ]
    },
    {
        "frame": 28,
        "object_translation_in_cam": [
            0.12176870155421769,
            -0.004603475398363795,
            1.9930775274468195
        ],
        "object_rotation_in_cam": [
            [
                0.893472861823831,
                -0.278978932697228,
                -0.3519616460574201
            ],
            [
                0.012359604958943393,
                0.7986510849117766,
                -0.6016674203698427
            ],
            [
                0.4489470852445664,
                0.5332234050380362,
                0.7170211398348381
            ]
        ],
        "kf_translation_vector": [
            0.1216819567673823,
            -0.0036011450557441203,
            1.9732444374282656
        ],
        "kf_rotation_matrix": [
            [
                0.8752730063988562,
                -0.2981086677696171,
                -0.3808259267304839
            ],
            [
                0.0068674482454485,
                0.7950154216550185,
                -0.6065503420865322
            ],
            [
                0.4835803991314205,
                0.5282818391079872,
                0.6979027840928698
            ]
        ],
        "kf_euler_angles": [
            0.6479382318471433,
            -0.5047405946771218,
            0.007845903253902196
        ]
    },
    {
        "frame": 29,
        "object_translation_in_cam": [
            0.12063494242024031,
            -0.004943510350798325,
            1.9960105929941179
        ],
        "object_rotation_in_cam": [
            [
                0.9001250651318726,
                -0.26529397153338036,
                -0.34553433373456216
            ],
            [
                0.010020467921592557,
                0.8055792949655299,
                -0.5924032323894527
            ],
            [
                0.43551631122608275,
                0.5297745824318919,
                0.7277804850812779
            ]
        ],
        "kf_translation_vector": [
            0.1210496276315807,
            -0.004307939346310409,
            1.982765113804156
        ],
        "kf_rotation_matrix": [
            [
                0.8870171922821434,
                -0.28300686084286203,
                -0.36483916636207264
            ],
            [
                0.008168265603078614,
                0.7996400378568921,
                -0.6004240911999333
            ],
            [
                0.46166414202636613,
                0.5296063883414712,
                0.7116061364230651
            ]
        ],
        "kf_euler_angles": [
            0.639805081623881,
            -0.47987031534300983,
