[
    {
        "frame": 1,
        "object_translation_in_cam": [
            0.014955463338587415,
            0.022106658800664807,
            1.3516700947623206
        ],
        "object_rotation_in_cam": [
            [
                0.9939802132117086,
                0.05516938308748549,
                -0.09465555933674633
            ],
            [
                -0.10111134879230328,
                0.7946127454784119,
                -0.5986376866424813
            ],
            [
                0.04218804201438156,
                0.6046047666806859,
                0.795407596907388
            ]
        ],
        "kf_translation_vector": [
            0.014970580357167014,
            0.022129004264944754,
            1.3530363661691909
        ],
        "kf_rotation_matrix": [
            [
                0.9939680558660774,
                0.055162889273883436,
                -0.09478691663287422
            ],
            [
                -0.10121301910901859,
                0.7942162526285005,
                -0.5991464502303082
            ],
            [
                0.04223066043347665,
                0.6051261023189292,
                0.7950087871285784
            ]
        ],
        "kf_euler_angles": [
            0.6506031138060842,
            -0.0422432230799899,
            -0.1014774671425419
        ]
    },
    {
        "frame": 3,
        "object_translation_in_cam": [
            0.010645076901274926,
            0.029130159036873198,
            2.389082030568969
        ],
        "object_rotation_in_cam": [
            [
                0.2251350969471329,
                -0.9186105820103543,
                -0.3247595829859425
            ],
            [
                0.14797597022627768,
                0.36168715975778076,
                -0.9204811300086175
            ],
            [
                0.9630250777410716,
                0.15917599405987026,
                0.21736076590970888
            ]
        ],
        "kf_translation_vector": [
            0.015003829499587286,
            0.02217815201986607,
            1.3560414132525545
        ],
        "kf_rotation_matrix": [
            [
                0.9939412734257562,
                0.05514808282288486,
                -0.09507593776422238
            ],
            [
                -0.10143663231223789,
                0.7933430301309753,
                -0.6002644801816563
            ],
            [
                0.042324397289718305,
                0.6062718247647358,
                0.7941304174318596
            ]
        ],
        "kf_euler_angles": [
            0.652048080873086,
            -0.04233704382086756,
            -0.10170284509563211
        ]
    },
    {
        "frame": 4,
        "object_translation_in_cam": [
            0.0140658092833229,
            0.025250405770622566,
            1.3176732785172427
        ],
        "object_rotation_in_cam": [
            [
                0.9965374634206011,
                0.03247788933054505,
                -0.07653934088994409
            ],
            [
                -0.064403002038779,
                0.883739470691214,
                -0.46352648389364554
            ],
            [
                0.05258647475945909,
                0.4668508698150255,
                0.8827711640200573
            ]
        ],
        "kf_translation_vector": [
            0.013850254870052857,
            0.02601629726553847,
            1.3094798236270717
        ],
        "kf_rotation_matrix": [
            [
                0.9969379237777458,
                0.026327321907547503,
                -0.073631842669417
            ],
            [
                -0.05546951659834455,
                0.9017951010124419,
                -0.4285892305206767
            ],
            [
                0.05511722835977318,
                0.4313611803479031,
                0.900494099495827
            ]
        ],
        "kf_euler_angles": [
            0.44672904993339935,
            -0.05514517343196417,
            -0.05558257998918481
        ]
    },
    {
        "frame": 5,
        "object_translation_in_cam": [
            -0.10231968338851805,
            0.1323745046035462,
            0.8187062022140593
        ],
        "object_rotation_in_cam": [
            [
                0.42005890867956996,
                -0.7956999780895294,
                0.43636230142766863
            ],
            [
                -0.5229911271857343,
                0.18070415171475773,
                0.8329623583560335
            ],
            [
                -0.7416406098130849,
                -0.5781068711072137,
                -0.3402376396795383
            ]
        ],
        "kf_translation_vector": [
            0.01340633582366886,
            0.02758910489371923,
            1.2925592318219299
        ],
        "kf_rotation_matrix": [
            [
                0.9974898297976511,
                0.01319876083812911,
                -0.06956890226668165
            ],
            [
                -0.03709634669375479,
                0.9342658534939041,
                -0.35464232130032625
            ],
            [
                0.060315010670893385,
                0.35633286083049504,
                0.9324103129953707
            ]
        ],
        "kf_euler_angles": [
            0.3650358540750642,
            -0.060351640669333614,
            -0.03717256801713929
        ]
    },
    {
        "frame": 6,
        "object_translation_in_cam": [
            -0.04353898860518225,
            0.0491216658306326,
            1.9701892913013554
        ],
        "object_rotation_in_cam": [
            [
                -0.7386060220032656,
                0.6715180108021286,
                0.05936922964687946
            ],
            [
                0.29278329546554904,
                0.39886377262322337,
                -0.8690141729483488
            ],
            [
                -0.6072389036918209,
                -0.6244767826405734,
                -0.49121244058557145
            ]
        ],
        "kf_translation_vector": [
            0.01295934187498741,
            0.02917190112356606,
            1.27551200780351
        ],
        "kf_rotation_matrix": [
            [
                0.9976762753329564,
                -0.00038708960066653216,
                -0.06813148904434804
            ],
            [
                -0.018600130851122165,
                0.9604513641219021,
                -0.27782586684594124
            ],
            [
                0.06554452509615273,
                0.2784475306373152,
                0.9582123396783727
            ]
        ],
        "kf_euler_angles": [
            0.2828021502846443,
            -0.06559154686327237,
            -0.0186412935331475
        ]
    },
    {
        "frame": 7,
        "object_translation_in_cam": [
            -0.038809876275770296,
            0.035885555500642284,
            2.2732407040393574
        ],
        "object_rotation_in_cam": [
            [
                -0.2921706563138585,
                -0.9557898577974402,
                0.03319721856840868
            ],
            [
                0.3583473420029671,
                -0.14159241314126075,
                -0.9227885841406163
            ],
            [
                0.8866924438995394,
                -0.25771561123141934,
                0.38387390333165183
            ]
        ],
        "kf_translation_vector": [
            0.012509273024008507,
            0.03076468595507896,
            1.258338151571812
        ],
        "kf_rotation_matrix": [
            [
                0.9974901340845872,
                -0.014079858215336147,
                -0.06939157006833202
            ],
            [
                1.1215243207005489e-05,
                0.9800608686788822,
                -0.1986974925826018
            ],
            [
                0.07080559496346683,
                0.1981980102751559,
                0.9776012052185895
            ]
        ],
        "kf_euler_angles": [
            0.20002793856213952,
            -0.07086489201378042,
            1.124346279056214e-05
        ]
    },
    {
        "frame": 8,
        "object_translation_in_cam": [
            0.013117975460007038,
            0.018658924638959178,
            1.3178641985386754
        ],
        "object_rotation_in_cam": [
            [
                0.996862417541904,
                -0.02551518717560484,
                -0.07492860412355629
            ],
            [
                -0.019083174757105238,
                0.8412266461698419,
                -0.540345780232463
            ],
            [
                0.07681896207122657,
                0.5400802764378952,
                0.8381003174257041
            ]
        ],
        "kf_translation_vector": [
            0.013015148904697786,
            0.017542737907348234,
            1.3193320796376278
        ],
        "kf_rotation_matrix": [
            [
                0.9966999149300978,
                -0.03303945805930092,
                -0.07414629990420095
            ],
            [
                -0.013934487692337115,
                0.8302225796579388,
                -0.5572578382390592
            ],
            [
                0.07996942935327299,
                0.5564520306704479,
                0.8270223865964251
            ]
        ],
        "kf_euler_angles": [
            0.5922628564110674,
            -0.08005491112651833,
            -0.013979714176381528
        ]
    },
    {
        "frame": 9,
        "object_translation_in_cam": [
            0.0719880706588056,
            0.01896906141034091,
            1.253058586385984
        ],
        "object_rotation_in_cam": [
            [
                0.7060560510449368,
                -0.3212098979453726,
                -0.6311173062472244
            ],
            [
                -0.08712109040438182,
                0.8450424931839358,
                -0.5275538838073597
            ],
            [
                0.7027764711411311,
                0.42746623980777826,
                0.5686632091449366
            ]
        ],
        "kf_translation_vector": [
            0.06781860824290753,
            0.017021414915997523,
            1.2626560628938
        ],
        "kf_rotation_matrix": [
            [
                0.7377632815435309,
                -0.3343012507531438,
                -0.5864708127017102
            ],
            [
                -0.08229064353514144,
                0.8177529298081989,
                -0.5696563839514829
            ],
            [
                0.6700250669883128,
                0.4685326237680687,
                0.5757982199280545
            ]
        ],
        "kf_euler_angles": [
            0.6830448181338385,
            -0.7342425545383442,
            -0.1110815654361918
        ]
    },
    {
        "frame": 10,
        "object_translation_in_cam": [
            0.011098346062001422,
            0.030079855757753814,
            2.455270746535532
        ],
        "object_rotation_in_cam": [
            [
                0.2176034569488041,
                -0.92507141666973,
                -0.3112741710848957
            ],
            [
                0.1519351020355147,
                0.34713317984550496,
                -0.9254265396128459
            ],
            [
                0.9641392328358949,
                0.15408254122712062,
                0.21608820003786647
            ]
        ],
        "kf_translation_vector": [
            0.09411266036886104,
            0.014379878568037909,
            1.243356484023468
        ],
        "kf_rotation_matrix": [
            [
                0.489778241375822,
                -0.49837823141222876,
                -0.7153575418832361
            ],
            [
                -0.07650090359931658,
                0.7927767229590569,
                -0.6046922186391906
            ],
            [
                0.8684842462723749,
                0.35089058976940035,
                0.3501584041373093
            ]
        ],
        "kf_euler_angles": [
            0.7864425773716957,
            -1.0521363803279125,
            -0.15494303468167395
        ]
    },
    {
        "frame": 11,
        "object_translation_in_cam": [
            0.03058636110823993,
            0.014618028421971747,
            1.3551858721406702
        ],
        "object_rotation_in_cam": [
            [
                0.9699533588336824,
                -0.08147877844441088,
                -0.22924155458918105
            ],
            [
                -0.059752619559493805,
                0.8336111892626092,
                -0.5491101980403903
            ],
            [
                0.2358391531171961,
                0.5463090643576993,
                0.8036954025360471
            ]
        ],
        "kf_translation_vector": [
            0.12500435062357013,
            0.011298993334488003,
            1.222113401807568
        ],
        "kf_rotation_matrix": [
            [
                0.14313917506180135,
                -0.638649152362849,
                -0.7560677461371047
            ],
            [
                -0.03034530974506476,
                0.7607430710917626,
                -0.6483433827551179
            ],
            [
                0.9892372509863865,
                0.11574644690912876,
                0.0895121292831825
            ]
        ],
        "kf_euler_angles": [
            0.9125200133881083,
            -1.4239487136469247,
            -0.20890564080541
        ]
    },
    {
        "frame": 12,
        "object_translation_in_cam": [
            0.01378689308592562,
            0.019683536310450972,
            1.3176792396348256
        ],
        "object_rotation_in_cam": [
            [
                0.9969988867956288,
                0.043229664526620304,
                -0.06422161499988238
            ],
            [
                -0.07205530637162849,
                0.8215052555352433,
                -0.5656298683341124
            ],
            [
                0.0283064047870443,
                0.5685598572119653,
                0.8221547519872044
            ]
        ],
        "kf_translation_vector": [
            0.16049367900703476,
            0.007778759215347806,
            1.1989268162460993
        ],
        "kf_rotation_matrix": [
            [
                -0.26508976860700684,
                -0.676681104968235,
                -0.6868988984987908
            ],
            [
                0.0742138950209791,
                0.6959533674883877,
                -0.7142417014340371
            ],
            [
                0.9613634652750741,
                -0.24031561010583924,
                -0.1342709766619712
            ]
        ],
        "kf_euler_angles": [
            1.0612771261830765,
            -1.849679554495381,
            -0.27296938380739993
        ]
    },
    {
        "frame": 14,
        "object_translation_in_cam": [
            0.036992381155913,
            0.01734159428333771,
            0.027721866129798052
        ],
        "object_rotation_in_cam": [
            [
                0.1060343714423502,
                0.9050374140132236,
                -0.4119028906296767
            ],
            [
                0.05323863663027645,
                0.4084768774040717,
                0.9112147322096857
            ],
            [
                0.9929362314079266,
                -0.11854922970005705,
                -0.00487036907718022
            ]
        ],
        "kf_translation_vector": [
            0.20058064551925497,
            0.0038191762106173153,
            1.1737967273390624
        ],
        "kf_rotation_matrix": [
            [
                -0.6468274262291658,
                -0.5310744648846142,
                -0.5473337130355426
            ],
            [
                0.23401200501913938,
                0.5448521468497463,
                -0.8052170636419379
            ],
            [
                0.725846169780261,
                -0.6489191404333388,
                -0.22814751148014173
            ]
        ],
        "kf_euler_angles": [
            1.2327139157566,
            -2.3293289028732813,
            -0.3471342636876438
        ]
    },
    {
        "frame": 15,
        "object_translation_in_cam": [
            0.012615853352458543,
            0.01864317085816793,
            1.3134963114020182
        ],
        "object_rotation_in_cam": [
            [
                0.994598419126545,
                -0.013059497670648578,
                -0.10297297796785185
            ],
            [
                -0.045280642395889026,
                0.838090708330718,
                -0.5436484415814423
            ],
            [
                0.09340047160048495,
                0.5453745631493144,
                0.8329723511464838
            ]
        ],
        "kf_translation_vector": [
            0.24526525016023076,
            -0.0005797556797034678,
            1.146723135086457
        ],
        "kf_rotation_matrix": [
            [
                -0.8733312532537021,
                -0.1873216596333668,
                -0.44967001003237805
            ],
            [
                0.4020091523483706,
                0.24416670657654754,
                -0.882480175883689
            ],
            [
                0.27510209653592693,
                -0.9514689775456492,
                -0.13793339425162543
            ]
        ],
        "kf_euler_angles": [
            1.4268303821086792,
            -2.8628967587806256,
            -0.4314002804461415
        ]
    },
    {
        "frame": 16,
        "object_translation_in_cam": [
            0.019842422105124248,
            0.0327109770438273,
            1.3065979635846683
        ],
        "object_rotation_in_cam": [
            [
                0.9307279278094946,
                -0.02958939362623221,
                0.3645133635139815
            ],
            [
                -0.053611844222801366,
                0.9749141474271052,
                0.21602818173912067
            ],
            [
                -0.3617613779198578,
                -0.22060569560034562,
                0.9057934822652531
            ]
        ],
        "kf_translation_vector": [
            0.29454749292996213,
            -0.005418036455614544,
            1.1177060394882834
        ],
        "kf_rotation_matrix": [
            [
                -0.8240290235099058,
                0.225644305652004,
                -0.5196737589489544
            ],
            [
                0.47813908608084993,
                -0.21505735680648858,
                -0.851547619129533
            ],
            [
                -0.3039065362493551,
                -0.9501762892275473,
                0.06932414164407502
            ]
        ],
        "kf_euler_angles": [
            1.6436265252393139,
            -3.4503831222174135,
            -0.5257674340828931
        ]
    },
    {
        "frame": 17,
        "object_translation_in_cam": [
            -0.05007735422018861,
            0.029995362956635314,
            2.7565630702241952
        ],
        "object_rotation_in_cam": [
            [
                0.8922917444977618,
                0.4333486387568787,
                -0.12658751908739072
            ],
            [
                -0.02295297943701327,
                -0.2364879106193065,
                -0.9713632836719117
            ],
            [
                -0.45087537461709337,
                0.8696449996512801,
                -0.2010695679246875
            ]
        ],
        "kf_translation_vector": [
            0.348427373828449,
            -0.010695666117115912,
            1.0867454405445414
        ],
        "kf_rotation_matrix": [
            [
                -0.4698067663725679,
                0.4443730087951238,
                -0.7627674818218985
            ],
            [
                0.34271268039664154,
                -0.7044765541864871,
                -0.6214988361186873
            ],
            [
                -0.8135291150081236,
                -0.5533944467158144,
                0.17867558696754537
            ]
        ],
        "kf_euler_angles": [
            1.883102345148504,
            -4.091787993183646,
            -0.6302357245978986
        ]
    },
    {
        "frame": 18,
        "object_translation_in_cam": [
            1298436033.5772183,
            1728463557.562543,
            2114839146.2762632
        ],
        "object_rotation_in_cam": [
            [
                0.8910506928330564,
                -0.04775175094734549,
                -0.4513850164584473
            ],
            [
                0.25295014048789244,
                0.8779585420519572,
                0.4064542100472782
            ],
            [
                0.37688843074427947,
                -0.4763492087948338,
                0.7943843792847705
            ]
        ],
        "kf_translation_vector": [
            0.4069048928556914,
            -0.01641264466420757,
            1.053841338255231
        ],
        "kf_rotation_matrix": [
            [
                0.05488628680530362,
                0.24716351163533917,
                -0.9674180554635177
            ],
            [
                -0.050601852036898126,
                -0.9669450207521763,
                -0.24991354387669676
            ],
            [
                -0.9972095808259976,
                0.06266997174613483,
                -0.040565090289272625
            ]
        ],
        "kf_euler_angles": [
            2.14525784183625,
            -4.787111371679321,
            -0.7448051519911578
        ]
    },
    {
        "frame": 19,
        "object_translation_in_cam": [
            0.010327455767108888,
            0.019302335354218877,
            1.2890898311905703
        ],
        "object_rotation_in_cam": [
            [
                0.9924306042184251,
                -0.04985407008306225,
                -0.11223220351933208
            ],
            [
                -0.018300883785586405,
                0.8436499375185172,
                -0.5365816439067482
            ],
            [
                0.1214354703672618,
                0.5345739935884976,
                0.83635164369751
            ]
        ],
        "kf_translation_vector": [
            0.4699800500116894,
            -0.022568972096889527,
            1.0189937326203522
        ],
        "kf_rotation_matrix": [
            [
                0.47349647917536286,
                -0.2924279455548133,
                -0.8308351105165972
            ],
            [
                -0.5606504871633592,
                -0.8275709296911419,
                -0.02823805187379173
            ],
            [
                -0.6793173893343398,
                0.4791787276045652,
                -0.5558017916121238
            ]
        ],
        "kf_euler_angles": [
            2.430093015302551,
            -5.536353257704441,
            -0.8694757162626711
        ]
    },
    {
        "frame": 20,
        "object_translation_in_cam": [
            0.014206554051251059,
            0.020756361312542822,
            1.3246887691041704
        ],
        "object_rotation_in_cam": [
            [
                0.9973247641576455,
                0.049189173182452306,
                -0.05407161953856503
            ],
            [
                -0.07204145423550026,
                0.7867324575229102,
                -0.6130759081480829
            ],
            [
                0.012383201101933815,
                0.615331183608948,
                0.7881714222229071
            ]
        ],
        "kf_translation_vector": [
            0.537652845296443,
            -0.029164648415161774,
            0.982202623639905
        ],
        "kf_rotation_matrix": [
            [
                0.5358721095015853,
                -0.7877151360902882,
                -0.30388475880270743
            ],
            [
                -0.8424200580587642,
                -0.47484567820044726,
                -0.2546566859020702
            ],
            [
                0.05629856160320005,
                0.39246203162677534,
                -0.9180435859439325
            ]
        ],
        "kf_euler_angles": [
            2.737607865547408,
            -6.339513651259004,
            -1.004247417412438
        ]
    },
    {
        "frame": 21,
        "object_translation_in_cam": [
            17169278294.529572,
            -42977193101.39097,
            78481003538.4755
        ],
        "object_rotation_in_cam": [
            [
                0.20962879771220577,
                0.33248507801395005,
                0.9195158726567981
            ],
            [
                -0.5386882875383356,
                -0.7455501232726969,
                0.39239003880970524
            ],
            [
                0.816009004876019,
                -0.5775886828757331,
                0.022817041331542498
            ]
        ],
        "kf_translation_vector": [
            0.6099232787099521,
            -0.036199673619024306,
            0.9434680113138895
        ],
        "kf_rotation_matrix": [
            [
                0.25009771049002016,
                -0.9338069614520274,
                0.25584310417007916
            ],
            [
                -0.5575265703167153,
                -0.3549298032199292,
                -0.7504591648964938
            ],
            [
                0.7915903350840829,
                0.045048790549739266,
                -0.6093893237261997
            ]
        ],
        "kf_euler_angles": [
            3.0678023925708207,
            -7.196592552343011,
            -1.149120255440459
        ]
    },
    {
        "frame": 22,
        "object_translation_in_cam": [
            0.005066134680194218,
            0.01173394658036586,
            1.840929266514778
        ],
        "object_rotation_in_cam": [
            [
                0.9711439727894352,
                -0.2238248701047865,
                -0.08235175552061932
            ],
            [
                -0.22269322459416588,
                -0.7274349323151469,
                -0.6490347810152474
            ],
            [
                0.08536458185105106,
                0.6486453937015456,
                -0.756288332182351
            ]
        ],
        "kf_translation_vector": [
            0.6867913502522168,
            -0.04367404770847713,
            0.9027898956423056
        ],
        "kf_rotation_matrix": [
            [
                -0.06612469159732995,
                -0.8570418177666381,
                0.5109861522198177
            ],
            [
                0.2420280549918183,
                -0.51059010919392,
                -0.8250576713116594
            ],
            [
                0.9680134016417518,
                0.06911630048402095,
                0.24119077770380679
            ]
        ],
        "kf_euler_angles": [
            3.4206765963727888,
            -8.107589960956462,
            -1.3040942303467338
        ]
    },
    {
        "frame": 23,
        "object_translation_in_cam": [
            0.027277173081233206,
            0.013266835138887741,
            1.3199399096828965
        ],
        "object_rotation_in_cam": [
            [
                0.8497777424553734,
                0.48093918518533907,
                0.21581308713956918
            ],
            [
                -0.03246200520774131,
                0.456369637304686,
                -0.8891979376743302
            ],
            [
                -0.5261406719170661,
                0.7486148905142427,
                0.40342501044804696
            ]
        ],
        "kf_translation_vector": [
            0.7682570599232371,
            -0.05158777068352025,
            0.8601682766251535
        ],
        "kf_rotation_matrix": [
            [
                -0.09522208574852092,
                -0.7678625161158774,
                0.6334981536909915
            ],
            [
                0.933748460877545,
                -0.289474726182343,
                -0.21051887020044832
            ],
            [
                0.34503125393870765,
                0.571481880067821,
                0.7445548297873243
            ]
        ],
        "kf_euler_angles": [
            3.7962304769533124,
            -9.072505877099356,
            -1.4691693421312626
        ]
    },
    {
        "frame": 24,
        "object_translation_in_cam": [
            0.013640671433365508,
            0.017299557145832138,
            1.2732241681538286
        ],
        "object_rotation_in_cam": [
            [
                0.9971211609431266,
                0.021484724283638845,
                -0.07271724019713248
            ],
            [
                -0.05710235233273102,
                0.8437313075130445,
                -0.5337197786108334
            ],
            [
                0.049886989862088185,
                0.5363356107371433,
                0.8425291691672849
            ]
        ],
        "kf_translation_vector": [
            0.854320407723013,
            -0.05994084254415366,
            0.815603154262433
        ],
        "kf_rotation_matrix": [
            [
                0.05775407121264898,
                -0.4542649086429741,
                0.8889926096621695
            ],
            [
                0.7838269262968652,
                0.572125846095479,
                0.24142776526642643
            ],
            [
                -0.6182878107082274,
                0.6828729083842194,
                0.3891076639241441
            ]
        ],
        "kf_euler_angles": [
            4.194464034312392,
            -10.091340300771694,
            -1.6443455907940452
        ]
    },
    {
        "frame": 25,
        "object_translation_in_cam": [
            -17475875.91024044,
            13833484.551391836,
            36845746.842830844
        ],
        "object_rotation_in_cam": [
            [
                -0.5400522406738935,
                -0.5794096909895485,
                -0.6104326230883331
            ],
            [
                0.44019602621228837,
                0.42372507937208526,
                -0.7916340793687638
            ],
            [
                0.7173360689732654,
                -0.6962337733107434,
                0.026220164977871052
            ]
        ],
        "kf_translation_vector": [
            0.9449813936515444,
            -0.06873326329037736,
            0.7690945285541442
        ],
        "kf_rotation_matrix": [
            [
                -0.04292796962117665,
                0.15750107440182462,
                0.9865853237234347
            ],
            [
                -0.16213578388212213,
                0.9733069946897017,
                -0.16243608488581232
            ],
            [
                -0.985834254329364,
                -0.1669338361458573,
                -0.01624553293970198
            ]
        ],
        "kf_euler_angles": [
            4.615377268450027,
            -11.164093231973478,
            -1.8296229763350818
        ]
    },
    {
        "frame": 26,
        "object_translation_in_cam": [
            0.02750028020539643,
            0.029823494597857332,
            1.3074837639657053
        ],
        "object_rotation_in_cam": [
            [
                0.980865338980716,
                0.033067132156867345,
                -0.19185867600180437
            ],
            [
                -0.1570235761812882,
                0.7169549472186579,
                -0.6792048293275974
            ],
            [
                0.11509467107335705,
                0.6963348105829636,
                0.7084285766828609
            ]
        ],
        "kf_translation_vector": [
            1.0402400177088316,
            -0.07796503292219135,
            0.720642399500287
        ],
        "kf_rotation_matrix": [
            [
                -0.42219006456795904,
                0.4175409066797218,
                0.8046211161964234
            ],
            [
                -0.8646969286740289,
                0.08096254083013951,
                -0.49572602163294743
            ],
            [
                -0.2721300625101976,
                -0.9050440090025478,
                0.3268647592610621
            ]
        ],
        "kf_euler_angles": [
            5.058970179366218,
            -12.290764670704704,
            -2.025001498754372
        ]
    },
    {
        "frame": 27,
        "object_translation_in_cam": [
            0.021389843247017128,
            0.03505077544929542,
            1.3194168977607486
        ],
        "object_rotation_in_cam": [
            [
                0.9607199397850883,
                0.017812632433626692,
                0.2769474813482165
            ],
            [
                -0.08122556389921784,
                0.9722855848032258,
                0.21923309365399937
            ],
            [
                -0.2653669253478856,
                -0.23311681987714591,
                0.9355409896000153
            ]
        ],
        "kf_translation_vector": [
            1.1400962798948742,
            -0.08763615143959565,
            0.6702467671008614
        ],
        "kf_rotation_matrix": [
            [
                -0.3785673378760488,
                0.24255461787995639,
                0.8932267506286127
            ],
            [
                -0.48809608512160146,
                -0.872274157506539,
                0.03000009725357524
            ],
            [
                0.786415273492579,
                -0.42462342315440627,
                0.44860446512069646
            ]
        ],
        "kf_euler_angles": [
            5.525242767060965,
            -13.471354616965375,
            -2.2304811580519166
        ]
    },
    {
        "frame": 28,
        "object_translation_in_cam": [
            -0.010405060313237258,
            0.007237848326232982,
            1.708161028856978
        ],
        "object_rotation_in_cam": [
            [
                0.9784197745934176,
                0.20368969779217588,
                0.03471673512728478
            ],
            [
                -0.13940484329098296,
                0.7747417082359008,
                -0.6167183921262076
            ],
            [
                -0.15251568559194978,
                0.5985697891917452,
                0.7864179379409953
            ]
        ],
        "kf_translation_vector": [
            1.2445501802096723,
            -0.09774661884259023,
            0.6179076313558675
        ],
        "kf_rotation_matrix": [
            [
                0.41343984503090414,
                0.44583661043611544,
                0.7939125967861056
            ],
            [
                0.3450887038552543,
                -0.8835985791940341,
                0.3164922389534773
            ],
            [
                0.8426038695688043,
                0.1431197667728668,
                -0.5191680376781276
            ]
        ],
        "kf_euler_angles": [
            6.014195031534268,
            -14.70586307075549,
            -2.446061954227715
        ]
    },
    {
        "frame": 29,
        "object_translation_in_cam": [
            0.043450510628301846,
            -0.023591987097182004,
            1.839538607563457
        ],
        "object_rotation_in_cam": [
            [
                0.1879653811459917,
                0.31471584085458265,
                -0.9303886042970615
            ],
            [
                -0.008528542249425008,
                -0.9467144258643114,
                -0.32196127069495
            ],
            [
                -0.9821386253771618,
                0.0684524314805553,
                -0.175265470548703
            ]
        ],
        "kf_translation_vector": [
            1.353601718653226,
            -0.1082964351311751,
            0.5636249922653052
        ],
        "kf_rotation_matrix": [
            [
                0.8553362559993597,
                0.378983326847913,
                -0.35323013340354453
            ],
            [
                0.4343189279214248,
                -0.8962409737388621,
                0.0901065249624052
            ],
            [
                -0.28243044811454404,
                -0.23048591055182585,
                -0.9311870311676993
            ]
        ],
        "kf_euler_angles": [
            6.525826972786125,
            -15.994290032075048,
            -2.671743887281767
        ]
    },
    {
        "frame": 30,
        "object_translation_in_cam": [
            0.012401319641555808,
            0.01888526583890637,
            1.3244345456974411
        ],
        "object_rotation_in_cam": [
            [
                0.9935142662454371,
                -0.046876209612759845,
                -0.10359548126791676
            ],
            [
                -0.0169861310419768,
                0.8396620519514152,
                -0.5428435408706304
            ],
            [
                0.11243164198309782,
                0.5410824886143327,
                0.8334199819994148
            ]
        ],
        "kf_translation_vector": [
            1.4672508952255354,
            -0.11928560030535026,
            0.5073988498291745
        ],
        "kf_rotation_matrix": [
            [
                -0.05626629081748666,
                -0.5154686650699122,
                -0.8550591557598134
            ],
            [
                -0.013415912860874811,
                -0.8559482276752658,
                0.5168874585648995
            ],
            [
                -0.9983256571879496,
                0.04055473918809106,
                0.041245549209999385
            ]
        ],
        "kf_euler_angles": [
            7.060138590816539,
            -17.33663550092405,
            -2.907526957214073
        ]
    },
    {
        "frame": 31,
        "object_translation_in_cam": [
            0.013413001460885586,
            0.019190882779258702,
            1.3114308732323214
        ],
        "object_rotation_in_cam": [
            [
                0.9973782935429378,
                0.024924232736749905,
                -0.06793616262243236
            ],
            [
                -0.05759637007342622,
                0.8417721656988387,
                -0.5367515991676707
            ],
            [
                0.04380864896047567,
                0.5392572703980644,
                0.841000831509153
            ]
        ],
        "kf_translation_vector": [
            1.5854977099266003,
            -0.1307141143651157,
            0.4492292040474755
        ],
        "kf_rotation_matrix": [
            [
                -0.9931339869501987,
                -0.1159077129171224,
                -0.015820431432945807
            ],
            [
                0.011737910899186786,
                -0.23328990492746027,
                0.9723363830005844
            ],
            [
                -0.11639203328460825,
                0.9654746098915593,
                0.23304864780259113
            ]
        ],
        "kf_euler_angles": [
            7.617129885625508,
            -18.732899477302496,
            -3.153411164024633
        ]
    },
