[
    {
        "frame": 1,
        "object_rotation_in_cam": [
            [
                0.8934467258110728,
                -0.25453312504980197,
                -0.37008895740059
            ],
            [
                0.027323163166474387,
                0.8532133926577621,
                -0.5208458038076237
            ],
            [
                0.44833736504116184,
                0.4552359770951911,
                0.7692553621952432
            ]
        ],
        "object_translation_in_cam": [
            0.06885736828710481,
            -0.002142078710630497,
            2.0900136772523266
        ],
        "raw_rvec": [
            0.531671871932764,
            -0.44579692337785676,
            0.15352715653944662
        ],
        "refined_raw_rvec": [
            0.531671871932764,
            -0.44579692337785676,
            0.15352715653944662
        ],
        "num_inliers": 10,
        "total_matches": 12,
        "inlier_ratio": 0.8333333333333334,
        "reprojection_errors": [
            1.392566204071045,
            4.4809956550598145,
            1.4434987306594849,
            0.8535151481628418,
            3.2825334072113037,
            1.865295648574829,
            3.562528371810913,
            4.917746543884277,
            1.379889726638794,
            1.3019704818725586
        ],
        "mean_reprojection_error": 2.448054075241089,
        "std_reprojection_error": 1.4010878801345825,
        "inliers": [
            0,
            1,
            2,
            3,
            4,
            5,
            6,
            8,
            9,
            11
        ],
        "mkpts0": [
            [
                591,
                284
            ],
            [
                602,
                348
            ],
            [
                598,
                298
            ],
            [
                519,
                327
            ],
            [
                387,
                289
            ],
            [
                727,
                126
            ],
            [
                425,
                243
            ],
            [
                650,
                377
            ],
            [
                516,
                389
            ],
            [
                480,
                281
            ],
            [
                834,
                225
            ],
            [
                752,
                77
            ]
        ],
        "mkpts1": [
            [
                678,
                359
            ],
            [
                664,
                375
            ],
            [
                678,
                364
            ],
            [
                642,
                354
            ],
            [
                609,
                327
            ],
            [
                766,
                334
            ],
            [
                630,
                322
            ],
            [
                673,
                389
            ],
            [
                632,
                376
            ],
            [
                640,
                340
            ],
            [
                785,
                390
            ],
            [
                785,
                321
            ]
        ],
        "mpts3D": [
            [
                0.02500000037252903,
                -0.014000000432133675,
                -0.010999999940395355
            ],
            [
                -0.023000000044703484,
                0.0,
                -0.06499999761581421
            ],
            [
                0.02500000037252903,
                0.0,
                -0.014999999664723873
            ],
            [
                -0.05700000002980232,
                -0.017999999225139618,
                -0.009999999776482582
            ],
            [
                -0.07400000095367432,
                -0.0,
                0.12800000607967377
            ],
            [
                0.20600000023841858,
                -0.07000000029802322,
                -0.0020000000949949026
            ],
            [
                -0.0,
                -0.0,
                0.15600000321865082
            ],
            [
                -0.028999999165534973,
                -0.0,
                -0.12700000405311584
            ],
            [
                -0.09000000357627869,
                -0.0,
                -0.041999999433755875
            ],
            [
                -0.01899999938905239,
                -0.0,
                0.07400000095367432
            ],
            [
                0.23000000417232513,
                -0.0,
                -0.11299999803304672
            ],
            [
                0.24300000071525574,
                -0.10400000214576721,
                0.0
            ]
        ],
        "mconf": [
            0.6541743278503418,
            0.6551395058631897,
            0.37867677211761475,
            0.8125856518745422,
            0.8283248543739319,
            0.9768511652946472,
            0.690815806388855,
            0.8512011170387268,
            0.39334291219711304,
            0.4450441896915436,
            0.6067824363708496,
            0.2919691801071167
        ],
        "kf_translation_vector": [
            0.06892696948181022,
            -0.0021442439289814396,
            2.092126268141378
        ],
        "kf_rotation_matrix": [
            [
                0.8932351954261873,
                -0.2549733394410598,
                -0.3702964782795199
            ],
            [
                0.027344323216826547,
                0.8529175195960684,
                -0.5213290637916745
            ],
            [
                0.44875736611197214,
                0.45554396158918,
                0.7688280207041631
            ]
        ],
        "kf_euler_angles": [
            0.5348994041950509,
            -0.46537434327657573,
            0.030603122639623313
        ]
    },
    {
        "frame": 2,
        "object_rotation_in_cam": [
            [
                0.9434003529154605,
                -0.1735558876423059,
                -0.28262011248967395
            ],
            [
                0.021261870401523664,
                0.8820442253656003,
                -0.47068664455901743
            ],
            [
                0.33097387659151206,
                0.4380369143849515,
                0.8358109562874234
            ]
        ],
        "object_translation_in_cam": [
            0.0781769522687807,
            -0.0011271358296004934,
            2.2241901861296856
        ],
        "raw_rvec": [
            0.48188821009655763,
            -0.3253835627063027,
            0.10331016489532197
        ],
        "refined_raw_rvec": [
            0.48188821009655763,
            -0.3253835627063027,
            0.10331016489532197
        ],
        "num_inliers": 11,
        "total_matches": 12,
        "inlier_ratio": 0.9166666666666666,
        "reprojection_errors": [
            2.3186826705932617,
            1.6942806243896484,
            1.1226061582565308,
            2.0133819580078125,
            1.8009581565856934,
            3.0163731575012207,
            2.98504638671875,
            5.628867149353027,
            2.811239004135132,
            0.6959055066108704,
            1.9072555303573608
        ],
        "mean_reprojection_error": 2.363145112991333,
        "std_reprojection_error": 1.246573567390442,
        "inliers": [
            0,
            1,
            2,
            3,
            4,
            6,
            7,
            8,
            9,
            10,
            11
        ],
        "mkpts0": [
            [
                591,
                284
            ],
            [
                602,
                348
            ],
            [
                715,
                384
            ],
            [
                598,
                298
            ],
            [
                519,
                327
            ],
            [
                387,
                289
            ],
            [
                727,
                126
            ],
            [
                650,
                377
            ],
            [
                516,
                389
            ],
            [
                834,
                225
            ],
            [
                469,
                339
            ],
            [
                752,
                77
            ]
        ],
        "mkpts1": [
            [
                678,
                359
            ],
            [
                665,
                375
            ],
            [
                692,
                400
            ],
            [
                678,
                364
            ],
            [
                642,
                354
            ],
            [
                609,
                327
            ],
            [
                767,
                334
            ],
            [
                673,
                389
            ],
            [
                632,
                376
            ],
            [
                785,
                390
            ],
            [
                623,
                348
            ],
            [
                785,
                321
            ]
        ],
        "mpts3D": [
            [
                0.02500000037252903,
                -0.014000000432133675,
                -0.010999999940395355
            ],
            [
                -0.023000000044703484,
                0.0,
                -0.06499999761581421
            ],
            [
                0.0,
                0.0,
                -0.15600000321865082
            ],
            [
                0.02500000037252903,
                0.0,
                -0.014999999664723873
            ],
            [
                -0.05700000002980232,
                -0.017999999225139618,
                -0.009999999776482582
            ],
            [
                -0.07400000095367432,
                -0.0,
                0.12800000607967377
            ],
            [
                0.20600000023841858,
                -0.07000000029802322,
                -0.0020000000949949026
            ],
            [
                -0.028999999165534973,
                -0.0,
                -0.12700000405311584
            ],
            [
                -0.09000000357627869,
                -0.0,
                -0.041999999433755875
            ],
            [
                0.23000000417232513,
                -0.0,
                -0.11299999803304672
            ],
            [
                -0.10000000149011612,
                -0.029999999329447746,
                0.0
            ],
            [
                0.24300000071525574,
                -0.10400000214576721,
                0.0
            ]
        ],
        "mconf": [
            0.7271197438240051,
            0.8555044531822205,
            0.7519763708114624,
            0.6311662793159485,
            0.8416765332221985,
            0.6601362228393555,
            0.9531412720680237,
            0.7218391299247742,
            0.26645389199256897,
            0.5454840660095215,
            0.4886978566646576,
            0.24301499128341675
        ],
        "kf_translation_vector": [
            0.0824429139157068,
            -0.0006639307347369759,
            2.28576522609233
        ],
        "kf_rotation_matrix": [
            [
                0.961120905381566,
                -0.13902069875110992,
                -0.2385788141417252
            ],
            [
                0.018135557503289837,
                0.8939311660473712,
                -0.44783721587562597
            ],
            [
                0.27553168019769264,
                0.42609895058300756,
                0.8616971495365969
            ]
        ],
        "kf_euler_angles": [
            0.45922834109562005,
            -0.27914274776440523,
            0.01886693494947167
        ]
    },
    {
        "frame": 3,
        "object_rotation_in_cam": [
            [
                0.9199161280014226,
                -0.22081475992516109,
                -0.3240295653826419
            ],
            [
                0.011236514022352803,
                0.8408688682540109,
                -0.5411222478829018
            ],
            [
                0.39195415318056753,
                0.49414612029278604,
                0.7760100215874095
            ]
        ],
        "object_translation_in_cam": [
            0.07328348982673857,
            -0.0031208586323587086,
            2.1704666049579084
        ],
        "raw_rvec": [
            0.5617078205866171,
            -0.38847285060813547,
            0.12590456673866635
        ],
        "refined_raw_rvec": [
            0.5617078205866171,
            -0.38847285060813547,
            0.12590456673866635
        ],
        "num_inliers": 9,
        "total_matches": 10,
        "inlier_ratio": 0.9,
        "reprojection_errors": [
            1.764382004737854,
            3.4724342823028564,
            0.8555154204368591,
            1.3400439023971558,
            1.6330429315567017,
            3.3109652996063232,
            4.647810459136963,
            3.3638758659362793,
            2.2183024883270264
        ],
        "mean_reprojection_error": 2.5118188858032227,
        "std_reprojection_error": 1.1729989051818848,
        "inliers": [
            0,
            1,
            2,
            3,
            4,
            5,
            7,
            8,
            9
        ],
        "mkpts0": [
            [
                591,
                284
            ],
            [
                602,
                348
            ],
            [
                598,
                298
            ],
            [
                519,
                327
            ],
            [
                387,
                289
            ],
            [
                727,
                126
            ],
            [
                650,
                377
            ],
            [
                516,
                389
            ],
            [
                834,
                225
            ],
            [
                752,
                77
            ]
        ],
        "mkpts1": [
            [
                678,
                359
            ],
            [
                665,
                375
            ],
            [
                678,
                364
            ],
            [
                642,
                354
            ],
            [
                609,
                327
            ],
            [
                767,
                334
            ],
            [
                673,
                389
            ],
            [
                632,
                376
            ],
            [
                785,
                390
            ],
            [
                785,
                321
            ]
        ],
        "mpts3D": [
            [
                0.02500000037252903,
                -0.014000000432133675,
                -0.010999999940395355
            ],
            [
                -0.023000000044703484,
                0.0,
                -0.06499999761581421
            ],
            [
                0.02500000037252903,
                0.0,
                -0.014999999664723873
            ],
            [
                -0.05700000002980232,
                -0.017999999225139618,
                -0.009999999776482582
            ],
            [
                -0.07400000095367432,
                -0.0,
                0.12800000607967377
            ],
            [
                0.20600000023841858,
                -0.07000000029802322,
                -0.0020000000949949026
            ],
            [
                -0.028999999165534973,
                -0.0,
                -0.12700000405311584
            ],
            [
                -0.09000000357627869,
                -0.0,
                -0.041999999433755875
            ],
            [
                0.23000000417232513,
                -0.0,
                -0.11299999803304672
            ],
            [
                0.24300000071525574,
                -0.10400000214576721,
                0.0
            ]
        ],
        "mconf": [
            0.4573030173778534,
            0.8115761876106262,
            0.39246582984924316,
            0.6654860377311707,
            0.7636526823043823,
            0.897162675857544,
            0.6653004288673401,
            0.21623969078063965,
            0.5512938499450684,
            0.24924589693546295
        ],
        "kf_translation_vector": [
            0.0913960474639991,
            0.00030927235284708096,
            2.4148745940006613
        ],
        "kf_rotation_matrix": [
            [
                0.9876615802571317,
                -0.07247380280840494,
                -0.1388241722124576
            ],
            [
                0.011024298678964895,
                0.9164473308661556,
                -0.4000034432188506
            ],
            [
                0.15621481275033627,
                0.3935375936994936,
                0.9059387918742577
            ]
        ],
        "kf_euler_angles": [
            0.4098034557647523,
            -0.1568572463108453,
            0.011161556844830983
        ]
    },
    {
        "frame": 4,
        "object_rotation_in_cam": [
            [
                0.894348389889438,
                -0.2431181748976886,
                -0.375545617118063
            ],
            [
                0.012822833391457664,
                0.8530355452293972,
                -0.5216952496611409
            ],
            [
                0.4471873572072279,
                0.46176174766821265,
                0.7660284302455185
            ]
        ],
        "object_translation_in_cam": [
            0.06966314765922142,
            -0.0021767519506920353,
            2.0843043129722365
        ],
        "raw_rvec": [
            0.535941369073779,
            -0.44835375399171795,
            0.1394767384411332
        ],
        "refined_raw_rvec": [
            0.535941369073779,
            -0.44835375399171795,
            0.1394767384411332
        ],
        "num_inliers": 10,
        "total_matches": 12,
        "inlier_ratio": 0.8333333333333334,
        "reprojection_errors": [
            4.5287766456604,
            1.3781414031982422,
            1.2694852352142334,
            3.299722194671631,
            2.630486011505127,
            3.5979392528533936,
            4.0579962730407715,
            1.3979490995407104,
            1.4957085847854614,
            2.071178674697876
        ],
        "mean_reprojection_error": 2.5727381706237793,
        "std_reprojection_error": 1.1632784605026245,
        "inliers": [
            0,
            1,
            2,
            3,
            4,
            5,
            7,
            8,
            9,
            11
        ],
        "mkpts0": [
            [
                602,
                348
            ],
            [
                598,
                298
            ],
            [
                519,
                327
            ],
            [
                387,
                289
            ],
            [
                727,
                126
            ],
            [
                425,
                243
            ],
            [
                650,
                377
            ],
            [
                516,
                389
            ],
            [
                496,
                378
            ],
            [
                480,
                281
            ],
            [
                834,
                225
            ],
            [
                469,
                339
            ]
        ],
        "mkpts1": [
            [
                665,
                375
            ],
            [
                678,
                364
            ],
            [
                642,
                354
            ],
            [
                609,
                327
            ],
            [
                767,
                334
            ],
            [
                630,
                322
            ],
            [
                673,
                389
            ],
            [
                632,
                376
            ],
            [
                624,
                365
            ],
            [
                640,
                340
            ],
            [
                785,
                390
            ],
            [
                623,
                348
            ]
        ],
        "mpts3D": [
            [
                -0.023000000044703484,
                0.0,
                -0.06499999761581421
            ],
            [
                0.02500000037252903,
                0.0,
                -0.014999999664723873
            ],
            [
                -0.05700000002980232,
                -0.017999999225139618,
                -0.009999999776482582
            ],
            [
                -0.07400000095367432,
                -0.0,
                0.12800000607967377
            ],
            [
                0.20600000023841858,
                -0.07000000029802322,
                -0.0020000000949949026
            ],
            [
                -0.0,
                -0.0,
                0.15600000321865082
            ],
            [
                -0.028999999165534973,
                -0.0,
                -0.12700000405311584
            ],
            [
                -0.09000000357627869,
                -0.0,
                -0.041999999433755875
            ],
            [
                -0.09000000357627869,
                -0.0,
                -0.014999999664723873
            ],
            [
                -0.01899999938905239,
                -0.0,
                0.07400000095367432
            ],
            [
                0.23000000417232513,
                -0.0,
                -0.11299999803304672
            ],
            [
                -0.10000000149011612,
                -0.029999999329447746,
                0.0
            ]
        ],
        "mconf": [
            0.7311843633651733,
            0.2246072143316269,
            0.8353692293167114,
            0.5288695693016052,
            0.7546452283859253,
            0.64971524477005,
            0.7371875643730164,
            0.2330951690673828,
            0.24137139320373535,
            0.5347766280174255,
            0.49714067578315735,
            0.4889185130596161
        ],
        "kf_translation_vector": [
            0.1003880617518662,
            0.0012867722796015362,
            2.544536609119152
        ],
        "kf_rotation_matrix": [
            [
                0.9994151698994004,
                -0.015193154495709392,
                -0.030634722643138757
            ],
            [
                0.0034200706497423566,
                0.9357949098469021,
                -0.35252828229998673
            ],
            [
                0.034023834171111635,
                0.3522173402334102,
                0.9352995904774035
            ]
        ],
        "kf_euler_angles": [
            0.360157234887034,
            -0.03403040204556427,
            0.0034220586223913992
        ]
    },
    {
        "frame": 5,
        "object_rotation_in_cam": [
            [
                0.927396869218418,
                -0.20827136424243525,
                -0.3107379696793929
            ],
            [
                0.01929624052532962,
                0.8562032986495471,
                -0.5162785744956137
            ],
            [
                0.37358091769450036,
                0.47279905902849373,
                0.7980591129210328
            ]
        ],
        "object_translation_in_cam": [
            0.0736879389586524,
            -0.0039330204162095345,
            2.181212285066016
        ],
        "raw_rvec": [
            0.5321899216464494,
            -0.36820933232014197,
            0.12244659230551197
        ],
        "refined_raw_rvec": [
            0.5321899216464494,
            -0.36820933232014197,
            0.12244659230551197
        ],
        "num_inliers": 13,
        "total_matches": 14,
        "inlier_ratio": 0.9285714285714286,
        "reprojection_errors": [
            2.038067102432251,
            3.6000876426696777,
            0.41548964381217957,
            0.44427490234375,
            2.6321752071380615,
            3.323320150375366,
            5.079895496368408,
            5.166315078735352,
            2.3346571922302246,
            2.819091558456421,
            1.9135419130325317,
            2.969194173812866,
            2.3536012172698975
        ],
        "mean_reprojection_error": 2.6992084980010986,
        "std_reprojection_error": 1.3771196603775024,
        "inliers": [
            0,
            1,
            2,
            3,
            4,
            5,
            7,
            8,
            9,
            10,
            11,
            12,
            13
        ],
        "mkpts0": [
            [
                602,
                348
            ],
            [
                715,
                384
            ],
            [
                598,
                298
            ],
            [
                519,
                327
            ],
            [
                387,
                289
            ],
            [
                727,
                126
            ],
            [
                425,
                243
            ],
            [
                650,
                377
            ],
            [
                516,
                389
            ],
            [
                496,
                378
            ],
            [
                834,
                225
            ],
            [
                469,
                339
            ],
            [
                816,
                414
            ],
            [
                752,
                77
            ]
        ],
        "mkpts1": [
            [
                665,
                375
            ],
            [
                691,
                399
            ],
            [
                678,
                364
            ],
            [
                642,
                354
            ],
            [
                609,
                327
            ],
            [
                767,
                334
            ],
            [
                630,
                321
            ],
            [
                673,
                389
            ],
            [
                632,
                375
            ],
            [
                624,
                365
            ],
            [
                785,
                390
            ],
            [
                622,
                348
            ],
            [
                712,
                419
            ],
            [
                785,
                321
            ]
        ],
        "mpts3D": [
            [
                -0.023000000044703484,
                0.0,
                -0.06499999761581421
            ],
            [
                0.0,
                0.0,
                -0.15600000321865082
            ],
            [
                0.02500000037252903,
                0.0,
                -0.014999999664723873
            ],
            [
                -0.05700000002980232,
                -0.017999999225139618,
                -0.009999999776482582
            ],
            [
                -0.07400000095367432,
                -0.0,
                0.12800000607967377
            ],
            [
                0.20600000023841858,
                -0.07000000029802322,
                -0.0020000000949949026
            ],
            [
                -0.0,
                -0.0,
                0.15600000321865082
            ],
            [
                -0.028999999165534973,
                -0.0,
                -0.12700000405311584
            ],
            [
                -0.09000000357627869,
                -0.0,
                -0.041999999433755875
            ],
            [
                -0.09000000357627869,
                -0.0,
                -0.014999999664723873
            ],
            [
                0.23000000417232513,
                -0.0,
                -0.11299999803304672
            ],
            [
                -0.10000000149011612,
                -0.029999999329447746,
                0.0
            ],
            [
                -0.0,
                -0.02500000037252903,
                -0.23999999463558197
            ],
            [
                0.24300000071525574,
                -0.10400000214576721,
                0.0
            ]
        ],
        "mconf": [
            0.8233133554458618,
            0.6730085015296936,
            0.1601293981075287,
            0.7370297312736511,
            0.6464890241622925,
            0.9161362051963806,
            0.4428459703922272,
            0.7096296548843384,
            0.43234533071517944,
            0.245952308177948,
            0.5243450403213501,
            0.4848737418651581,
            0.29043856263160706,
            0.3662753105163574
        ],
        "kf_translation_vector": [
            0.10941895677930809,
            0.0022685690455263897,
            2.6747512714478017
        ],
        "kf_rotation_matrix": [
            [
                0.9960026032884746,
                0.03138511730821968,
                0.08362887452387985
            ],
            [
                -0.004334192164900421,
                0.9521176019016147,
                -0.3057013034440581
            ],
            [
                -0.08921899473127495,
                0.30411683044624094,
                0.9484476392603195
            ]
        ],
        "kf_euler_angles": [
            0.3102896784624652,
            0.08933778503143788,
            -0.004351559717847079
        ]
    },
    {
        "frame": 6,
        "object_rotation_in_cam": [
            [
                0.9164806660237643,
                -0.22414208923628484,
                -0.3313963075193066
            ],
            [
                0.025630248860610466,
                0.8595190656913625,
                -0.5104606410453115
            ],
            [
                0.39925715916935123,
                0.45933353845091757,
                0.7934774233122066
            ]
        ],
        "object_translation_in_cam": [
            0.06904306519618295,
            -0.004172854353355388,
            2.146360372211041
        ],
        "raw_rvec": [
            0.5229918539867999,
            -0.39402774242662847,
            0.13469754813724474
        ],
        "refined_raw_rvec": [
            0.5229918539867999,
            -0.39402774242662847,
            0.13469754813724474
        ],
        "num_inliers": 15,
        "total_matches": 15,
        "inlier_ratio": 1.0,
        "reprojection_errors": [
            1.8849600553512573,
            1.8922841548919678,
            4.244508743286133,
            1.2369168996810913,
            1.8905377388000488,
            1.005875825881958,
            4.360992908477783,
            6.314058303833008,
            6.012768268585205,
            5.716153144836426,
            2.2532050609588623,
            1.869496464729309,
            2.967928409576416,
            3.340097665786743,
            2.998960256576538
        ],
        "mean_reprojection_error": 3.199249505996704,
        "std_reprojection_error": 1.69275963306427,
        "inliers": [
            0,
            1,
            2,
            3,
            4,
            5,
            6,
            7,
            8,
            9,
            10,
            11,
            12,
            13,
            14
        ],
        "mkpts0": [
            [
                591,
                284
            ],
            [
                602,
                348
            ],
            [
                715,
                384
            ],
            [
                598,
                298
            ],
            [
                519,
                327
            ],
            [
                387,
                289
            ],
            [
                727,
                126
            ],
            [
                425,
                243
            ],
            [
                650,
                377
            ],
            [
                516,
                389
            ],
            [
                496,
                378
            ],
            [
                480,
                281
            ],
            [
                834,
                225
            ],
            [
                816,
                414
            ],
            [
                752,
                77
            ]
        ],
        "mkpts1": [
            [
                678,
                359
            ],
            [
                664,
                375
            ],
            [
                690,
                399
            ],
            [
                678,
                364
            ],
            [
                642,
                355
            ],
            [
                609,
                327
            ],
            [
                767,
                334
            ],
            [
                630,
                322
            ],
            [
                673,
                388
            ],
            [
                631,
                375
            ],
            [
                624,
                365
            ],
            [
                640,
                340
            ],
            [
                785,
                390
            ],
            [
                712,
                419
            ],
            [
                785,
                321
            ]
        ],
        "mpts3D": [
            [
                0.02500000037252903,
                -0.014000000432133675,
                -0.010999999940395355
            ],
            [
                -0.023000000044703484,
                0.0,
                -0.06499999761581421
            ],
            [
                0.0,
                0.0,
                -0.15600000321865082
            ],
            [
                0.02500000037252903,
                0.0,
                -0.014999999664723873
            ],
            [
                -0.05700000002980232,
                -0.017999999225139618,
                -0.009999999776482582
            ],
            [
                -0.07400000095367432,
                -0.0,
                0.12800000607967377
            ],
            [
                0.20600000023841858,
                -0.07000000029802322,
                -0.0020000000949949026
            ],
            [
                -0.0,
                -0.0,
                0.15600000321865082
            ],
            [
                -0.028999999165534973,
                -0.0,
                -0.12700000405311584
            ],
            [
                -0.09000000357627869,
                -0.0,
                -0.041999999433755875
            ],
            [
                -0.09000000357627869,
                -0.0,
                -0.014999999664723873
            ],
            [
                -0.01899999938905239,
                -0.0,
                0.07400000095367432
            ],
            [
                0.23000000417232513,
                -0.0,
                -0.11299999803304672
            ],
            [
                -0.0,
                -0.02500000037252903,
                -0.23999999463558197
            ],
            [
                0.24300000071525574,
                -0.10400000214576721,
                0.0
            ]
        ],
        "mconf": [
            0.5107503533363342,
            0.4384154677391052,
            0.5062826871871948,
            0.32617053389549255,
            0.9111033082008362,
            0.8349076509475708,
            0.9469813704490662,
            0.5671151876449585,
            0.5364335775375366,
            0.45016440749168396,
            0.5222005248069763,
            0.6884549856185913,
            0.49793627858161926,
            0.31673187017440796,
            0.4200168550014496
        ],
        "kf_translation_vector": [
            0.11848873254632478,
            0.0032546626506216414,
            2.8055185809866106
        ],
        "kf_rotation_matrix": [
            [
                0.9772765753765148,
                0.0661939289411239,
                0.20136747252644507
            ],
            [
                -0.011883582942847758,
                0.9656048692182261,
                -0.25974221258488783
            ],
            [
                -0.21163476953655708,
                0.2514470129339183,
                0.9444496408013603
            ]
        ],
        "kf_euler_angles": [
            0.2602007864910459,
            0.21324731492016116,
            -0.012159298175884454
        ]
    },
    {
        "frame": 7,
        "object_rotation_in_cam": [
            [
                0.9309442041003271,
                -0.20666499054846027,
                -0.3010522720950855
            ],
            [
                0.037765194592164375,
                0.8745046535879111,
                -0.4835446214471873
            ],
            [
                0.36320335754150807,
                0.4387837651220616,
                0.8219197822998805
            ]
        ],
        "object_translation_in_cam": [
            0.07282311977069965,
            -0.004552624011433989,
            2.1772832885165423
        ],
        "raw_rvec": [
            0.4921252441365039,
            -0.35442578658985263,
            0.1304202128962983
        ],
        "refined_raw_rvec": [
            0.4921252441365039,
            -0.35442578658985263,
            0.1304202128962983
        ],
        "num_inliers": 11,
        "total_matches": 13,
        "inlier_ratio": 0.8461538461538461,
        "reprojection_errors": [
            2.2592954635620117,
            0.5110979676246643,
            1.2064367532730103,
            0.05975295975804329,
            0.9438819289207458,
            3.1903584003448486,
            3.208747625350952,
            2.5976145267486572,
            2.943667411804199,
            3.576300621032715,
            1.648773431777954
        ],
        "mean_reprojection_error": 2.013266086578369,
        "std_reprojection_error": 1.1491329669952393,
        "inliers": [
            0,
            1,
            2,
            3,
            4,
            5,
            6,
            8,
            10,
            11,
            12
        ],
        "mkpts0": [
            [
                591,
                284
            ],
            [
                602,
                348
            ],
            [
                715,
                384
            ],
            [
                598,
                298
            ],
            [
                519,
