[
    {
        "frame": 2,
        "rotation_matrix": [
            [
                0.9403511944354616,
                -0.14759412154382057,
                -0.30652178782185885
            ],
            [
                0.05229399523464538,
                -0.8275740346502357,
                0.5589155170820804
            ],
            [
                -0.3361621174168791,
                -0.5416061229883192,
                -0.7704919456784489
            ]
        ],
        "translation_vector": [
            0.0794762026644154,
            -0.2609548257158126,
            1.3817267889550426
        ],
        "camera_position": [
            0.40339503137451505,
            0.5441224715318492,
            1.234822251098013
        ],
        "num_inliers": 4,
        "total_matches": 5,
        "inlier_ratio": 0.8,
        "reprojection_errors": [
            0.9320219159126282,
            1.3331867456436157,
            0.03647620603442192,
            0.38939401507377625
        ],
        "mean_reprojection_error": 0.6727697253227234,
        "std_reprojection_error": 0.49712514877319336,
        "inliers": [
            0,
            1,
            3,
            4
        ],
        "mkpts0": [
            [
                418.0,
                153.0
            ],
            [
                417.0,
                204.0
            ],
            [
                289.0,
                26.0
            ],
            [
                349.0,
                338.0
            ],
            [
                390.0,
                349.0
            ]
        ],
        "mkpts1": [
            [
                601.0,
                275.0
            ],
            [
                605.0,
                298.0
            ],
            [
                27.0,
                665.0
            ],
            [
                588.0,
                362.0
            ],
            [
                609.0,
                370.0
            ]
        ],
        "mpts3D": [
            [
                -0.04500000178813934,
                0.07800000160932541,
                0.0
            ],
            [
                -0.04500000178813934,
                0.04600000008940697,
                0.0
            ],
            [
                -0.11999999731779099,
                0.1599999964237213,
                0.0
            ],
            [
                -0.07999999821186066,
                -0.03500000014901161,
                0.0
            ],
            [
                -0.05000000074505806,
                -0.03999999910593033,
                0.009999999776482582
            ]
        ],
        "mconf": [
            0.35634496808052063,
            0.41642752289772034,
            0.5570439696311951,
            0.24300938844680786,
            0.3049852252006531
        ],
        "kf_translation_vector": [
            0.07955653740263871,
            -0.26121859948593734,
            1.3831234417412301
        ],
        "kf_rotation_matrix": [
            [
                0.9402318856356208,
                -0.14695025759581284,
                -0.3071963916236796
            ],
            [
                0.052340321592832806,
                -0.8290186750529368,
                0.5567661332633587
            ],
            [
                -0.3364884722685812,
                -0.5395680292660022,
                -0.7717783683314523
            ]
        ],
        "kf_euler_angles": [
            -2.531455504012185,
            0.3431854280371574,
            0.05561006542810579
        ]
    },
    {
        "frame": 4,
        "rotation_matrix": [
            [
                0.976608950288639,
                -0.16980132630992797,
                -0.13191841342099442
            ],
            [
                -0.04848749633593811,
                -0.7716146676412377,
                0.6342395189358471
            ],
            [
                -0.20948489424107747,
                -0.6130075972321157,
                -0.7617990317797161
            ]
        ],
        "translation_vector": [
            0.08111211299845691,
            -0.26039667092280105,
            1.3637969017632217
        ],
        "camera_position": [
            0.19385405157380137,
            0.6488649155404331,
            1.2147931998619532
        ],
        "num_inliers": 7,
        "total_matches": 7,
        "inlier_ratio": 1.0,
        "reprojection_errors": [
            0.9281473755836487,
            0.8952256441116333,
            1.173658847808838,
            0.22662471234798431,
            1.076804757118225,
            0.48680469393730164,
            2.318277359008789
        ],
        "mean_reprojection_error": 1.0150775909423828,
        "std_reprojection_error": 0.6152745485305786,
        "inliers": [
            0,
            1,
            2,
            3,
            4,
            5,
            6
        ],
        "mkpts0": [
            [
                418.0,
                153.0
            ],
            [
                417.0,
                204.0
            ],
            [
                502.0,
                279.0
            ],
            [
                322.0,
                339.0
            ],
            [
                349.0,
                338.0
            ],
            [
                321.0,
                375.0
            ],
            [
                390.0,
                349.0
            ]
        ],
        "mkpts1": [
            [
                600.0,
                277.0
            ],
            [
                605.0,
                300.0
            ],
            [
                648.0,
                332.0
            ],
            [
                576.0,
                365.0
            ],
            [
                588.0,
                363.0
            ],
            [
                579.0,
                380.0
            ],
            [
                610.0,
                372.0
            ]
        ],
        "mpts3D": [
            [
                -0.04500000178813934,
                0.07800000160932541,
                0.0
            ],
            [
                -0.04500000178813934,
                0.04600000008940697,
                0.0
            ],
            [
                0.0,
                -0.0,
                0.0
            ],
            [
                -0.0949999988079071,
                -0.03500000014901161,
                0.0
            ],
            [
                -0.07999999821186066,
                -0.03500000014901161,
                0.0
            ],
            [
                -0.0949999988079071,
                -0.054999999701976776,
                0.0
            ],
            [
                -0.05000000074505806,
                -0.03999999910593033,
                0.009999999776482582
            ]
        ],
        "mconf": [
            0.4474198818206787,
            0.37534865736961365,
            0.22398051619529724,
            0.260939359664917,
            0.41755610704421997,
            0.27202630043029785,
            0.4438643455505371
        ],
        "kf_translation_vector": [
            0.08187055905122972,
            -0.26017902787666264,
            1.355805841737064
        ],
        "kf_rotation_matrix": [
            [
                0.9839271377740642,
                -0.17128988780289506,
                -0.05046941537415932
            ],
            [
                -0.09636346682522781,
                -0.7472625602767268,
                0.657504941631692
            ],
            [
                -0.15033785223010546,
                -0.6420735474578774,
                -0.7517579995195901
            ]
        ],
        "kf_euler_angles": [
            -2.4347254152434035,
            0.15091000007548167,
            -0.0976262624855384
        ]
    },
    {
        "frame": 5,
        "rotation_matrix": [
            [
                0.9765072052272051,
                -0.16343188423109634,
                -0.14044108143996648
            ],
            [
                -0.04926251258300638,
                -0.8038001420707759,
                0.5928562527805621
            ],
            [
                -0.20977817568413287,
                -0.5720099219626125,
                -0.7929676955481624
            ]
        ],
        "translation_vector": [
            0.08042338087717915,
            -0.26324705600927045,
            1.3805168987672483
        ],
        "camera_position": [
            0.19810009422011673,
            0.5912150871849489,
            1.2620677136453808
        ],
        "num_inliers": 7,
        "total_matches": 7,
        "inlier_ratio": 1.0,
        "reprojection_errors": [
            1.4449516534805298,
            0.3943694233894348,
            2.390469551086426,
            1.5459887981414795,
            0.7435189485549927,
            1.2147939205169678,
            3.3868894577026367
        ],
        "mean_reprojection_error": 1.5887117385864258,
        "std_reprojection_error": 0.939556896686554,
        "inliers": [
            0,
            1,
            2,
            3,
            4,
            5,
            6
        ],
        "mkpts0": [
            [
                418.0,
                153.0
            ],
            [
                417.0,
                204.0
            ],
            [
                417.0,
                243.0
            ],
            [
                502.0,
                279.0
            ],
            [
                349.0,
                338.0
            ],
            [
                321.0,
                375.0
            ],
            [
                390.0,
                349.0
            ]
        ],
        "mkpts1": [
            [
                600.0,
                277.0
            ],
            [
                604.0,
                301.0
            ],
            [
                607.0,
                316.0
            ],
            [
                647.0,
                332.0
            ],
            [
                587.0,
                364.0
            ],
            [
                579.0,
                381.0
            ],
            [
                608.0,
                373.0
            ]
        ],
        "mpts3D": [
            [
                -0.04500000178813934,
                0.07800000160932541,
                0.0
            ],
            [
                -0.04500000178813934,
                0.04600000008940697,
                0.0
            ],
            [
                -0.04500000178813934,
                0.023000000044703484,
                0.0
            ],
            [
                0.0,
                -0.0,
                0.0
            ],
            [
                -0.07999999821186066,
                -0.03500000014901161,
                0.0
            ],
            [
                -0.0949999988079071,
                -0.054999999701976776,
                0.0
            ],
            [
                -0.05000000074505806,
                -0.03999999910593033,
                0.009999999776482582
            ]
        ],
        "mconf": [
            0.5047105550765991,
            0.5648469924926758,
            0.3656057119369507,
            0.215231254696846,
            0.4235179126262665,
            0.23413139581680298,
            0.295280784368515
        ],
        "kf_translation_vector": [
            0.08096698074391141,
            -0.2633724354697139,
            1.3757330030625956
        ],
        "kf_rotation_matrix": [
            [
                0.98293247224434,
                -0.1682055473736772,
                -0.07450267673279538
            ],
            [
                -0.08872485135817734,
                -0.7882086928075925,
                0.6089786181254769
            ],
            [
                -0.1611572392388847,
                -0.5919746197391133,
                -0.7896799312541969
            ]
        ],
        "kf_euler_angles": [
            -2.4983228309606065,
            0.1618631071383166,
            -0.09002149459266537
        ]
    },
    {
        "frame": 10,
        "rotation_matrix": [
            [
                0.9911455563180951,
                -0.13038444762843193,
                -0.025107409414807515
            ],
            [
                -0.13276478693336147,
                -0.9760019141579885,
                -0.1726087335869231
            ],
            [
                -0.0019993852638263074,
                0.17441375913777832,
                -0.9846704235844579
            ]
        ],
        "translation_vector": [
            0.07782221292500426,
            -0.2811060606266718,
            1.4527603275740408
        ],
        "camera_position": [
            -0.11154949917741225,
            -0.517594636866013,
            1.3839226801521225
        ],
        "num_inliers": 10,
        "total_matches": 12,
        "inlier_ratio": 0.8333333333333334,
        "reprojection_errors": [
            0.9135885238647461,
            1.962454915046692,
            0.18544623255729675,
            3.407947540283203,
            1.6513890027999878,
            1.4488036632537842,
            2.8627798557281494,
            0.9976121783256531,
            1.194564938545227,
            1.8905010223388672
        ],
        "mean_reprojection_error": 1.6515086889266968,
        "std_reprojection_error": 0.898743212223053,
        "inliers": [
            0,
            1,
            2,
            3,
            5,
            6,
            7,
            8,
            9,
            10
        ],
        "mkpts0": [
            [
                515.0,
                318.0
            ],
            [
                606.0,
                317.0
            ],
            [
                515.0,
                414.0
            ],
            [
                420.0,
                434.0
            ],
            [
                500.0,
                123.0
            ],
            [
                418.0,
                153.0
            ],
            [
                417.0,
                204.0
            ],
            [
                502.0,
                279.0
            ],
            [
                322.0,
                339.0
            ],
            [
                349.0,
                338.0
            ],
            [
                321.0,
                375.0
            ],
            [
                390.0,
                349.0
            ]
        ],
        "mkpts1": [
            [
                652.0,
                349.0
            ],
            [
                691.0,
                342.0
            ],
            [
                659.0,
                391.0
            ],
            [
                621.0,
                402.0
            ],
            [
                632.0,
                258.0
            ],
            [
                596.0,
                276.0
            ],
            [
                600.0,
                301.0
            ],
            [
                643.0,
                332.0
            ],
            [
                571.0,
                365.0
            ],
            [
                584.0,
                364.0
            ],
            [
                575.0,
                381.0
            ],
            [
                605.0,
                373.0
            ]
        ],
        "mpts3D": [
            [
                0.009999999776482582,
                -0.02500000037252903,
                0.0
            ],
            [
                0.05999999865889549,
                -0.02500000037252903,
                0.0
            ],
            [
                0.009999999776482582,
                -0.07999999821186066,
                0.0
            ],
            [
                -0.03500000014901161,
                -0.08699999749660492,
                0.0
            ],
            [
                0.0,
                0.04500000178813934,
                0.0
            ],
            [
                -0.04500000178813934,
                0.07800000160932541,
                0.0
            ],
            [
                -0.04500000178813934,
                0.04600000008940697,
                0.0
            ],
            [
                0.0,
                -0.0,
                0.0
            ],
            [
                -0.0949999988079071,
                -0.03500000014901161,
                0.0
            ],
            [
                -0.07999999821186066,
                -0.03500000014901161,
                0.0
            ],
            [
                -0.0949999988079071,
                -0.054999999701976776,
                0.0
            ],
            [
                -0.05000000074505806,
                -0.03999999910593033,
                0.009999999776482582
            ]
        ],
        "mconf": [
            0.43601563572883606,
            0.3871079087257385,
            0.4857708513736725,
            0.2075044959783554,
            0.21450218558311462,
            0.6791590452194214,
            0.519529402256012,
            0.5815412998199463,
            0.4414271116256714,
            0.764743983745575,
            0.38519442081451416,
            0.6110272407531738
        ],
        "kf_translation_vector": [
            0.07805631158901688,
            -0.28142284882558405,
            1.4519662138171059
        ],
        "kf_rotation_matrix": [
            [
                0.987624862501207,
                -0.15511341694487682,
                -0.02317237262683799
            ],
            [
                -0.15505544555873388,
                -0.9435111787648022,
                -0.29282155717849045
            ],
            [
                0.023557159677150132,
                0.29279085270810334,
                -0.955886278172465
            ]
        ],
        "kf_euler_angles": [
            2.844363351221664,
            -0.02355933902222996,
            -0.15572714563910578
        ]
    },
    {
        "frame": 11,
        "rotation_matrix": [
            [
                0.9802186753730605,
                -0.16430032215470744,
                -0.1103483239099815
            ],
            [
                -0.05623394981340282,
                -0.7657703510344409,
                0.6406508505925617
            ],
            [
                -0.18976061587765397,
                -0.6217726060357183,
                -0.7598616552013169
            ]
        ],
        "translation_vector": [
            0.07437065048932871,
            -0.2591209248815593,
            1.353891281971058
        ],
        "camera_position": [
            0.16944434990353965,
            0.6556045109075155,
            1.2029827880424555
        ],
        "num_inliers": 6,
        "total_matches": 6,
        "inlier_ratio": 1.0,
        "reprojection_errors": [
            0.666183352470398,
            0.32494163513183594,
            1.5546576976776123,
            0.26422175765037537,
            1.456426978111267,
            2.827707290649414
        ],
        "mean_reprojection_error": 1.1823564767837524,
        "std_reprojection_error": 0.8912041187286377,
        "inliers": [
            0,
            1,
            2,
            3,
            4,
            5
        ],
        "mkpts0": [
            [
                418.0,
                153.0
            ],
            [
                417.0,
                204.0
            ],
            [
                502.0,
                279.0
            ],
            [
                322.0,
                339.0
            ],
            [
                349.0,
                338.0
            ],
            [
                390.0,
                349.0
            ]
        ],
        "mkpts1": [
            [
                595.0,
                276.0
            ],
            [
                599.0,
                300.0
            ],
            [
                643.0,
                331.0
            ],
            [
                570.0,
                365.0
            ],
            [
                583.0,
                363.0
            ],
            [
                604.0,
                372.0
            ]
        ],
        "mpts3D": [
            [
                -0.04500000178813934,
                0.07800000160932541,
                0.0
            ],
            [
                -0.04500000178813934,
                0.04600000008940697,
                0.0
            ],
            [
                0.0,
                -0.0,
                0.0
            ],
            [
                -0.0949999988079071,
                -0.03500000014901161,
                0.0
            ],
            [
                -0.07999999821186066,
                -0.03500000014901161,
                0.0
            ],
            [
                -0.05000000074505806,
                -0.03999999910593033,
                0.009999999776482582
            ]
        ],
        "mconf": [
            0.5453562140464783,
            0.41000306606292725,
            0.23676173388957977,
            0.20267418026924133,
            0.44346705079078674,
            0.2675442099571228
        ],
        "kf_translation_vector": [
            0.0737654417312408,
            -0.26532408087611303,
            1.3795598486734164
        ],
        "kf_rotation_matrix": [
            [
                0.9889048893479646,
                -0.022642069085630327,
                0.146814360779903
            ],
            [
                -0.08814128361490298,
                0.7061094306667713,
                0.7025956063385006
            ],
            [
                -0.11957522296197992,
                -0.7077406365547833,
                0.696279367368173
            ]
        ],
        "kf_euler_angles": [
            -0.7935611629140095,
            0.11986202458063566,
            -0.08889528919371208
        ]
    },
    {
        "frame": 47,
        "rotation_matrix": [
            [
                0.9153603277916685,
                -0.4013339838044441,
                -0.03234971018083785
            ],
            [
                -0.27197043051305575,
                -0.6755492877936395,
                0.6853212711481016
            ],
            [
                -0.2968965396087888,
                -0.6185177387958738,
                -0.7275219938690282
            ]
        ],
        "translation_vector": [
            0.0641872014208332,
            -0.25362263370599736,
            1.328639306071656
        ],
        "camera_position": [
            0.2667361377514182,
            0.6762128949538071,
            1.1425037401726197
        ],
        "num_inliers": 4,
        "total_matches": 4,
        "inlier_ratio": 1.0,
        "reprojection_errors": [
            0.04746028035879135,
            0.11349952965974808,
            0.5103587508201599,
            0.5813103914260864
        ],
        "mean_reprojection_error": 0.31315723061561584,
        "std_reprojection_error": 0.23518748581409454,
        "inliers": [
            0,
            1,
            2,
            3
        ],
        "mkpts0": [
            [
                417.0,
                204.0
            ],
            [
                502.0,
                279.0
            ],
            [
                322.0,
                339.0
            ],
            [
                349.0,
                338.0
            ]
        ],
        "mkpts1": [
            [
                584.0,
                313.0
            ],
            [
                635.0,
                333.0
            ],
            [
                573.0,
                383.0
            ],
            [
                585.0,
                378.0
            ]
        ],
        "mpts3D": [
            [
                -0.04500000178813934,
                0.04600000008940697,
                0.0
            ],
            [
                0.0,
                -0.0,
                0.0
            ],
            [
                -0.0949999988079071,
                -0.03500000014901161,
                0.0
            ],
            [
                -0.07999999821186066,
                -0.03500000014901161,
                0.0
            ]
        ],
        "mconf": [
            0.3352877199649811,
            0.3046088218688965,
            0.3133133351802826,
            0.41942673921585083
        ],
        "kf_translation_vector": [
            0.06277981072468583,
            -0.25238694985831495,
            1.3223978476337335
        ],
        "kf_rotation_matrix": [
            [
                0.918387671470268,
                -0.38070907167972406,
                -0.10781784468343848
            ],
            [
                -0.2560184433090345,
                -0.7795005716179592,
                0.5716934629090082
            ],
            [
                -0.3016929591108119,
                -0.49743287143898884,
                -0.813352258763031
            ]
        ],
        "kf_euler_angles": [
            -2.592699336855617,
            0.3064678538371074,
            -0.27186726765770575
        ]
    },
    {
        "frame": 52,
        "rotation_matrix": [
            [
                0.8990073983408707,
                -0.43530923677913397,
                0.04787030502458625
            ],
            [
                -0.38193836379383655,
                -0.8328409810609676,
                -0.40062324761288115
            ],
            [
                0.2142633519547055,
                0.34187975757592437,
                -0.914991501255045
            ]
        ],
        "translation_vector": [
            0.06508929069829483,
            -0.2540573808001727,
            1.349071439353619
        ],
        "camera_position": [
            -0.4446065828453579,
            -0.6444756454538444,
            1.1294917644187232
        ],
        "num_inliers": 4,
        "total_matches": 4,
        "inlier_ratio": 1.0,
        "reprojection_errors": [
            0.05970180407166481,
            0.12692661583423615,
            0.6165957450866699,
            0.688101589679718
        ],
        "mean_reprojection_error": 0.37283143401145935,
        "std_reprojection_error": 0.2816627621650696,
        "inliers": [
            0,
            1,
            2,
            3
        ],
        "mkpts0": [
            [
                417.0,
                204.0
            ],
            [
                502.0,
                279.0
            ],
            [
                322.0,
                339.0
            ],
            [
                349.0,
                338.0
            ]
        ],
        "mkpts1": [
            [
                584.0,
                318.0
            ],
            [
                635.0,
                336.0
            ],
            [
                576.0,
                389.0
            ],
            [
                588.0,
                383.0
            ]
        ],
        "mpts3D": [
            [
                -0.04500000178813934,
                0.04600000008940697,
                0.0
            ],
            [
                0.0,
                -0.0,
                0.0
            ],
            [
                -0.0949999988079071,
                -0.03500000014901161,
                0.0
            ],
            [
                -0.07999999821186066,
                -0.03500000014901161,
                0.0
            ]
        ],
        "mconf": [
            0.38379642367362976,
            0.22305241227149963,
            0.3043283224105835,
            0.4930671453475952
        ],
        "kf_translation_vector": [
            0.06040649916891946,
            -0.24835661256607994,
            1.3228063853457914
        ],
        "kf_rotation_matrix": [
            [
                0.9011687640943876,
                -0.11250135576034567,
                -0.41861474361598655
            ],
            [
                -0.42044742692244563,
                0.008063414041626778,
                -0.9072810714151861
            ],
            [
                0.10544581459161259,
                0.9936188536385959,
                -0.04003440868844986
            ]
        ],
        "kf_euler_angles": [
            1.6110660595842614,
            -0.10564220431924179,
            -0.43653785935341116
        ]
    },
    {
        "frame": 183,
        "rotation_matrix": [
            [
                0.8047988325200919,
                -0.5858572439093211,
                0.09523722451474441
            ],
            [
                -0.518888781945999,
                -0.6165454302689028,
                0.5921369473231098
            ],
            [
                -0.2881896444095367,
                -0.5259686513220231,
                -0.8001897941623581
            ]
        ],
        "translation_vector": [
            0.12540867715241502,
            -0.29824254717437615,
            1.3812549661827955
        ],
        "camera_position": [
            0.14237990855518956,
            0.6160883140817199,
            1.2699229841791881
        ],
        "num_inliers": 4,
        "total_matches": 5,
        "inlier_ratio": 0.8,
        "reprojection_errors": [
            0.13172468543052673,
            0.1825307011604309,
            0.13725417852401733,
            0.19339556992053986
        ],
        "mean_reprojection_error": 0.161226287484169,
        "std_reprojection_error": 0.027082037180662155,
        "inliers": [
            1,
            2,
            3,
            4
        ],
        "mkpts0": [
            [
                500.0,
                123.0
            ],
            [
                418.0,
                153.0
            ],
            [
                417.0,
                204.0
            ],
            [
                322.0,
                339.0
            ],
            [
                349.0,
                338.0
            ]
        ],
        "mkpts1": [
            [
                641.0,
                243.0
            ],
            [
                616.0,
                278.0
            ],
            [
                631.0,
                298.0
            ],
            [
                636.0,
                370.0
            ],
            [
                646.0,
                363.0
            ]
        ],
        "mpts3D": [
            [
                0.0,
                0.04500000178813934,
                0.0
            ],
            [
                -0.04500000178813934,
                0.07800000160932541,
                0.0
            ],
            [
                -0.04500000178813934,
                0.04600000008940697,
                0.0
            ],
            [
                -0.0949999988079071,
                -0.03500000014901161,
                0.0
            ],
            [
                -0.07999999821186066,
                -0.03500000014901161,
                0.0
            ]
        ],
        "mconf": [
            0.27663400769233704,
            0.40307360887527466,
            0.3257891833782196,
            0.20666082203388214,
            0.2113313525915146
        ],
        "kf_translation_vector": [
            0.11451982107714884,
            -0.2873244712718586,
            1.3567708626706623
        ],
        "kf_rotation_matrix": [
            [
                0.7923718117150801,
                -0.12721397483552346,
                0.5966267816700056
            ],
            [
                -0.5804492585489983,
                0.14367450995969938,
                0.8015212370472528
            ],
            [
                -0.18768476296513745,
                -0.9814144077780738,
                0.0400023743836928
            ]
        ],
        "kf_euler_angles": [
            -1.5300589551075574,
            0.18880448852868142,
            -0.6322370241551959
        ]
    },
    {
        "frame": 185,
        "rotation_matrix": [
            [
                0.834041344335337,
                -0.5506588924233153,
                0.033908997838777044
            ],
            [
                -0.42302365966159483,
                -0.5988467089072023,
                0.6800247073434345
            ],
            [
                -0.3541553604081318,
                -0.5815130294551791,
                -0.732404654045867
            ]
        ],
        "translation_vector": [
            0.12324086065025006,
            -0.28006131650380667,
            1.2993014830080054
        ],
        "camera_position": [
            0.23889404886265725,
            0.6557106197060321,
            1.1378840938800399
        ],
        "num_inliers": 4,
        "total_matches": 5,
        "inlier_ratio": 0.8,
        "reprojection_errors": [
            0.465736985206604,
            0.7083103060722351,
            0.13447792828083038,
            0.11032862216234207
        ],
        "mean_reprojection_error": 0.35471346974372864,
        "std_reprojection_error": 0.24778246879577637,
        "inliers": [
            1,
            2,
            3,
            4
        ],
        "mkpts0": [
            [
                500.0,
                123.0
            ],
            [
                418.0,
                153.0
            ],
            [
                417.0,
                204.0
            ],
            [
                502.0,
                279.0
            ],
            [
                322.0,
                339.0
            ]
        ],
        "mkpts1": [
            [
                645.0,
                241.0
            ],
            [
                618.0,
                274.0
            ],
            [
                632.0,
                295.0
            ],
            [
                687.0,
                306.0
            ],
            [
                634.0,
                367.0
            ]
        ],
        "mpts3D": [
            [
                0.0,
                0.04500000178813934,
                0.0
            ],
            [
                -0.04500000178813934,
                0.07800000160932541,
                0.0
            ],
            [
                -0.04500000178813934,
                0.04600000008940697,
                0.0
            ],
            [
                0.0,
                -0.0,
                0.0
            ],
            [
                -0.0949999988079071,
                -0.03500000014901161,
                0.0
            ]
        ],
        "mconf": [
            0.3306533694267273,
            0.5733353495597839,
            0.5420158505439758,
            0.290662944316864,
            0.2549118399620056
        ],
        "kf_translation_vector": [
            0.1344736101454405,
            -0.28795940901056954,
            1.3043165475759801
        ],
        "kf_rotation_matrix": [
            [
                0.7672229861953971,
                -0.6300771857811034,
                -0.11988173093337642
            ],
            [
                -0.524550679857184,
                -0.7239684405866798,
                0.44801370659373496
            ],
            [
                -0.36907380524061,
                -0.2808423703657552,
                -0.8859526450621164
            ]
        ],
        "kf_euler_angles": [
            -2.8346181460900026,
            0.3780122720813031,
            -0.5997026827661406
        ]
    },
    {
        "frame": 186,
        "rotation_matrix": [
            [
                0.8708943752439989,
                -0.4891969445694546,
                -0.04721585107010869
            ],
            [
                -0.4707346413685892,
                -0.8026809759125237,
                -0.3662132552539627
            ],
            [
                0.14125114011557713,
                0.3411592008608713,
                -0.9293322952980926
            ]
        ],
        "translation_vector": [
            0.12380116730859378,
            -0.2814427860119936,
            1.3061183854932572
        ],
        "camera_position": [
            -0.4247933202736674,
            -0.6109399219827217,
            1.116595295766239
        ],
        "num_inliers": 5,
        "total_matches": 5,
        "inlier_ratio": 1.0,
        "reprojection_errors": [
            0.8248765468597412,
            1.222764492034912,
            0.22418366372585297,
            0.7437857985496521,
            1.0229398012161255
        ],
        "mean_reprojection_error": 0.8077100515365601,
        "std_reprojection_error": 0.33570167422294617,
        "inliers": [
            0,
            1,
            2,
            3,
            4
        ],
        "mkpts0": [
            [
                418.0,
                153.0
            ],
            [
                417.0,
                204.0
            ],
            [
                502.0,
                279.0
            ],
            [
                322.0,
                339.0
            ],
            [
                349.0,
                338.0
            ]
        ],
        "mkpts1": [
            [
                619.0,
                272.0
            ],
            [
                633.0,
                294.0
            ],
            [
                687.0,
                306.0
            ],
            [
                633.0,
                366.0
            ],
            [
                643.0,
                359.0
            ]
        ],
        "mpts3D": [
            [
                -0.04500000178813934,
                0.07800000160932541,
                0.0
            ],
            [
                -0.04500000178813934,
                0.04600000008940697,
                0.0
            ],
            [
                0.0,
                -0.0,
                0.0
            ],
            [
                -0.0949999988079071,
                -0.03500000014901161,
                0.0
            ],
            [
                -0.07999999821186066,
                -0.03500000014901161,
                0.0
            ]
        ],
        "mconf": [
            0.5603615641593933,
            0.6046985983848572,
            0.3094156086444855,
            0.43480896949768066,
            0.4020688831806183
        ],
        "kf_translation_vector": [
            0.14116098518563025,
            -0.28810730955561964,
            1.289046933847388
        ],
        "kf_rotation_matrix": [
            [
                0.8339508793677415,
                0.3932453442987907,
                -0.38714858903151944
            ],
            [
                -0.5493882715702154,
                0.5256015974862249,
                -0.649550219598931
            ],
            [
                -0.05194668288603217,
                0.7543878709969122,
                0.6543702944280738
            ]
        ],
        "kf_euler_angles": [
            0.8562762153285725,
            0.05197007395691161,
            -0.5825211320170662
        ]
    },
    {
        "frame": 188,
        "rotation_matrix": [
            [
                0.8582703239173393,
                -0.4916141713394342,
                0.14726696038510204
            ],
            [
                -0.4450161600343273,
                -0.5700200571114791,
                0.6906791960084857
            ],
            [
                -0.2556025594377485,
                -0.6583256344916759,
