[
  {
    "frame": 1,
    "pose_estimation_failed": true,
    "tracking_method": "failed",
    "timestamp": 1742367852.3737867,
    "image_file": "webcam_000001",
    "frame_idx": 1,
    "image_name": "webcam_000001"
  },
  {
    "frame": 2,
    "pose_estimation_failed": true,
    "tracking_method": "failed",
    "timestamp": 1742367852.5019758,
    "image_file": "webcam_000002",
    "frame_idx": 2,
    "image_name": "webcam_000002"
  },
  {
    "frame": 3,
    "pose_estimation_failed": true,
    "tracking_method": "failed",
    "timestamp": 1742367852.638199,
    "image_file": "webcam_000003",
    "frame_idx": 3,
    "image_name": "webcam_000003"
  },
  {
    "frame": 4,
    "pose_estimation_failed": true,
    "tracking_method": "failed",
    "timestamp": 1742367852.7707453,
    "image_file": "webcam_000004",
    "frame_idx": 4,
    "image_name": "webcam_000004"
  },
  {
    "frame": 5,
    "pose_estimation_failed": true,
    "tracking_method": "failed",
    "timestamp": 1742367852.9062123,
    "image_file": "webcam_000005",
    "frame_idx": 5,
    "image_name": "webcam_000005"
  },
  {
    "frame": 6,
    "pose_estimation_failed": true,
    "tracking_method": "failed",
    "timestamp": 1742367853.0419815,
    "image_file": "webcam_000006",
    "frame_idx": 6,
    "image_name": "webcam_000006"
  },
  {
    "frame": 7,
    "pose_estimation_failed": true,
    "tracking_method": "failed",
    "timestamp": 1742367853.1740408,
    "image_file": "webcam_000007",
    "frame_idx": 7,
    "image_name": "webcam_000007"
  },
  {
    "frame": 8,
    "pose_estimation_failed": true,
    "tracking_method": "failed",
    "timestamp": 1742367853.3099914,
    "image_file": "webcam_000008",
    "frame_idx": 8,
    "image_name": "webcam_000008"
  },
  {
    "frame": 9,
    "object_rotation_in_cam": [
      [
        0.38299465101554453,
        -0.25802392113097833,
        -0.8869829499024635
      ],
      [
        -0.4721542583321012,
        0.7706146368214334,
        -0.4280460697815528
      ],
      [
        0.7939681691556311,
        0.5827321319789781,
        0.1733141907833578
      ]
    ],
    "object_translation_in_cam": [
      0.005405936504509794,
      -0.10385323394231524,
      0.65660580233235
    ],
    "raw_rvec": [
      0.7205710882631322,
      -1.198328946021121,
      -0.15265082867677404
    ],
    "refined_raw_rvec": [
      0.7205710882631322,
      -1.198328946021121,
      -0.15265082867677404
    ],
    "num_inliers": 6,
    "total_matches": 10,
    "inlier_ratio": 0.6,
    "reprojection_errors": [
      0.7543209195137024,
      0.7885419726371765,
      1.0638012886047363,
      1.2745308876037598,
      1.5548495054244995,
      1.6801010370254517
    ],
    "mean_reprojection_error": 1.1860243082046509,
    "std_reprojection_error": 0.35291069746017456,
    "inliers": [
      0,
      1,
      4,
      5,
      7,
      9
    ],
    "mkpts0": [
      [
        590.125,
        283.875
      ],
      [
        597.625,
        297.625
      ],
      [
        540.125,
        313.875
      ],
      [
        518.875,
        327.625
      ],
      [
        602.625,
        347.625
      ],
      [
        636.375,
        357.625
      ],
      [
        617.625,
        368.875
      ],
      [
        715.125,
        383.875
      ],
      [
        595.125,
        388.875
      ],
      [
        702.625,
        391.375
      ]
    ],
    "mkpts1": [
      [
        666.375,
        62.625
      ],
      [
        666.375,
        91.375
      ],
      [
        611.375,
        111.375
      ],
      [
        587.625,
        133.875
      ],
      [
        730.125,
        177.625
      ],
      [
        792.625,
        196.375
      ],
      [
        775.125,
        213.875
      ],
      [
        936.375,
        242.625
      ],
      [
        757.625,
        246.375
      ],
      [
        932.625,
        257.625
      ]
    ],
    "mpts3D": [
      [
        0.02500000037252903,
        -0.014000000432133675,
        -0.010999999940395355
      ],
      [
        0.02500000037252903,
        0.0,
        -0.014999999664723873
      ],
      [
        -0.03500000014901161,
        -0.017999999225139618,
        -0.009999999776482582
      ],
      [
        -0.05700000002980232,
        -0.017999999225139618,
        -0.009999999776482582
      ],
      [
        -0.023000000044703484,
        0.0,
        -0.06499999761581421
      ],
      [
        -0.017000000923871994,
        -0.0,
        -0.09200000017881393
      ],
      [
        -0.03700000047683716,
        -0.0,
        -0.09700000286102295
      ],
      [
        0.0,
        0.0,
        -0.15600000321865082
      ],
      [
        -0.052000001072883606,
        -0.0,
        -0.09700000286102295
      ],
      [
        -0.014000000432133675,
        0.0,
        -0.15600000321865082
      ]
    ],
    "mconf": [
      0.1517454832792282,
      0.8461604714393616,
      0.9773217439651489,
      0.9819943904876709,
      0.9992111325263977,
      0.9996737837791443,
      0.9994347095489502,
      0.9324220418930054,
      0.9989539384841919,
      0.9923678636550903
    ],
    "coverage_score": 0.4854752972273344,
    "pose_estimation_failed": false,
    "tracking_method": "pnp",
    "timestamp": 1742367853.441981,
    "image_file": "webcam_000009",
    "frame_idx": 9,
    "image_name": "webcam_000009"
  },
  {
    "frame": 10,
    "kf_translation_vector": [
      0.015953106843523697,
      -0.08718369872593182,
      0.66852604029071
    ],
    "kf_quaternion": [
      0.3604766978678291,
      -0.4952526598576472,
      -0.1339863020952418,
      0.7789923132156531
    ],
    "kf_rotation_matrix": [
      [
        0.47354494750953646,
        -0.14830548805472024,
        -0.8681939097350556
      ],
      [
        -0.5658026856882551,
        0.704208442290297,
        -0.42890300847048307
      ],
      [
        0.674998150779799,
        0.6943312984591181,
        0.24956270639646294
      ]
    ],
    "raw_pnp_translation": [
      0.01605788002668867,
      -0.08701810736726752,
      0.6686444532142561
    ],
    "raw_pnp_rotation": [
      [
        0.4776586920450361,
        -0.14231282746322824,
        -0.8669424623660135
      ],
      [
        -0.5702983367380403,
        0.7003966093636994,
        -0.42919039680036886
      ],
      [
        0.6682828600432978,
        0.6994223679088728,
        0.25338975954267595
      ]
    ],
    "pose_estimation_failed": false,
    "num_inliers": 7,
    "reprojection_error": 2.088660955429077,
    "tracking_method": "loosely_coupled",
    "timestamp": 1742367853.577965,
    "image_file": "webcam_000010",
    "frame_idx": 10,
    "image_name": "webcam_000010"
  },
  {
    "frame": 11,
    "kf_translation_vector": [
      0.014564001566485733,
      -0.07770772349654283,
      0.6667103224056916
    ],
    "kf_quaternion": [
      0.3233774405911426,
      -0.5306794690720642,
      -0.0835378039303711,
      0.7789915065882329
    ],
    "kf_rotation_matrix": [
      [
        0.4228014728397659,
        -0.21306905748399668,
        -0.8808180807109979
      ],
      [
        -0.4733700164471654,
        0.7768969324624259,
        -0.4151529644110508
      ],
      [
        0.7727611158005655,
        0.592480154159913,
        0.2276126640442282
      ]
    ],
    "raw_pnp_translation": [
      0.013684372647356186,
      -0.07174422346267148,
      0.665561327181804
    ],
    "raw_pnp_rotation": [
      [
        0.36415027757938234,
        -0.2651433239992002,
        -0.8928009817857023
      ],
      [
        -0.37746099169208275,
        0.8343433717782381,
        -0.4017391413847427
      ],
      [
        0.8514210327973395,
        0.48329096381825304,
        0.20374510841228988
      ]
    ],
    "pose_estimation_failed": false,
    "num_inliers": 8,
    "reprojection_error": 1.4504163265228271,
    "tracking_method": "loosely_coupled",
    "timestamp": 1742367853.712193,
    "image_file": "webcam_000011",
    "frame_idx": 11,
    "image_name": "webcam_000011"
  },
  {
    "frame": 12,
    "kf_translation_vector": [
      0.013932257133174388,
      -0.07261664385889637,
      0.6694763638782931
    ],
    "kf_quaternion": [
      0.31258350950109487,
      -0.5289270078672295,
      -0.09793250074046847,
      0.7829029283604174
    ],
    "kf_rotation_matrix": [
      [
        0.4212908912946759,
        -0.17732443755536056,
        -0.8894211762476835
      ],
      [
        -0.4840110040008466,
        0.7854015497733942,
        -0.38584680071194466
      ],
      [
        0.7669728371449865,
        0.5930433790703895,
        0.2450555398731974
      ]
    ],
    "raw_pnp_translation": [
      0.013421258108014492,
      -0.06850932155013445,
      0.6717964200970217
    ],
    "raw_pnp_rotation": [
      [
        0.42065351128059336,
        -0.124549880772789,
        -0.8986311538372079
      ],
      [
        -0.5001353218213214,
        0.7945819258279723,
        -0.34424442335961525
      ],
      [
        0.7569116747111192,
        0.5942448067480226,
        0.2719518823965265
      ]
    ],
    "pose_estimation_failed": false,
    "num_inliers": 8,
    "reprojection_error": 2.257629871368408,
    "tracking_method": "loosely_coupled",
    "timestamp": 1742367853.845857,
    "image_file": "webcam_000012",
    "frame_idx": 12,
    "image_name": "webcam_000012"
  },
  {
    "frame": 13,
    "kf_translation_vector": [
      0.011122333588310097,
      -0.06901526089024511,
      0.6682939408151286
    ],
    "kf_quaternion": [
      0.29905461310980425,
      -0.5415549389515125,
      -0.07838369533018699,
      0.7817548098869321
    ],
    "kf_rotation_matrix": [
      [
        0.401148488807216,
        -0.2013553438095254,
        -0.8936083680489093
      ],
      [
        -0.44646266717386757,
        0.8088446693682594,
        -0.3826766097562634
      ],
      [
        0.7998443453245658,
        0.5524729191135969,
        0.23456917294993773
      ]
    ],
    "raw_pnp_translation": [
      0.008628701487675184,
      -0.06593339240646509,
      0.6672207875673646
    ],
    "raw_pnp_rotation": [
      [
        0.355616476810219,
        -0.2507258625542738,
        -0.900374068522357
      ],
      [
        -0.36496474594362854,
        0.8496111044381791,
        -0.38073836874373446
      ],
      [
        0.8604287626755566,
        0.46400163045161014,
        0.21062960689052665
      ]
    ],
    "pose_estimation_failed": false,
    "num_inliers": 8,
    "reprojection_error": 1.2302870750427246,
    "tracking_method": "loosely_coupled",
    "timestamp": 1742367853.9818692,
    "image_file": "webcam_000013",
    "frame_idx": 13,
    "image_name": "webcam_000013"
  },
  {
    "frame": 14,
    "kf_translation_vector": [
      0.009643302420614421,
      -0.06798477503833732,
      0.6707196124301906
    ],
    "kf_quaternion": [
      0.2970752145549934,
      -0.5386234093993526,
      -0.0909891737812817,
      0.7831679960255794
    ],
    "kf_rotation_matrix": [
      [
        0.40321158620323416,
        -0.17750371204269028,
        -0.8977264889500242
      ],
      [
        -0.4625429476039286,
        0.8069345743034086,
        -0.36730180290279824
      ],
      [
        0.7896039756570007,
        0.5633373989048147,
        0.24326227948824397
      ]
    ],
    "raw_pnp_translation": [
      0.008315365665761743,
      -0.0671441614134236,
      0.6729363638045455
    ],
    "raw_pnp_rotation": [
      [
        0.41022410272564996,
        -0.1304151008704905,
        -0.9026118141304573
      ],
      [
        -0.4968848410711335,
        0.7979608905658097,
        -0.3411214913211047
      ],
      [
        0.7647363207384947,
        0.5884303855107755,
        0.2625415036732103
      ]
    ],
    "pose_estimation_failed": false,
    "num_inliers": 8,
    "reprojection_error": 2.1175761222839355,
    "tracking_method": "loosely_coupled",
    "timestamp": 1742367854.1138098,
    "image_file": "webcam_000014",
    "frame_idx": 14,
    "image_name": "webcam_000014"
  },
  {
    "frame": 15,
    "kf_translation_vector": [
      0.008221579198695749,
      -0.06937288878309666,
      0.6737693825167989
    ],
    "kf_quaternion": [
      0.2978987581026546,
      -0.5374749520935104,
      -0.10000998733079101,
      0.7825439337360364
    ],
    "kf_rotation_matrix": [
      [
        0.4022373566123475,
        -0.16370182368242434,
        -0.9007812286390964
      ],
      [
        -0.47675065927733773,
        0.8025086647099822,
        -0.35873200574248354
      ],
      [
        0.7816098245442769,
        0.5737434583404415,
        0.24475401158594967
      ]
    ],
    "raw_pnp_translation": [
      0.006926811152512066,
      -0.07072099326789577,
      0.6765802049941139
    ],
    "raw_pnp_rotation": [
      [
        0.39867111487952805,
        -0.13377251336355261,
        -0.9072851022854458
      ],
      [
        -0.5082716712418152,
        0.7912384103103167,
        -0.34000247978897835
      ],
      [
        0.7633618083017817,
        0.596696482910701,
        0.24745112024040858
      ]
    ],
    "pose_estimation_failed": false,
    "num_inliers": 7,
    "reprojection_error": 2.0582046508789062,
    "tracking_method": "loosely_coupled",
    "timestamp": 1742367854.2498374,
    "image_file": "webcam_000015",
    "frame_idx": 15,
    "image_name": "webcam_000015"
  },
  {
    "frame": 16,
    "kf_translation_vector": [
      0.008206879858543617,
      -0.06933288823471484,
      0.6737792971855565
    ],
    "kf_quaternion": [
      0.2983798421471014,
      -0.5371498317680666,
      -0.10038856565101202,
      0.7825354074534526
    ],
    "kf_rotation_matrix": [
      [
        0.40278438823614027,
        -0.16343414977383086,
        -0.900585373677001
      ],
      [
        -0.47766457827536035,
        0.8017832113736066,
        -0.35913818039920054
      ],
      [
        0.7807696761877093,
        0.574832985002715,
        0.24487905606361715
      ]
    ],
    "raw_pnp_translation": [
      0.001312313207090427,
      -0.0641711342665336,
      0.6151677562490114
    ],
    "raw_pnp_rotation": [
      [
        0.16416632849301926,
        0.26241461362708307,
        -0.9508879992638837
      ],
      [
        -0.1348179039200576,
        -0.948952136962246,
        -0.28515605295590135
      ],
      [
        -0.9771763143730638,
        0.1750097491848252,
        -0.12040780007350083
      ]
    ],
    "pose_estimation_failed": false,
    "tracking_method": "prediction",
    "pnp_result": "not_reliable_enough",
    "timestamp": 1742367854.3818147,
    "image_file": "webcam_000016",
    "frame_idx": 16,
    "image_name": "webcam_000016"
  },
  {
    "frame": 17,
    "kf_translation_vector": [
      0.008827237563821434,
      -0.06992939434026252,
      0.6731776590591807
    ],
    "kf_quaternion": [
      0.3043535433378026,
      -0.5332465802942049,
      -0.1058256248696941,
      0.7821879201209893
    ],
    "kf_rotation_matrix": [
      [
        0.4088980434509497,
        -0.15903992154595456,
        -0.8986148749139654
      ],
      [
        -0.4901420231952748,
        0.7923397155573262,
        -0.36326102495117496
      ],
      [
        0.7697812592938514,
        0.5889856352282219,
        0.24603401052452067
      ]
    ],
    "raw_pnp_translation": [
      0.009212200239608778,
      -0.07030905173387939,
      0.6728059064769578
    ],
    "raw_pnp_rotation": [
      [
        0.4198694812230037,
        -0.15056738870369368,
        -0.8950078659969847
      ],
      [
        -0.5127507626631786,
        0.7743301000515842,
        -0.37080931965422903
      ],
      [
        0.7488633213917306,
        0.614607482555374,
        0.247914034013993
      ]
    ],
    "pose_estimation_failed": false,
    "num_inliers": 10,
    "reprojection_error": 2.299874782562256,
    "tracking_method": "loosely_coupled",
    "timestamp": 1742367854.5179343,
    "image_file": "webcam_000017",
    "frame_idx": 17,
    "image_name": "webcam_000017"
  },
  {
    "frame": 18,
    "kf_translation_vector": [
      0.008438284667185617,
      -0.060702054418019076,
      0.6790255873833584
    ],
    "kf_quaternion": [
      0.3151818513622089,
      -0.5304530071246076,
      -0.09397771297818765,
      0.7813118438035742
    ],
    "kf_rotation_matrix": [
      [
        0.4195755933917007,
        -0.1875265212855079,
        -0.8881385732218583
      ],
      [
        -0.4812301220992314,
        0.7836571800705596,
        -0.3928091059385172
      ],
      [
        0.7696582949688524,
        0.5922121477464088,
        0.23856001560870288
      ]
    ],
    "raw_pnp_translation": [
      0.008112022954359354,
      -0.0528725224705215,
      0.6839924368400765
    ],
    "raw_pnp_rotation": [
      [
        0.44099218336947216,
        -0.24805281974205823,
        -0.8625518493545995
      ],
      [
        -0.46021439863521324,
        0.7625903883356678,
        -0.45459719192586767
      ],
      [
        0.7705378650630056,
        0.5974325888634374,
        0.22213892110135952
      ]
    ],
    "pose_estimation_failed": false,
    "num_inliers": 10,
    "reprojection_error": 2.0031628608703613,
    "tracking_method": "loosely_coupled",
    "timestamp": 1742367854.6498113,
    "image_file": "webcam_000018",
    "frame_idx": 18,
    "image_name": "webcam_000018"
  },
  {
    "frame": 19,
    "kf_translation_vector": [
      0.005058072071006595,
      -0.04765733984442193,
      0.6805343773929239
    ],
    "kf_quaternion": [
      0.3218366652890093,
      -0.5267449807937552,
      -0.07643517598732347,
      0.7830188694763516
    ],
    "kf_rotation_matrix": [
      [
        0.4333947781607467,
        -0.2193513259731308,
        -0.8741018030280149
      ],
      [
        -0.45875206633241083,
        0.7811576494948742,
        -0.423484673006458
      ],
      [
        0.77570323442586,
        0.584532054236098,
        0.23792177216847332
      ]
    ],
    "raw_pnp_translation": [
      0.001978772130565827,
      -0.03577308715115817,
      0.681906734998497
    ],
    "raw_pnp_rotation": [
      [
        0.4640332636907122,
        -0.29065557152916255,
        -0.8367750408130026
      ],
      [
        -0.40658549555675627,
        0.7693651310127207,
        -0.4927124211795825
      ],
      [
        0.7869951492807392,
        0.568855547499394,
        0.2388346731271483
      ]
    ],
    "pose_estimation_failed": false,
    "num_inliers": 11,
    "reprojection_error": 2.3954102993011475,
    "tracking_method": "loosely_coupled",
    "timestamp": 1742367854.7858572,
    "image_file": "webcam_000019",
    "frame_idx": 19,
    "image_name": "webcam_000019"
  },
  {
    "frame": 20,
    "kf_translation_vector": [
      0.0011419691074347578,
      -0.04151374179298892,
      0.681154210269016
    ],
    "kf_quaternion": [
      0.32800562472289746,
      -0.5241811321506336,
      -0.0631433977161281,
      0.7833641312775845
    ],
    "kf_rotation_matrix": [
      [
        0.4424941040442858,
        -0.24494017364242907,
        -0.8626721736685735
      ],
      [
        -0.4427972652336679,
        0.7768504429500093,
        -0.4476985271250724
      ],
      [
        0.7798266152085537,
        0.5800928379357835,
        0.23529290169484363
      ]
    ],
    "raw_pnp_translation": [
      -0.0024844999963651907,
      -0.03582985175049277,
      0.681726178185416
    ],
    "raw_pnp_rotation": [
      [
        0.4655341625294055,
        -0.3036289253436992,
        -0.8313166780551653
      ],
      [
        -0.4085002159673459,
        0.7595487869193831,
        -0.5061750822037027
      ],
      [
        0.785114970607921,
        0.5752348355097453,
        0.22956342684190661
      ]
    ],
    "pose_estimation_failed": false,
    "num_inliers": 11,
    "reprojection_error": 2.821119785308838,
    "tracking_method": "loosely_coupled",
    "timestamp": 1742367854.9238937,
    "image_file": "webcam_000020",
    "frame_idx": 20,
    "image_name": "webcam_000020"
  },
  {
    "frame": 21,
    "kf_translation_vector": [
      -0.0022459001228096295,
      -0.03968185173362096,
      0.681134744630892
    ],
    "kf_quaternion": [
      0.3326445368873152,
      -0.5228240085572785,
      -0.051915594059089264,
      0.7831394762420127
    ],
    "kf_rotation_matrix": [
      [
        0.44791965433918124,
        -0.26651479811975504,
        -0.8534271179426246
      ],
      [
        -0.4291434026806675,
        0.7733047663450309,
        -0.4667286988001869
      ],
      [
        0.7843493629705621,
        0.5752995747706089,
        0.23200533631024467
      ]
    ],
    "raw_pnp_translation": [
      -0.0053948371434595155,
      -0.03798483925725608,
      0.681115039688513
    ],
    "raw_pnp_rotation": [
      [
        0.46330480141755404,
        -0.31615903034381815,
        -0.8278841274692356
      ],
      [
        -0.4008836347958434,
        0.7583780992447994,
        -0.513960085939286
      ],
      [
        0.790342313391048,
        0.5700053737623024,
        0.22461723341227466
      ]
    ],
    "pose_estimation_failed": false,
    "num_inliers": 11,
    "reprojection_error": 2.558260917663574,
    "tracking_method": "loosely_coupled",
    "timestamp": 1742367855.0538392,
    "image_file": "webcam_000021",
    "frame_idx": 21,
    "image_name": "webcam_000021"
  },
  {
    "frame": 22,
    "kf_translation_vector": [
      -0.002541301556897405,
      -0.03901429310411242,
      0.6764807133784287
    ],
    "kf_quaternion": [
      0.3380749563746916,
      -0.5192236816633917,
      -0.04359843479033309,
      0.783716319056836
    ],
    "kf_rotation_matrix": [
      [
        0.45701188976749185,
        -0.28273543739307716,
        -0.843327223000237
      ],
      [
        -0.41941065671515454,
        0.7676090007121669,
        -0.48463504109735134
      ],
      [
        0.7843690672412501,
        0.5751844004037435,
        0.23222418454432647
      ]
    ],
    "raw_pnp_translation": [
      -0.002814134212260148,
      -0.03839738685330491,
      0.6721468356201206
    ],
    "raw_pnp_rotation": [
      [
        0.482434402665326,
        -0.3194790420355371,
        -0.8155919254290137
      ],
      [
        -0.3998083721562459,
        0.7481489189468638,
        -0.5295530763128584
      ],
      [
        0.7793653268389112,
        0.581555102100132,
        0.2332023810825746
      ]
    ],
    "pose_estimation_failed": false,
    "num_inliers": 9,
    "reprojection_error": 2.604036569595337,
    "tracking_method": "loosely_coupled",
    "timestamp": 1742367855.1898139,
    "image_file": "webcam_000022",
    "frame_idx": 22,
    "image_name": "webcam_000022"
  },
  {
    "frame": 23,
    "kf_translation_vector": [
      -0.0016591488052724009,
      -0.04082725289769022,
      0.6729517763671322
    ],
    "kf_quaternion": [
      0.34392107923508436,
      -0.5164859916992561,
      -0.03963314554538605,
      0.7831920105634308
    ],
    "kf_rotation_matrix": [
      [
        0.4633428683052284,
        -0.293180113460734,
        -0.8362767529124764
      ],
      [
        -0.41734156523931,
        0.7602950100639061,
        -0.49777255408020205
      ],
      [
        0.781754056154675,
        0.5796524120048807,
        0.2299210232724216
      ]
    ],
    "raw_pnp_translation": [
      -0.0008363144529695444,
      -0.04251837640016731,
      0.6696660805867547
    ],
    "raw_pnp_rotation": [
      [
        0.48169055737150646,
        -0.3152723462795785,
        -0.8176659187042696
      ],
      [
        -0.4173264970955956,
        0.7379290458751782,
        -0.5303765813793718
      ],
      [
        0.7705925004573089,
        0.5967110447487286,
        0.22388194950427232
      ]
    ],
    "pose_estimation_failed": false,
    "num_inliers": 11,
    "reprojection_error": 2.9936957359313965,
    "tracking_method": "loosely_coupled",
    "timestamp": 1742367855.3218422,
    "image_file": "webcam_000023",
    "frame_idx": 23,
    "image_name": "webcam_000023"
  },
  {
    "frame": 24,
    "kf_translation_vector": [
      -0.000571636484733152,
      -0.04123410324284129,
      0.6734842447993262
    ],
    "kf_quaternion": [
      0.34400070934298177,
      -0.5135945190774227,
      -0.033975435480858324,
      0.7853214957767567
    ],
    "kf_rotation_matrix": [
      [
        0.4701326795150339,
        -0.2999904781316133,
        -0.8300487797005551
      ],
      [
        -0.4067170373775907,
        0.7610183635108227,
        -0.5054031083265167
      ],
      [
        0.7832984840779473,
        0.5752014981114664,
        0.23576836389031253
      ]
    ],
    "raw_pnp_translation": [
      0.0004417354284634055,
      -0.041614326272243284,
      0.6739811311439726
    ],
    "raw_pnp_rotation": [
      [
        0.48851159554885104,
        -0.3131605086751664,
        -0.8144242855051823
      ],
      [
        -0.38422877340497796,
        0.7608058609727342,
        -0.5230130893173159
      ],
      [
        0.7834058148252551,
        0.5684232030062175,
        0.25133720691956957
      ]
    ],
    "pose_estimation_failed": false,
    "num_inliers": 11,
    "reprojection_error": 2.55551815032959,
    "tracking_method": "loosely_coupled",
    "timestamp": 1742367855.4578354,
    "image_file": "webcam_000024",
    "frame_idx": 24,
    "image_name": "webcam_000024"
  },
  {
    "frame": 25,
    "kf_translation_vector": [
      0.0007747548976716709,
      -0.0415563901561239,
      0.6758514174461706
    ],
    "kf_quaternion": [
      0.34666389158178146,
      -0.5126277587608413,
      -0.028425017181494584,
      0.7850025131293806
    ],
    "kf_rotation_matrix": [
      [
        0.4728095986921368,
        -0.3107916477233217,
        -0.8245360120031164
      ],
      [
        -0.40004648741619797,
        0.7580323293432132,
        -0.5151211465048432
      ],
      [
        0.7851203037054528,
        0.5734069579067952,
        0.234073854442423
      ]
    ],
    "raw_pnp_translation": [
      0.0020287311687991146,
      -0.04185724049159564,
      0.6780563568234541
    ],
    "raw_pnp_rotation": [
      [
        0.48001207397221224,
        -0.33592945299406674,
        -0.8103948491025855
      ],
      [
        -0.3870130939066354,
        0.7479341476912833,
        -0.5392730067990862
      ],
      [
        0.7872796669454313,
        0.572490972268053,
        0.22900832449033443
      ]
    ],
    "pose_estimation_failed": false,
    "num_inliers": 11,
    "reprojection_error": 2.455796003341675,
    "tracking_method": "loosely_coupled",
    "timestamp": 1742367855.5898297,
    "image_file": "webcam_000025",
    "frame_idx": 25,
    "image_name": "webcam_000025"
  },
  {
    "frame": 26,
    "kf_translation_vector": [
      0.0035189643327987108,
      -0.04037673379496972,
      0.678629243197875
    ],
    "kf_quaternion": [
      0.35378931119197415,
      -0.5064473708126146,
      -0.021644761372727937,
      0.7860506905972516
    ],
    "kf_rotation_matrix": [
      [
        0.4860851298042155,
        -0.3243235736998714,
        -0.8115019815907804
      ],
      [
        -0.3923790921992535,
        0.7487292551828523,
        -0.5342687997985855
      ],
      [
        0.780871240722892,
        0.5781165297549236,
        0.23668836776659707
      ]
    ],
    "raw_pnp_translation": [
      0.006074321056854128,
      -0.039278533493960384,
      0.6812158984169753
    ],
    "raw_pnp_rotation": [
      [
        0.5203161456809764,
        -0.3554640800569555,
        -0.7764769129426551
      ],
      [
        -0.37474499879185696,
        0.7219877242367896,
        -0.5816355490613283
      ],
      [
        0.7673573446733825,
        0.5936152068812288,
        0.24245348365237362
      ]
    ],
    "pose_estimation_failed": false,
    "num_inliers": 10,
    "reprojection_error": 2.312889575958252,
    "tracking_method": "loosely_coupled",
    "timestamp": 1742367855.7258444,
    "image_file": "webcam_000026",
    "frame_idx": 26,
    "image_name": "webcam_000026"
  },
  {
    "frame": 27,
    "kf_translation_vector": [
      0.003436506710432626,
      -0.03737475267582437,
      0.6782286397968178
    ],
    "kf_quaternion": [
      0.36096818306708556,
      -0.5007288156012554,
      -0.01315603356030399,
      0.7866381269813784
    ],
    "kf_rotation_matrix": [
      [
        0.4981951440150483,
        -0.3407962663570744,
        -0.7972825743216161
      ],
      [
        -0.3821924167506011,
        0.7390577791884143,
        -0.5547274606502042
      ],
      [
        0.7782869361990861,
        0.5810778810608497,
        0.23794524807962203
      ]
    ],
    "raw_pnp_translation": [
      0.003359000416594548,
      -0.034579610220189586,
      0.6778548467112118
    ],
    "raw_pnp_rotation": [
      [
        0.5289843762480044,
        -0.3777352299976359,
        -0.7599286977764053
      ],
      [
        -0.3600746089093199,
        0.7109679128570425,
        -0.6040454477160649
      ],
      [
        0.7684541663003137,
        0.5931616330363371,
        0.2400780527023574
      ]
    ],
    "pose_estimation_failed": false,
    "num_inliers": 13,
    "reprojection_error": 2.8604378700256348,
    "tracking_method": "loosely_coupled",
    "timestamp": 1742367855.8618646,
    "image_file": "webcam_000027",
    "frame_idx": 27,
    "image_name": "webcam_000027"
  },
  {
    "frame": 28,
    "kf_translation_vector": [
      0.00032058089033644866,
      -0.032604238325207785,
      0.6770500651119653
    ],
    "kf_quaternion": [
      0.36579276046491493,
      -0.4971975287116851,
      -0.004131095710163871,
      0.7867485035782934
    ],
    "kf_rotation_matrix": [
      [
        0.505555102982453,
        -0.3572422463113419,
        -0.7853610732006188
      ],
      [
        -0.37024277978378245,
        0.7323571808793816,
        -0.57146587267516
      ],
      [
        0.7793165735863564,
        0.5796817549870197,
        0.23798054766890087
      ]
    ],
    "raw_pnp_translation": [
      -0.0025815584985799246,
      -0.028162597709183383,
      0.6759521592158516
    ],
    "raw_pnp_rotation": [
      [
        0.5247283431844455,
        -0.39378839257315323,
        -0.7547124404258609
      ],
      [
        -0.3451959638121489,
        0.7119785382421504,
        -0.6114951411502566
      ],
      [
        0.7781387488274236,
        0.581392520554937,
        0.23766115504236054
      ]
    ],
    "pose_estimation_failed": false,
    "num_inliers": 10,
    "reprojection_error": 2.743884801864624,
    "tracking_method": "loosely_coupled",
    "timestamp": 1742367855.9939086,
    "image_file": "webcam_000028",
    "frame_idx": 28,
    "image_name": "webcam_000028"
  },
  {
    "frame": 29,
    "kf_translation_vector": [
      0.003829094296537137,
      -0.024488326860757026,
      0.6611747431399063
    ],
    "kf_quaternion": [
      0.36325119722375726,
      -0.4936108007907878,
      0.006585363091445726,
      0.7901604761383211
    ],
    "kf_rotation_matrix": [
      [
        0.512610020671262,
        -0.36901641597142343,
        -0.775279208705492
      ],
      [
        -0.34820244142790147,
        0.7360104014169216,
        -0.5805546906104117
      ],
      [
        0.7848477728139753,
        0.5675522652141453,
        0.24879389011636843
      ]
    ],
    "raw_pnp_translation": [
      0.007096848934393629,
      -0.016931921429516505,
      0.6463907858215152
    ],
    "raw_pnp_rotation": [
      [
        0.5311148021704858,
        -0.39510609387489337,
        -0.7495386857916871
      ],
      [
        -0.29697865200063334,
        0.7416957419308918,
        -0.6014076044227162
      ],
      [
        0.7935494610742876,
        0.5420134693755382,
        0.2765875120901159
      ]
    ],
    "pose_estimation_failed": false,
    "num_inliers": 12,
    "reprojection_error": 2.4145193099975586,
    "tracking_method": "loosely_coupled",
    "timestamp": 1742367856.1298344,
    "image_file": "webcam_000029",
    "frame_idx": 29,
    "image_name": "webcam_000029"
  },
  {
    "frame": 31,
    "kf_translation_vector": [
      0.016359746500643937,
      -0.009266704157913397,
      0.6680059029190716
    ],
    "kf_quaternion": [
      0.3535890224875316,
      -0.48556186934069034,
      0.004580710123234038,
      0.7994895192017547
    ],
    "kf_rotation_matrix": [
      [
        0.5284173762742825,
        -0.3507031529428405,
        -0.7731638732942413
      ],
      [
        -0.3360542340067325,
        0.7499076405421576,
        -0.5698298715078408
      ],
      [
        0.7796426285533337,
        0.5609329988264594,
        0.2784089484373724
      ]
    ],
    "raw_pnp_translation": [
      0.028028499144775777,
      0.004905823923870069,
      0.6743709320076007
    ],
    "raw_pnp_rotation": [
      [
        0.569824668102354,
        -0.30291398617803134,
        -0.7638998393767193
      ],
      [
        -0.31134588748923375,
        0.7807002434111011,
        -0.5418218049150376
      ],
      [
        0.7605021932680955,
        0.5465805035999574,
        0.350551233229657
      ]
    ],
    "pose_estimation_failed": false,
    "num_inliers": 15,
    "reprojection_error": 2.504993200302124,
    "tracking_method": "loosely_coupled",
    "timestamp": 1742367856.3978846,
    "image_file": "webcam_000031",
    "frame_idx": 31,
    "image_name": "webcam_000031"
  },
  {
    "frame": 32,
    "kf_translation_vector": [
      0.02733243250680619,
      -0.0001898098382767787,
      0.6682966483765745
    ],
    "kf_quaternion": [
      0.34049199009334147,
      -0.4800744884781248,
      -4.6313643511898366e-05,
      0.8084514135368862
    ],
    "kf_rotation_matrix": [
      [
        0.5390569667350265,
        -0.3268481512887928,
        -0.7762653364755708
      ],
      [
        -0.32699792061104577,
        0.7681304050746446,
        -0.5504979933804617
      ],
      [
        0.7762022587769796,
        0.5505869293753358,
        0.30718738038948534
      ]
    ],
    "raw_pnp_translation": [
      0.037547806632404666,
      0.008258187481814226,
      0.6685680058799874
    ],
    "raw_pnp_rotation": [
      [
        0.56327235541141,
        -0.26826322198508307,
        -0.7815107787864888
      ],
      [
        -0.30899847195049696,
        0.8088110977427843,
        -0.5003444338656823
      ],
      [
        0.7663186008192284,
        0.5233158242383792,
        0.3726880064345586
      ]
    ],
    "pose_estimation_failed": false,
    "num_inliers": 13,
    "reprojection_error": 2.236931800842285,
    "tracking_method": "loosely_coupled",
    "timestamp": 1742367856.529824,
    "image_file": "webcam_000032",
    "frame_idx": 32,
    "image_name": "webcam_000032"
  },
  {
    "frame": 33,
    "kf_translation_vector": [
      0.04126742170819529,
      0.001399664859215032,
      0.6636575378338783
    ],
    "kf_quaternion": [
      0.32951370410965153,
      -0.4681591655583166,
      -0.011112072667068562,
      0.8198318341884021
    ],
    "kf_rotation_matrix": [
      [
        0.561407035089565,
        -0.29030965967945377,
        -0.7749467352332957
      ],
      [
        -0.3267497833445643,
        0.7825944812899576,
        -0.5298872115259836
      ],
      [
        0.7603004143338503,
        0.5506960861957364,
        0.34449542901535546
      ]
    ],
    "raw_pnp_translation": [
      0.054240291902506996,
      0.002874956065309229,
      0.6593376304255849
    ],
    "raw_pnp_rotation": [
      [
        0.6106574825144424,
        -0.20204279670304603,
        -0.7656867161898102
      ],
      [
        -0.33033464650511724,
        0.8137696154891656,
        -0.47818200951620365
      ],
      [
        0.7197058151546802,
        0.5449382728410871,
        0.4301927689135537
      ]
    ],
    "pose_estimation_failed": false,
    "num_inliers": 13,
    "reprojection_error": 2.2267582416534424,
    "tracking_method": "loosely_coupled",
    "timestamp": 1742367856.6658986,
    "image_file": "webcam_000033",
    "frame_idx": 33,
    "image_name": "webcam_000033"
  },
  {
    "frame": 34,
    "kf_translation_vector": [
      0.0540753969329836,
      -0.0005216309275841546,
      0.6629164226818546
    ],
    "kf_quaternion": [
      0.31653505302728424,
      -0.45656672470096776,
      -0.022818415850241722,
      0.8311628637029752
    ],
    "kf_rotation_matrix": [
      [
        0.5820522915878323,
        -0.2511071051009241,
        -0.7734082696901984
      ],
      [
        -0.3269703845539332,
        0.7985697602061996,
        -0.5053481034978423
      ],
      [
        0.7445169558055788,
        0.5470206210482803,
        0.3827047722016902
      ]
    ],
    "raw_pnp_translation": [
      0.06599738496158579,
      -0.002314144688751349,
      0.6622274362521514
    ],
    "raw_pnp_rotation": [
      [
        0.6240472916253185,
        -0.15729354051416772,
        -0.7653912201793424
      ],
      [
        -0.3315991229344183,
        0.8336417069483466,
        -0.4416826078819171
      ],
      [
        0.7075358644508624,
        0.5294338925198921,
        0.46807344932927575
      ]
    ],
    "pose_estimation_failed": false,
    "num_inliers": 10,
    "reprojection_error": 1.7273813486099243,
    "tracking_method": "loosely_coupled",
    "timestamp": 1742367856.8019016,
    "image_file": "webcam_000034",
    "frame_idx": 34,
    "image_name": "webcam_000034"
  },
  {
    "frame": 35,
    "kf_translation_vector": [
      0.06616980351249116,
      -0.00865725019657288,
      0.6661361883871549
    ],
    "kf_quaternion": [
      0.311910960387868,
      -0.44791367267599363,
      -0.039170374364384926,
      0.8369889941880805
    ],
    "kf_rotation_matrix": [
      [
        0.5956780472041135,
        -0.21384802314801843,
        -0.7742329669258333
      ],
      [
        -0.34498871211288684,
        0.8023544691241435,
        -0.4870421895392692
      ],
      [
        0.7253622905788427,
        0.5572219745058502,
        0.4041697892396414
      ]
    ],
    "raw_pnp_translation": [
      0.0774267145876737,
      -0.016235161109121404,
      0.6691354868316557
    ],
    "raw_pnp_rotation": [
      [
        0.61683872231196,
        -0.1258204235569177,
        -0.7769679605186476
      ],
      [
        -0.3916665809906671,
        0.8071772237620011,
        -0.44165848658771417
      ],
      [
        0.6827204991734394,
        0.5767444412006297,
        0.4486185122713322
      ]
    ],
    "pose_estimation_failed": false,
    "num_inliers": 11,
    "reprojection_error": 2.1154403686523438,
    "tracking_method": "loosely_coupled",
    "timestamp": 1742367856.9338288,
    "image_file": "webcam_000035",
    "frame_idx": 35,
    "image_name": "webcam_000035"
  },
  {
    "frame": 36,
    "kf_translation_vector": [
      0.07180176699873382,
      -0.015331498720820744,
      0.6676097403607583
    ],
    "kf_quaternion": [
      0.3039051861760013,
      -0.44293882196122075,
      -0.04631004612450322,
      0.842200817764316
    ],
    "kf_rotation_matrix": [
      [
        0.6033211592551047,
        -0.1912180928718874,
        -0.7742346025291785
      ],
      [
        -0.3472275277389266,
        0.8109940348865528,
        -0.4708733580897755
      ],
      [
        0.717939149772033,
        0.5529234271912045,
        0.4228936756298719
      ]
    ],
    "raw_pnp_translation": [
      0.077040301396153,
      -0.021546112294317046,
      0.6689818200828982
    ],
    "raw_pnp_rotation": [
      [
        0.6134376252109744,
        -0.13944676161726294,
        -0.7773344715436066
