[
  {
    "frame": 1,
    "pose_estimation_failed": true,
    "tracking_method": "failed",
    "timestamp": 1742477177.5760407,
    "image_file": "webcam_000001",
    "frame_idx": 1,
    "image_name": "webcam_000001"
  },
  {
    "frame": 2,
    "object_rotation_in_cam": [
      [
        0.4194438314330914,
        -0.09994486504371503,
        -0.902262653679139
      ],
      [
        -0.4945987355029613,
        0.8082792406311361,
        -0.3194632373272793
      ],
      [
        0.7612088827067115,
        0.5802548518678216,
        0.2895951376875178
      ]
    ],
    "object_translation_in_cam": [
      0.09921015436488358,
      -0.14438130598814736,
      0.7485988266256931
    ],
    "raw_rvec": [
      0.6096870622654894,
      -1.127238727731553,
      -0.2674341683040522
    ],
    "refined_raw_rvec": [
      0.6096870622654894,
      -1.127238727731553,
      -0.2674341683040522
    ],
    "num_inliers": 7,
    "total_matches": 14,
    "inlier_ratio": 0.5,
    "reprojection_errors": [
      2.8048906326293945,
      1.270706057548523,
      2.3594586849212646,
      1.0648707151412964,
      2.7715137004852295,
      0.5502929091453552,
      1.8784600496292114
    ],
    "mean_reprojection_error": 1.814313292503357,
    "std_reprojection_error": 0.8153610229492188,
    "inliers": [
      0,
      1,
      3,
      4,
      6,
      7,
      8
    ],
    "mkpts0": [
      [
        590.125,
        283.875
      ],
      [
        386.375,
        288.875
      ],
      [
        350.125,
        290.125
      ],
      [
        511.375,
        292.625
      ],
      [
        575.125,
        312.625
      ],
      [
        518.875,
        327.625
      ],
      [
        586.375,
        330.125
      ],
      [
        602.625,
        347.625
      ],
      [
        636.375,
        357.625
      ],
      [
        650.125,
        376.375
      ],
      [
        496.375,
        377.625
      ],
      [
        715.125,
        383.875
      ],
      [
        595.125,
        388.875
      ],
      [
        702.625,
        391.375
      ]
    ],
    "mkpts1": [
      [
        840.125,
        11.375
      ],
      [
        508.875,
        31.375
      ],
      [
        426.375,
        36.375
      ],
      [
        712.625,
        32.625
      ],
      [
        825.125,
        53.875
      ],
      [
        777.625,
        70.125
      ],
      [
        867.625,
        76.375
      ],
      [
        910.125,
        97.625
      ],
      [
        971.375,
        107.625
      ],
      [
        1012.625,
        130.125
      ],
      [
        756.375,
        152.625
      ],
      [
        1113.875,
        133.875
      ],
      [
        938.875,
        150.125
      ],
      [
        1106.375,
        145.125
      ]
    ],
    "mpts3D": [
      [
        0.02500000037252903,
        -0.014000000432133675,
        -0.010999999940395355
      ],
      [
        -0.07400000095367432,
        -0.0,
        0.12800000607967377
      ],
      [
        -0.07999999821186066,
        -0.0,
        0.15600000321865082
      ],
      [
        -0.014000000432133675,
        0.0,
        0.041999999433755875
      ],
      [
        0.0,
        -0.0,
        -0.014999999664723873
      ],
      [
        -0.05700000002980232,
        -0.017999999225139618,
        -0.009999999776482582
      ],
      [
        -0.014000000432133675,
        0.0,
        -0.041999999433755875
      ],
      [
        -0.023000000044703484,
        0.0,
        -0.06499999761581421
      ],
      [
        -0.017000000923871994,
        -0.0,
        -0.09200000017881393
      ],
      [
        -0.028999999165534973,
        -0.0,
        -0.12700000405311584
      ],
      [
        -0.09000000357627869,
        -0.0,
        -0.014999999664723873
      ],
      [
        0.0,
        0.0,
        -0.15600000321865082
      ],
      [
        -0.052000001072883606,
        -0.0,
        -0.09700000286102295
      ],
      [
        -0.014000000432133675,
        0.0,
        -0.15600000321865082
      ]
    ],
    "mconf": [
      0.9814209938049316,
      0.9881916046142578,
      0.6738337278366089,
      0.9888142943382263,
      0.9302166104316711,
      0.6638486385345459,
      0.9831784963607788,
      0.999433696269989,
      0.9996360540390015,
      0.9993771314620972,
      0.9127629995346069,
      0.9502149224281311,
      0.9989501237869263,
      0.9977717399597168
    ],
    "coverage_score": 0.7295739585136223,
    "pose_estimation_failed": false,
    "tracking_method": "pnp",
    "timestamp": 1742477177.7043757,
    "image_file": "webcam_000002",
    "frame_idx": 2,
    "image_name": "webcam_000002"
  },
  {
    "frame": 3,
    "kf_translation_vector": [
      0.09711958730658513,
      -0.14530840364913564,
      0.7344448181676734
    ],
    "kf_quaternion": [
      0.308799743181445,
      -0.4878917523365868,
      -0.1706325136078205,
      0.7984290212115822
    ],
    "kf_rotation_matrix": [
      [
        0.4656923666036231,
        -0.028845793990238178,
        -0.8844764213116081
      ],
      [
        -0.5737975972972946,
        0.7510545278219012,
        -0.3266089612580661
      ],
      [
        0.6737113157896106,
        0.6596097455369303,
        0.3332087132260164
      ]
    ],
    "raw_pnp_translation": [
      0.09709891136864592,
      -0.14531757274688167,
      0.7343048334686381
    ],
    "raw_pnp_rotation": [
      [
        0.4661031045743849,
        -0.028117569715725876,
        -0.8842834942366623
      ],
      [
        -0.5745444502193113,
        0.7504426626698357,
        -0.32670244071202814
      ],
      [
        0.6727901386229654,
        0.66033719592212,
        0.3336288612416535
      ]
    ],
    "pose_estimation_failed": false,
    "num_inliers": 6,
    "reprojection_error": 2.0611393451690674,
    "tracking_method": "loosely_coupled",
    "timestamp": 1742477177.8404405,
    "image_file": "webcam_000003",
    "frame_idx": 3,
    "image_name": "webcam_000003"
  },
  {
    "frame": 4,
    "kf_translation_vector": [
      0.09686409119241696,
      -0.14315784142724947,
      0.7297740289422617
    ],
    "kf_quaternion": [
      0.3025595870922573,
      -0.49168870757623234,
      -0.1632685824987397,
      0.8000270502110721
    ],
    "kf_rotation_matrix": [
      [
        0.463171169621733,
        -0.03629169978716135,
        -0.8855254825005289
      ],
      [
        -0.5587688295816007,
        0.76360213245483,
        -0.3235570713157795
      ],
      [
        0.6879315828767015,
        0.6446663445822147,
        0.33339982220115416
      ]
    ],
    "raw_pnp_translation": [
      0.09674377725965402,
      -0.14213546223122497,
      0.7275619738202065
    ],
    "raw_pnp_rotation": [
      [
        0.4618454073183952,
        -0.0400118135083492,
        -0.886057489398221
      ],
      [
        -0.5511177442741317,
        0.7697855675034899,
        -0.32202393080254554
      ],
      [
        0.694959028781624,
        0.6370472783421204,
        0.3334707085664327
      ]
    ],
    "pose_estimation_failed": false,
    "num_inliers": 6,
    "reprojection_error": 1.6473950147628784,
    "tracking_method": "loosely_coupled",
    "timestamp": 1742477177.9722009,
    "image_file": "webcam_000004",
    "frame_idx": 4,
    "image_name": "webcam_000004"
  },
  {
    "frame": 5,
    "kf_translation_vector": [
      0.09684817559724353,
      -0.14304313766969928,
      0.7295080937683855
    ],
    "kf_quaternion": [
      0.3025595870922573,
      -0.49168870757623234,
      -0.1632685824987397,
      0.8000270502110721
    ],
    "kf_rotation_matrix": [
      [
        0.463171169621733,
        -0.03629169978716135,
        -0.8855254825005289
      ],
      [
        -0.5587688295816007,
        0.76360213245483,
        -0.3235570713157795
      ],
      [
        0.6879315828767015,
        0.6446663445822147,
        0.33339982220115416
      ]
    ],
    "pose_estimation_failed": true,
    "tracking_method": "prediction",
    "timestamp": 1742477178.1082122,
    "image_file": "webcam_000005",
    "frame_idx": 5,
    "image_name": "webcam_000005"
  },
  {
    "frame": 6,
    "kf_translation_vector": [
      0.09199239038681956,
      -0.14833347513654857,
      0.7361773032334087
    ],
    "kf_quaternion": [
      0.32934535157399547,
      -0.4798192927686296,
      -0.1757868209170505,
      0.7939798985336407
    ],
    "kf_rotation_matrix": [
      [
        0.4777448797577779,
        -0.03691010286719831,
        -0.8777228914478414
      ],
      [
        -0.5951949118082824,
        0.7212612659769563,
        -0.3542953614695644
      ],
      [
        0.6461446020998376,
        0.6916789938314242,
        0.3226101713672269
      ]
    ],
    "raw_pnp_translation": [
      0.09050830432639195,
      -0.14999086406948423,
      0.7383038794232317
    ],
    "raw_pnp_rotation": [
      [
        0.48318707445239206,
        -0.036872132743364316,
        -0.8747403597120087
      ],
      [
        -0.6081276741352181,
        0.7046306402950678,
        -0.36561782329127895
      ],
      [
        0.6298499686695465,
        0.7086156268276325,
        0.31804545332806244
      ]
    ],
    "pose_estimation_failed": false,
    "num_inliers": 7,
    "reprojection_error": 2.371790647506714,
    "tracking_method": "loosely_coupled",
    "timestamp": 1742477178.2444494,
    "image_file": "webcam_000006",
    "frame_idx": 6,
    "image_name": "webcam_000006"
  },
  {
    "frame": 7,
    "kf_translation_vector": [
      0.07688072088777301,
      -0.13772534621889893,
      0.7379283884608299
    ],
    "kf_quaternion": [
      0.30694027391991663,
      -0.48970439876072613,
      -0.16108532463428815,
      0.8000179924650622
    ],
    "kf_rotation_matrix": [
      [
        0.4684822400437235,
        -0.04287768853179863,
        -0.8824318073311871
      ],
      [
        -0.5583623206498228,
        0.759678372866865,
        -0.3333470993977551
      ],
      [
        0.6846575126602786,
        0.6488838675945969,
        0.33195454016072456
      ]
    ],
    "raw_pnp_translation": [
      0.06945322661425385,
      -0.13221522493371834,
      0.7386719172258829
    ],
    "raw_pnp_rotation": [
      [
        0.46296183741715563,
        -0.04605544407671339,
        -0.8851809042033317
      ],
      [
        -0.5360434434323492,
        0.7807867705131805,
        -0.3209820022131895
      ],
      [
        0.7059205081654173,
        0.6230978374721702,
        0.33678675907610156
      ]
    ],
    "pose_estimation_failed": false,
    "num_inliers": 7,
    "reprojection_error": 2.2749345302581787,
    "tracking_method": "loosely_coupled",
    "timestamp": 1742477178.3762088,
    "image_file": "webcam_000007",
    "frame_idx": 7,
    "image_name": "webcam_000007"
  },
  {
    "frame": 8,
    "kf_translation_vector": [
      0.05141370880818316,
      -0.11974316496072472,
      0.754576730760971
    ],
    "kf_quaternion": [
      0.30352197706324835,
      -0.503560444985792,
      -0.14976850727683463,
      0.7949029386745258
    ],
    "kf_rotation_matrix": [
      [
        0.4479925449475597,
        -0.06758047055536748,
        -0.8914794218998685
      ],
      [
        -0.5437861767763792,
        0.7708876073353714,
        -0.3317060307013949
      ],
      [
        0.7096472881779632,
        0.6333760153781176,
        0.30860257537065616
      ]
    ],
    "raw_pnp_translation": [
      0.03854424535177683,
      -0.11036170964395256,
      0.7633245106286712
    ],
    "raw_pnp_rotation": [
      [
        0.43501317101708303,
        -0.08247041776931999,
        -0.896639376357416
      ],
      [
        -0.5346922002590859,
        0.7775542984205428,
        -0.3309283366377608
      ],
      [
        0.7244775993940459,
        0.6233842660836824,
        0.29415007186051984
      ]
    ],
    "pose_estimation_failed": false,
    "num_inliers": 10,
    "reprojection_error": 2.0618948936462402,
    "tracking_method": "loosely_coupled",
    "timestamp": 1742477178.5125866,
    "image_file": "webcam_000008",
    "frame_idx": 8,
    "image_name": "webcam_000008"
  },
  {
    "frame": 9,
    "kf_translation_vector": [
      0.023632926887074333,
      -0.0966050208083601,
      0.7701156550500939
    ],
    "kf_quaternion": [
      0.29474692988664,
      -0.5160178426475359,
      -0.14213600092588496,
      0.791610504372308
    ],
    "kf_rotation_matrix": [
      [
        0.42704588662035936,
        -0.07915664700937175,
        -0.9007585891651907
      ],
      [
        -0.5292220525389822,
        0.7858432091263939,
        -0.3199601065388581
      ],
      [
        0.7331819895681139,
        0.6133389567801514,
        0.29369966678356607
      ]
    ],
    "raw_pnp_translation": [
      0.010308988875108671,
      -0.08499853524600894,
      0.7777082845579848
    ],
    "raw_pnp_rotation": [
      [
        0.4138660442723506,
        -0.08600809564280346,
        -0.9062656922129708
      ],
      [
        -0.5199074347880867,
        0.794866658040861,
        -0.31286299747177626
      ],
      [
        0.7472691326760583,
        0.6006576424377298,
        0.2842520711106959
      ]
    ],
    "pose_estimation_failed": false,
    "num_inliers": 12,
    "reprojection_error": 2.357593536376953,
    "tracking_method": "loosely_coupled",
    "timestamp": 1742477178.650492,
    "image_file": "webcam_000009",
    "frame_idx": 9,
    "image_name": "webcam_000009"
  },
  {
    "frame": 10,
    "kf_translation_vector": [
      0.0016989080178420359,
      -0.076570033486325,
      0.777898288121638
    ],
    "kf_quaternion": [
      0.2813057909079201,
      -0.5214060188352186,
      -0.1377277322491807,
      0.7937467400207545
    ],
    "kf_rotation_matrix": [
      [
        0.4183336705838112,
        -0.07470718805870508,
        -0.9052158726559298
      ],
      [
        -0.5119909419916591,
        0.803796247542335,
        -0.30294697185374664
      ],
      [
        0.7502414380546898,
        0.5901952460747396,
        0.29800563104815436
      ]
    ],
    "raw_pnp_translation": [
      -0.007538763100450987,
      -0.06742874443459096,
      0.7807291581820125
    ],
    "raw_pnp_rotation": [
      [
        0.412989916568804,
        -0.07181472082046594,
        -0.9078997602631971
      ],
      [
        -0.5010616702958796,
        0.8145341040069853,
        -0.29235491439317485
      ],
      [
        0.7605107043117771,
        0.5756534020424233,
        0.3004107676901555
      ]
    ],
    "pose_estimation_failed": false,
    "num_inliers": 12,
    "reprojection_error": 2.121493101119995,
    "tracking_method": "loosely_coupled",
    "timestamp": 1742477178.7803109,
    "image_file": "webcam_000010",
    "frame_idx": 10,
    "image_name": "webcam_000010"
  },
  {
    "frame": 11,
    "kf_translation_vector": [
      -0.01500070780504998,
      -0.06454695796116959,
      0.7931867373969421
    ],
    "kf_quaternion": [
      0.27906329933066026,
      -0.5266954564354983,
      -0.13013831910537216,
      0.792325431270079
    ],
    "kf_rotation_matrix": [
      [
        0.4113118281412609,
        -0.08773894401086207,
        -0.9072620667342776
      ],
      [
        -0.5001865432505708,
        0.8103753857342293,
        -0.3051313752257281
      ],
      [
        0.7619947519387117,
        0.5793044207495381,
        0.28943114227377675
      ]
    ],
    "raw_pnp_translation": [
      -0.020761449326105054,
      -0.060413412380385965,
      0.799992859455993
    ],
    "raw_pnp_rotation": [
      [
        0.4068557996171235,
        -0.0957389843236427,
        -0.9084615595602206
      ],
      [
        -0.49284309779775193,
        0.814333525658023,
        -0.306539703696747
      ],
      [
        0.7691385046082575,
        0.5724464655057723,
        0.28413202012255184
      ]
    ],
    "pose_estimation_failed": false,
    "num_inliers": 12,
    "reprojection_error": 2.4115793704986572,
    "tracking_method": "loosely_coupled",
    "timestamp": 1742477178.9121978,
    "image_file": "webcam_000011",
    "frame_idx": 11,
    "image_name": "webcam_000011"
  },
  {
    "frame": 12,
    "kf_translation_vector": [
      -0.03173111089743741,
      -0.054493490462819746,
      0.8023743293375676
    ],
    "kf_quaternion": [
      0.2802063210787797,
      -0.5297239298718567,
      -0.12827735137324098,
      0.7902037059349178
    ],
    "kf_rotation_matrix": [
      [
        0.40587495849156463,
        -0.09413351026827158,
        -0.909067874426351
      ],
      [
        -0.4995944640388742,
        0.8100586775043238,
        -0.3069369813197099
      ],
      [
        0.7652913756022477,
        0.5787433120516549,
        0.28175395149722415
      ]
    ],
    "raw_pnp_translation": [
      -0.03716289791341139,
      -0.051704066156532995,
      0.8053773464102929
    ],
    "raw_pnp_rotation": [
      [
        0.40250052147982984,
        -0.09808280652785092,
        -0.9101500388793515
      ],
      [
        -0.4992341499188724,
        0.8098569074626312,
        -0.3080536527779601
      ],
      [
        0.7673060626394437,
        0.5783697368454572,
        0.27700154103916247
      ]
    ],
    "pose_estimation_failed": false,
    "num_inliers": 12,
    "reprojection_error": 2.2578768730163574,
    "tracking_method": "loosely_coupled",
    "timestamp": 1742477179.055146,
    "image_file": "webcam_000012",
    "frame_idx": 12,
    "image_name": "webcam_000012"
  },
  {
    "frame": 13,
    "kf_translation_vector": [
      -0.0459577872153523,
      -0.04659930547798041,
      0.8069000098419394
    ],
    "kf_quaternion": [
      0.27839738213725956,
      -0.5357011766441744,
      -0.12044143415709917,
      0.7880437855216859
    ],
    "kf_rotation_matrix": [
      [
        0.3970362205604564,
        -0.10844936295753299,
        -0.91137312624258
      ],
      [
        -0.48810185778481824,
        0.8159775171146036,
        -0.309737417808207
      ],
      [
        0.7772508063618059,
        0.5678198897868865,
        0.27103829392233547
      ]
    ],
    "raw_pnp_translation": [
      -0.049677086976128666,
      -0.04517765287434542,
      0.807123857653615
    ],
    "raw_pnp_rotation": [
      [
        0.391442968016387,
        -0.11722970917323475,
        -0.9127045513624225
      ],
      [
        -0.48096035710687823,
        0.819525357294852,
        -0.3115370341426034
      ],
      [
        0.7845059194691563,
        0.5609236882481469,
        0.2644145954366924
      ]
    ],
    "pose_estimation_failed": false,
    "num_inliers": 12,
    "reprojection_error": 1.9114233255386353,
    "tracking_method": "loosely_coupled",
    "timestamp": 1742477179.184208,
    "image_file": "webcam_000013",
    "frame_idx": 13,
    "image_name": "webcam_000013"
  },
  {
    "frame": 14,
    "kf_translation_vector": [
      -0.05537578541240911,
      -0.03597833109217698,
      0.8082084061635092
    ],
    "kf_quaternion": [
      0.27775773564543776,
      -0.5392550634276475,
      -0.11259635893993714,
      0.7870048772467879
    ],
    "kf_rotation_matrix": [
      [
        0.39305207304222545,
        -0.12233676341407959,
        -0.9113417493973248
      ],
      [
        -0.47679229799792155,
        0.8203454004851759,
        -0.3157570719282111
      ],
      [
        0.7862437105930133,
        0.558629698655723,
        0.264109233713526
      ]
    ],
    "raw_pnp_translation": [
      -0.05618926250152481,
      -0.03310441952031526,
      0.8066134864168418
    ],
    "raw_pnp_rotation": [
      [
        0.39048740359515716,
        -0.13088922058377409,
        -0.9112560559845321
      ],
      [
        -0.4697785495385338,
        0.8229344857322141,
        -0.3195104796186306
      ],
      [
        0.7917245114476271,
        0.552853365846341,
        0.2598566024664136
      ]
    ],
    "pose_estimation_failed": false,
    "num_inliers": 13,
    "reprojection_error": 2.129263162612915,
    "tracking_method": "loosely_coupled",
    "timestamp": 1742477179.3162162,
    "image_file": "webcam_000014",
    "frame_idx": 14,
    "image_name": "webcam_000014"
  },
  {
    "frame": 15,
    "kf_translation_vector": [
      -0.05969982802071544,
      -0.02731265888284127,
      0.8122419607341023
    ],
    "kf_quaternion": [
      0.27475546681102797,
      -0.5449260441032008,
      -0.10042840912453353,
      0.7857984312507922
    ],
    "kf_rotation_matrix": [
      [
        0.3859394821975036,
        -0.14160984656398112,
        -0.9115905700681906
      ],
      [
        -0.4572757919362659,
        0.8288471361963389,
        -0.32235271819575007
      ],
      [
        0.80121755234779,
        0.5412569409949894,
        0.25513007983098124
      ]
    ],
    "raw_pnp_translation": [
      -0.057598870870981374,
      -0.025694248938061066,
      0.812268135741007
    ],
    "raw_pnp_rotation": [
      [
        0.3813007488378335,
        -0.15342972163404284,
        -0.9116298917077081
      ],
      [
        -0.4451231946930316,
        0.8338195049683221,
        -0.3265124418466345
      ],
      [
        0.8102314980806269,
        0.5302870483555887,
        0.24964087378540514
      ]
    ],
    "pose_estimation_failed": false,
    "num_inliers": 13,
    "reprojection_error": 2.1668636798858643,
    "tracking_method": "loosely_coupled",
    "timestamp": 1742477179.4521897,
    "image_file": "webcam_000015",
    "frame_idx": 15,
    "image_name": "webcam_000015"
  },
  {
    "frame": 16,
    "kf_translation_vector": [
      -0.06573747606350343,
      -0.01791777824686578,
      0.8148732327707945
    ],
    "kf_quaternion": [
      0.2744857133357872,
      -0.5447155424561078,
      -0.09775628825426985,
      0.7863754059531876
    ],
    "kf_rotation_matrix": [
      [
        0.3874573718269927,
        -0.1452869867514535,
        -0.9103672206849291
      ],
      [
        -0.4527795501931666,
        0.8302026025625844,
        -0.3251988893357194
      ],
      [
        0.8030364026268009,
        0.5381963676754004,
        0.2558851419625846
      ]
    ],
    "raw_pnp_translation": [
      -0.06471410810941423,
      -0.015970553472910445,
      0.8141050228132355
    ],
    "raw_pnp_rotation": [
      [
        0.3883857559139456,
        -0.14756167003566684,
        -0.9096054409134975
      ],
      [
        -0.44999432392465305,
        0.8310271865012532,
        -0.32695400858745544
      ],
      [
        0.8041527299205964,
        0.5363015651963888,
        0.256357208069436
      ]
    ],
    "pose_estimation_failed": false,
    "num_inliers": 13,
    "reprojection_error": 2.044516086578369,
    "tracking_method": "loosely_coupled",
    "timestamp": 1742477179.584185,
    "image_file": "webcam_000016",
    "frame_idx": 16,
    "image_name": "webcam_000016"
  },
  {
    "frame": 17,
    "kf_translation_vector": [
      -0.07581047210037316,
      -0.011056299187113077,
      0.8229401163514088
    ],
    "kf_quaternion": [
      0.27859294481260144,
      -0.5437361693155917,
      -0.09121695048283414,
      0.7863945684090533
    ],
    "kf_rotation_matrix": [
      [
        0.3920608922452369,
        -0.1594970924084312,
        -0.9060071380983292
      ],
      [
        -0.44642715003458455,
        0.82813087809051,
        -0.33897204673105336
      ],
      [
        0.8043575426909773,
        0.5373638676597983,
        0.25347389855729807
      ]
    ],
    "raw_pnp_translation": [
      -0.07712740380798877,
      -0.01064362593132342,
      0.8252937436770195
    ],
    "raw_pnp_rotation": [
      [
        0.3948553310041253,
        -0.16826169631968904,
        -0.903203891227913
      ],
      [
        -0.4424659249497277,
        0.8267416720670409,
        -0.3474508784363275
      ],
      [
        0.8051789694446849,
        0.5368297767630018,
        0.251993289483234
      ]
    ],
    "pose_estimation_failed": false,
    "num_inliers": 15,
    "reprojection_error": 2.410783529281616,
    "tracking_method": "loosely_coupled",
    "timestamp": 1742477179.7202115,
    "image_file": "webcam_000017",
    "frame_idx": 17,
    "image_name": "webcam_000017"
  },
  {
    "frame": 18,
    "kf_translation_vector": [
      -0.08368079562772153,
      -0.0048850488086853395,
      0.8270703719521508
    ],
    "kf_quaternion": [
      0.27859294481260144,
      -0.5437361693155917,
      -0.09121695048283414,
      0.7863945684090533
    ],
    "kf_rotation_matrix": [
      [
        0.3920608922452369,
        -0.1594970924084312,
        -0.9060071380983292
      ],
      [
        -0.44642715003458455,
        0.82813087809051,
        -0.33897204673105336
      ],
      [
        0.8043575426909773,
        0.5373638676597983,
        0.25347389855729807
      ]
    ],
    "raw_pnp_translation": [
      -0.09008123813996402,
      0.0012053363473132892,
      0.8498970543218958
    ],
    "raw_pnp_rotation": [
      [
        0.33680084489629514,
        0.28059437498884837,
        -0.8987947416411374
      ],
      [
        -0.3320161112455778,
        -0.8578586636687265,
        -0.39222928886286734
      ],
      [
        -0.8810961881375413,
        0.4305174908097511,
        -0.19576566950405294
      ]
    ],
    "pose_estimation_failed": false,
    "tracking_method": "prediction",
    "pnp_result": "not_reliable_enough",
    "timestamp": 1742477179.8574326,
    "image_file": "webcam_000018",
    "frame_idx": 18,
    "image_name": "webcam_000018"
  },
  {
    "frame": 19,
    "kf_translation_vector": [
      -0.09167820960435857,
      0.0029154736618085112,
      0.832490257772398
    ],
    "kf_quaternion": [
      0.28243837211469586,
      -0.549934724148382,
      -0.07006826356981882,
      0.7828734275560476
    ],
    "kf_rotation_matrix": [
      [
        0.38532447523230695,
        -0.20093617318801743,
        -0.9006384974513928
      ],
      [
        -0.42035449984323586,
        0.830638008795022,
        -0.36516105050591585
      ],
      [
        0.8214786322531404,
        0.5192929352972137,
        0.2356007302660873
      ]
    ],
    "raw_pnp_translation": [
      -0.09172073717691538,
      0.003460667950584247,
      0.8329217995840639
    ],
    "raw_pnp_rotation": [
      [
        0.3824054295218551,
        -0.21665450954000848,
        -0.8982354429481082
      ],
      [
        -0.41038696273022296,
        0.8311536085608071,
        -0.3751882458145659
      ],
      [
        0.827857855125666,
        0.5120981375403809,
        0.22892546654840507
      ]
    ],
    "pose_estimation_failed": false,
    "num_inliers": 14,
    "reprojection_error": 2.1141984462738037,
    "tracking_method": "loosely_coupled",
    "timestamp": 1742477179.9883413,
    "image_file": "webcam_000019",
    "frame_idx": 19,
    "image_name": "webcam_000019"
  },
  {
    "frame": 20,
    "kf_translation_vector": [
      -0.09526920789244986,
      0.005538187198614395,
      0.8330075660067296
    ],
    "kf_quaternion": [
      0.2965579441819855,
      -0.5499273811299366,
      -0.04541086255241269,
      0.7794684822289928
    ],
    "kf_rotation_matrix": [
      [
        0.39103545809163076,
        -0.25537799497367736,
        -0.8842360262951814
      ],
      [
        -0.39696333941543144,
        0.8199824786096005,
        -0.4123697878523656
      ],
      [
        0.8303682181268845,
        0.5122604947255649,
        0.21926652245224765
      ]
    ],
    "raw_pnp_translation": [
      -0.09298089341574313,
      0.003601698834619928,
      0.8310453657816317
    ],
    "raw_pnp_rotation": [
      [
        0.39369018049241666,
        -0.2866063390640511,
        -0.8734213463112466
      ],
      [
        -0.38325312710426096,
        0.8124578292592953,
        -0.43935101711510677
      ],
      [
        0.8355387976321946,
        0.5077096434809721,
        0.21001389374936733
      ]
    ],
    "pose_estimation_failed": false,
    "num_inliers": 13,
    "reprojection_error": 2.3670811653137207,
    "tracking_method": "loosely_coupled",
    "timestamp": 1742477180.1242228,
    "image_file": "webcam_000020",
    "frame_idx": 20,
    "image_name": "webcam_000020"
  },
  {
    "frame": 21,
    "kf_translation_vector": [
      -0.08987269428189829,
      0.0039043152547226833,
      0.8284734926687873
    ],
    "kf_quaternion": [
      0.29887599971460266,
      -0.5524723534635751,
      -0.035231654151606825,
      0.7773069959795531
    ],
    "kf_rotation_matrix": [
      [
        0.3870660584083201,
        -0.2754698314082586,
        -0.879941042577372
      ],
      [
        -0.38501307641616284,
        0.8188637346806767,
        -0.42570778124598124
      ],
      [
        0.8378214591527297,
        0.5035658407881931,
        0.21089487090603065
      ]
    ],
    "raw_pnp_translation": [
      -0.08245798596251909,
      -0.00047077706508318246,
      0.8236215580595804
    ],
    "raw_pnp_rotation": [
      [
        0.38449051116733335,
        -0.2877094622660567,
        -0.877148968046397
      ],
      [
        -0.37770424017600396,
        0.8179848649313584,
        -0.43386664736563324
      ],
      [
        0.8423221199608556,
        0.49812049352119986,
        0.20583833500795248
      ]
    ],
    "pose_estimation_failed": false,
    "num_inliers": 13,
    "reprojection_error": 2.1327383518218994,
    "tracking_method": "loosely_coupled",
    "timestamp": 1742477180.256184,
    "image_file": "webcam_000021",
    "frame_idx": 21,
    "image_name": "webcam_000021"
  },
  {
    "frame": 22,
    "kf_translation_vector": [
      -0.07334063565660134,
      -0.006657605564380914,
      0.8199907515632344
    ],
    "kf_quaternion": [
      0.2981094846090829,
      -0.5460931900446827,
      -0.03273628227541672,
      0.7822028501582651
    ],
    "kf_rotation_matrix": [
      [
        0.4014211272192125,
        -0.2743782922666677,
        -0.8738292918842238
      ],
      [
        -0.37680394546433355,
        0.8201181420177824,
        -0.43061005540490116
      ],
      [
        0.834793306935656,
        0.5021182986768432,
        0.22582592594585804
      ]
    ],
    "raw_pnp_translation": [
      -0.05981353878672453,
      -0.01599002827760415,
      0.8130515815765729
    ],
    "raw_pnp_rotation": [
      [
        0.41023000780654917,
        -0.2737191768417414,
        -0.8699362924514173
      ],
      [
        -0.37169582016109803,
        0.8208915830318189,
        -0.43356571149282885
      ],
      [
        0.8327986299038965,
        0.5012133489209897,
        0.23501408658546188
      ]
    ],
    "pose_estimation_failed": false,
    "num_inliers": 13,
    "reprojection_error": 2.3169469833374023,
    "tracking_method": "loosely_coupled",
    "timestamp": 1742477180.392175,
    "image_file": "webcam_000022",
    "frame_idx": 22,
    "image_name": "webcam_000022"
  },
  {
    "frame": 23,
    "kf_translation_vector": [
      -0.052880907336430555,
      -0.02430475911972865,
      0.8136636230686268
    ],
    "kf_quaternion": [
      0.3055912103796774,
      -0.5417886143465271,
      -0.040035373925655565,
      0.7819694868329498
    ],
    "kf_rotation_matrix": [
      [
        0.40972453239820605,
        -0.26851879524854666,
        -0.8717932462168656
      ],
      [
        -0.39374455846378725,
        0.8100223619466334,
        -0.43454458439446064
      ],
      [
        0.8228554127130894,
        0.5213074234505647,
        0.22615821900630773
      ]
    ],
    "raw_pnp_translation": [
      -0.037666018068416775,
      -0.03731558581977402,
      0.8082548056492224
    ],
    "raw_pnp_rotation": [
      [
        0.4147868658326347,
        -0.26480305703342494,
        -0.8705350061419084
      ],
      [
        -0.40409362161362966,
        0.8035902724415819,
        -0.4369794262988187
      ],
      [
        0.8152669507001498,
        0.533030970041157,
        0.22631346418863962
      ]
    ],
    "pose_estimation_failed": false,
    "num_inliers": 12,
    "reprojection_error": 2.2437245845794678,
    "tracking_method": "loosely_coupled",
    "timestamp": 1742477180.524241,
    "image_file": "webcam_000023",
    "frame_idx": 23,
    "image_name": "webcam_000023"
  },
  {
    "frame": 24,
    "kf_translation_vector": [
      -0.024775369492658954,
      -0.048887546703739994,
      0.814010145872378
    ],
    "kf_quaternion": [
      0.3254384100131293,
      -0.5297506312497204,
      -0.05066661008654986,
      0.7815926078213551
    ],
    "kf_rotation_matrix": [
      [
        0.4335943266257205,
        -0.26560111046069257,
        -0.8610760768015999
      ],
      [
        -0.4240037020887497,
        0.7830454718209278,
        -0.45503917378152775
      ],
      [
        0.7951206326923121,
        0.5624018484880607,
        0.22690821995729815
      ]
    ],
    "raw_pnp_translation": [
      -0.005802439687776604,
      -0.06534073583793774,
      0.8126704884660452
    ],
    "raw_pnp_rotation": [
      [
        0.4481948990256128,
        -0.26315567911400783,
        -0.8543245408142424
      ],
      [
        -0.44193614094914957,
        0.7655065349636565,
        -0.46764537018012886
      ],
      [
        0.777054553947401,
        0.5871531601532787,
        0.22679811884498532
      ]
    ],
    "pose_estimation_failed": false,
    "num_inliers": 9,
    "reprojection_error": 2.524463653564453,
    "tracking_method": "loosely_coupled",
    "timestamp": 1742477180.6602166,
    "image_file": "webcam_000024",
    "frame_idx": 24,
    "image_name": "webcam_000024"
  },
  {
    "frame": 25,
    "kf_translation_vector": [
      -0.028220429612220717,
      -0.04610988121454306,
      0.8165844211988277
    ],
    "kf_quaternion": [
      0.3254384100131293,
      -0.5297506312497204,
      -0.05066661008654986,
      0.7815926078213551
    ],
    "kf_rotation_matrix": [
      [
        0.4335943266257205,
        -0.26560111046069257,
        -0.8610760768015999
      ],
      [
        -0.4240037020887497,
        0.7830454718209278,
        -0.45503917378152775
      ],
      [
        0.7951206326923121,
        0.5624018484880607,
        0.22690821995729815
      ]
    ],
    "raw_pnp_translation": [
      0.023360838031022,
      -0.06286910640606129,
      0.7214682152322581
    ],
    "raw_pnp_rotation": [
      [
        0.19675142110496469,
        0.37741937413321713,
        -0.9048997150635354
      ],
      [
        -0.16558904281843367,
        -0.8968904381663515,
        -0.4100826877889934
      ],
      [
        -0.9663690533081302,
        0.23052582925707216,
        -0.11396795538083226
      ]
    ],
    "pose_estimation_failed": false,
    "tracking_method": "prediction",
    "pnp_result": "not_reliable_enough",
    "timestamp": 1742477180.7921984,
    "image_file": "webcam_000025",
    "frame_idx": 25,
    "image_name": "webcam_000025"
  },
  {
    "frame": 26,
    "kf_translation_vector": [
      0.032492125816772695,
      -0.05092430925716655,
      0.810101214578132
    ],
    "kf_quaternion": [
      0.32050825450475184,
      -0.5123356476998537,
      -0.0798787836287369,
      0.7927206461397874
    ],
    "kf_rotation_matrix": [
      [
        0.46226312804392955,
        -0.20177248638761802,
        -0.8634817103957675
      ],
      [
        -0.45505873027174837,
        0.7817876774406213,
        -0.4262975245124738
      ],
      [
        0.7610744723445306,
        0.5899965179040954,
        0.26957328578057715
      ]
    ],
    "raw_pnp_translation": [
      0.0544011313549089,
      -0.053516912143238865,
      0.8070082002813117
    ],
    "raw_pnp_rotation": [
      [
        0.4723593244416447,
        -0.1770091616227272,
        -0.863449144602421
      ],
      [
        -0.4670369653458334,
        0.7805313297351748,
        -0.4155085032853057
      ],
      [
        0.7474979208088729,
        0.5995319841371762,
        0.2860214299365571
      ]
    ],
    "pose_estimation_failed": false,
    "num_inliers": 11,
    "reprojection_error": 2.002439260482788,
    "tracking_method": "loosely_coupled",
    "timestamp": 1742477180.9283178,
    "image_file": "webcam_000026",
    "frame_idx": 26,
    "image_name": "webcam_000026"
  },
  {
    "frame": 27,
    "kf_translation_vector": [
      0.06451689619134143,
      -0.027521891229802833,
      0.8068367856720993
    ],
    "kf_quaternion": [
      0.29555179860591624,
      -0.5127922811795007,
      -0.09421910893834645,
      0.8005098189369045
    ],
    "kf_rotation_matrix": [
      [
        0.45633367174717576,
        -0.15226671835439992,
        -0.8766837665380388
      ],
      [
        -0.4539600057009287,
        0.8075437877033438,
        -0.3765545699706078
      ],
      [
        0.7652972580989387,
        0.569813897183386,
        0.2993864214070636
      ]
    ],
    "raw_pnp_translation": [
      0.08225738126860095,
      -0.016211289478410586,
      0.8038831968941265
    ],
    "raw_pnp_rotation": [
      [
        0.4529607411601363,
        -0.12320647867349899,
        -0.8829760645569827
      ],
      [
        -0.4531366374510808,
        0.8211190499814791,
        -0.34703125731991524
      ],
      [
        0.7677849664894384,
        0.5573003403645023,
        0.3161053240020202
      ]
    ],
    "pose_estimation_failed": false,
    "num_inliers": 15,
    "reprojection_error": 2.5745582580566406,
    "tracking_method": "loosely_coupled",
    "timestamp": 1742477181.196394,
    "image_file": "webcam_000027",
    "frame_idx": 27,
    "image_name": "webcam_000027"
  },
  {
    "frame": 28,
    "kf_translation_vector": [
      0.09089015247808742,
      -0.0061541965635643035,
      0.8131463195413293
    ],
    "kf_quaternion": [
      0.27914236106228013,
      -0.5026477319164768,
      -0.11031772637953989,
      0.8107125255639304
    ],
    "kf_rotation_matrix": [
      [
        0.4703505136913413,
        -0.10174862420427591,
        -0.8765943256391914
      ],
      [
        -0.4594924744747856,
        0.8198190830140493,
        -0.3417065071476429
      ],
      [
        0.753416923204762,
        0.5635103269670757,
        0.3388495997195946
      ]
    ],
    "raw_pnp_translation": [
      0.10570368797787448,
      0.004188907809218677,
      0.8156261321419778
    ],
    "raw_pnp_rotation": [
      [
        0.4786013591114463,
        -0.07075156491090054,
        -0.8751770992886726
      ],
      [
        -0.46319887946943394,
        0.82642151354486,
        -0.3201160414732187
      ],
      [
        0.7459138939012581,
        0.5585890242502812,
        0.3627544139940705
      ]
    ],
    "pose_estimation_failed": false,
    "num_inliers": 13,
    "reprojection_error": 2.2022743225097656,
    "tracking_method": "loosely_coupled",
    "timestamp": 1742477181.332195,
    "image_file": "webcam_000028",
    "frame_idx": 28,
    "image_name": "webcam_000028"
  },
  {
    "frame": 29,
    "kf_translation_vector": [
      0.10443322333307192,
      0.00964020731152138,
      0.800942131574655
    ],
    "kf_quaternion": [
      0.24681264974291747,
      -0.4981191732273014,
      -0.12882661553241126,
      0.8211969972672172
    ],
    "kf_rotation_matrix": [
      [
        0.4705619847876279,
        -0.03430016637733441,
        -0.8817000153449104
      ],
      [
        -0.4574682857505919,
        0.8449744381146884,
        -0.27702159927554626
      ],
      [
        0.7545158619970445,
        0.5337056281502507,
        0.38192161038045924
      ]
    ],
    "raw_pnp_translation": [
      0.111366070006762,
      0.016438010980236038,
      0.792640185359412
    ],
    "raw_pnp_rotation": [
      [
