[
  {
    "frame": 1,
    "object_rotation_in_cam": [
      [
        0.3513457686512881,
        -0.10596936137406573,
        -0.9302293509134228
      ],
      [
        -0.5244713252020239,
        0.8007669783582768,
        -0.2893131096438384
      ],
      [
        0.7755552719772255,
        0.5895275573040903,
        0.22576819813118973
      ]
    ],
    "object_translation_in_cam": [
      -0.03750414331315452,
      -0.02584587380023624,
      0.6864345862732648
    ],
    "raw_rvec": [
      0.6178417079149762,
      -1.1991990407111026,
      -0.29421484214562116
    ],
    "refined_raw_rvec": [
      0.6178417079149762,
      -1.1991990407111026,
      -0.29421484214562116
    ],
    "num_inliers": 10,
    "total_matches": 27,
    "inlier_ratio": 0.37037037037037035,
    "reprojection_errors": [
      1.894925594329834,
      2.1009278297424316,
      2.5257158279418945,
      3.240272283554077,
      3.1716103553771973,
      3.14652681350708,
      4.133177280426025,
      3.423306465148926,
      2.093674898147583,
      2.202521800994873
    ],
    "mean_reprojection_error": 2.7932660579681396,
    "std_reprojection_error": 0.6968790292739868,
    "inliers": [
      8,
      12,
      13,
      14,
      15,
      16,
      17,
      19,
      23,
      25
    ],
    "mkpts0": [
      [
        727.625,
        126.375
      ],
      [
        636.375,
        157.625
      ],
      [
        663.875,
        165.125
      ],
      [
        745.125,
        201.375
      ],
      [
        805.125,
        212.625
      ],
      [
        793.875,
        220.125
      ],
      [
        425.125,
        242.625
      ],
      [
        413.875,
        248.875
      ],
      [
        478.875,
        281.375
      ],
      [
        590.125,
        283.875
      ],
      [
        386.375,
        288.875
      ],
      [
        350.125,
        290.125
      ],
      [
        597.625,
        297.625
      ],
      [
        430.125,
        311.375
      ],
      [
        575.125,
        312.625
      ],
      [
        540.125,
        313.875
      ],
      [
        518.875,
        327.625
      ],
      [
        586.375,
        330.125
      ],
      [
        602.625,
        347.625
      ],
      [
        611.375,
        352.625
      ],
      [
        636.375,
        357.625
      ],
      [
        650.125,
        376.375
      ],
      [
        496.375,
        377.625
      ],
      [
        715.125,
        383.875
      ],
      [
        595.125,
        388.875
      ],
      [
        702.625,
        391.375
      ],
      [
        815.125,
        415.125
      ]
    ],
    "mkpts1": [
      [
        690.125,
        12.625
      ],
      [
        595.125,
        47.625
      ],
      [
        621.375,
        50.125
      ],
      [
        708.875,
        105.125
      ],
      [
        815.125,
        111.375
      ],
      [
        798.875,
        126.375
      ],
      [
        223.875,
        198.875
      ],
      [
        207.625,
        207.625
      ],
      [
        363.875,
        247.625
      ],
      [
        565.125,
        237.625
      ],
      [
        197.625,
        276.375
      ],
      [
        117.625,
        288.875
      ],
      [
        573.875,
        258.875
      ],
      [
        303.875,
        307.625
      ],
      [
        551.375,
        283.875
      ],
      [
        517.625,
        288.875
      ],
      [
        495.125,
        313.875
      ],
      [
        595.125,
        311.375
      ],
      [
        638.875,
        335.125
      ],
      [
        661.375,
        343.875
      ],
      [
        703.875,
        346.375
      ],
      [
        745.125,
        372.625
      ],
      [
        477.625,
        407.625
      ],
      [
        846.375,
        373.875
      ],
      [
        671.375,
        401.375
      ],
      [
        840.125,
        387.625
      ],
      [
        1055.125,
        393.875
      ]
    ],
    "mpts3D": [
      [
        0.20600000023841858,
        -0.07000000029802322,
        -0.0020000000949949026
      ],
      [
        0.23000000417232513,
        -0.0,
        0.11299999803304672
      ],
      [
        0.23000000417232513,
        -0.0,
        0.07000000029802322
      ],
      [
        0.21699999272823334,
        -0.0,
        -0.027000000700354576
      ],
      [
        0.23000000417232513,
        0.0,
        -0.07000000029802322
      ],
      [
        0.21699999272823334,
        -0.0,
        -0.07000000029802322
      ],
      [
        -0.0,
        -0.0,
        0.15600000321865082
      ],
      [
        -0.014000000432133675,
        0.0,
        0.15600000321865082
      ],
      [
        -0.01899999938905239,
        -0.0,
        0.07400000095367432
      ],
      [
        0.02500000037252903,
        -0.014000000432133675,
        -0.010999999940395355
      ],
      [
        -0.07400000095367432,
        -0.0,
        0.12800000607967377
      ],
      [
        -0.07999999821186066,
        -0.0,
        0.15600000321865082
      ],
      [
        0.02500000037252903,
        0.0,
        -0.014999999664723873
      ],
      [
        -0.07400000095367432,
        -0.0,
        0.07400000095367432
      ],
      [
        0.0,
        -0.0,
        -0.014999999664723873
      ],
      [
        -0.03500000014901161,
        -0.017999999225139618,
        -0.009999999776482582
      ],
      [
        -0.05700000002980232,
        -0.017999999225139618,
        -0.009999999776482582
      ],
      [
        -0.014000000432133675,
        0.0,
        -0.041999999433755875
      ],
      [
        -0.023000000044703484,
        0.0,
        -0.06499999761581421
      ],
      [
        -0.023000000044703484,
        -0.0,
        -0.07500000298023224
      ],
      [
        -0.017000000923871994,
        -0.0,
        -0.09200000017881393
      ],
      [
        -0.028999999165534973,
        -0.0,
        -0.12700000405311584
      ],
      [
        -0.09000000357627869,
        -0.0,
        -0.014999999664723873
      ],
      [
        0.0,
        0.0,
        -0.15600000321865082
      ],
      [
        -0.052000001072883606,
        -0.0,
        -0.09700000286102295
      ],
      [
        -0.014000000432133675,
        0.0,
        -0.15600000321865082
      ],
      [
        -0.0,
        -0.02500000037252903,
        -0.23999999463558197
      ]
    ],
    "mconf": [
      0.6124403476715088,
      0.7162426710128784,
      0.9475919008255005,
      0.9932628870010376,
      0.13630788028240204,
      0.6899447441101074,
      0.8809227347373962,
      0.9956349730491638,
      0.9953279495239258,
      0.8567065000534058,
      0.9938859343528748,
      0.6289033889770508,
      0.979648232460022,
      0.9993183016777039,
      0.9488620758056641,
      0.9921002388000488,
      0.9964506030082703,
      0.9963853359222412,
      0.9955846667289734,
      0.9997217059135437,
      0.99989253282547,
      0.9994527101516724,
      0.9078906774520874,
      0.9717217683792114,
      0.999905526638031,
      0.9997945427894592,
      0.26683586835861206
    ],
    "coverage_score": 0.6493974703476993,
    "pose_estimation_failed": false,
    "tracking_method": "pnp",
    "timestamp": 1742368055.953832,
    "image_file": "webcam_000001",
    "frame_idx": 1,
    "image_name": "webcam_000001"
  },
  {
    "frame": 3,
    "kf_translation_vector": [
      -0.03592893785567453,
      -0.018248676325795826,
      0.6890715475702918
    ],
    "kf_quaternion": [
      0.2604783544133246,
      -0.5548643469672512,
      -0.14479942320270567,
      0.7767301400015942
    ],
    "kf_rotation_matrix": [
      [
        0.3423173670095393,
        -0.06412015152853184,
        -0.937393954755211
      ],
      [
        -0.5140004565540826,
        0.8223683078445804,
        -0.24395470258848517
      ],
      [
        0.7865254928518537,
        0.5653308521749009,
        0.2485531666934646
      ]
    ],
    "raw_pnp_translation": [
      -0.035636562602731896,
      -0.01690661556816622,
      0.6923377772360648
    ],
    "raw_pnp_rotation": [
      [
        0.34361822683383736,
        -0.04986138988073663,
        -0.9377848132630057
      ],
      [
        -0.5099898137528093,
        0.828603909025158,
        -0.23092412567032133
      ],
      [
        0.7885663599570706,
        0.5576104408522033,
        0.259294605028078
      ]
    ],
    "pose_estimation_failed": false,
    "num_inliers": 10,
    "reprojection_error": 1.8410112857818604,
    "tracking_method": "loosely_coupled",
    "timestamp": 1742368056.2179415,
    "image_file": "webcam_000003",
    "frame_idx": 3,
    "image_name": "webcam_000003"
  },
  {
    "frame": 4,
    "kf_translation_vector": [
      -0.035448891127005,
      -0.020227044519315025,
      0.6876762891265761
    ],
    "kf_quaternion": [
      0.26072809048152323,
      -0.5550666229707372,
      -0.1423232534175002,
      0.7769594573942571
    ],
    "kf_rotation_matrix": [
      [
        0.34329027120103905,
        -0.06828412589468322,
        -0.9367438645913387
      ],
      [
        -0.5106017168940684,
        0.8235299087410333,
        -0.24715253612660956
      ],
      [
        0.7883131842126877,
        0.5631480867052506,
        0.2478438137954403
      ]
    ],
    "raw_pnp_translation": [
      -0.03505595071844073,
      -0.02190165913701441,
      0.6864500955197428
    ],
    "raw_pnp_rotation": [
      [
        0.3440856637807739,
        -0.0762730096848156,
        -0.9358351799190734
      ],
      [
        -0.5043418394539192,
        0.8256913719094214,
        -0.25273121558401657
      ],
      [
        0.7919876040423748,
        0.5589420241384231,
        0.2456408937763846
      ]
    ],
    "pose_estimation_failed": false,
    "num_inliers": 10,
    "reprojection_error": 2.0895118713378906,
    "tracking_method": "loosely_coupled",
    "timestamp": 1742368056.3538947,
    "image_file": "webcam_000004",
    "frame_idx": 4,
    "image_name": "webcam_000004"
  },
  {
    "frame": 5,
    "kf_translation_vector": [
      -0.03519295133211817,
      -0.023631021049848853,
      0.6878411008631428
    ],
    "kf_quaternion": [
      0.26659735012495533,
      -0.5580243096344462,
      -0.136793324521549,
      0.7738360996552784
    ],
    "kf_rotation_matrix": [
      [
        0.33979291244668386,
        -0.08582437909443338,
        -0.9365761862251545
      ],
      [
        -0.5092468299209703,
        0.8204268785453883,
        -0.25993730624077993
      ],
      [
        0.7907012348962423,
        0.5652733081557324,
        0.2350694455267035
      ]
    ],
    "raw_pnp_translation": [
      -0.03497348411516715,
      -0.02666837683181944,
      0.6879616468245665
    ],
    "raw_pnp_rotation": [
      [
        0.3324157213147144,
        -0.12206089390694416,
        -0.9352010085545545
      ],
      [
        -0.506524871448677,
        0.8133403419257668,
        -0.2861993060787853
      ],
      [
        0.7955704512026068,
        0.568839719406719,
        0.2085402378404847
      ]
    ],
    "pose_estimation_failed": false,
    "num_inliers": 12,
    "reprojection_error": 2.3923099040985107,
    "tracking_method": "loosely_coupled",
    "timestamp": 1742368056.485993,
    "image_file": "webcam_000005",
    "frame_idx": 5,
    "image_name": "webcam_000005"
  },
  {
    "frame": 6,
    "kf_translation_vector": [
      -0.03467493951758059,
      -0.02668539726590304,
      0.6853457545567683
    ],
    "kf_quaternion": [
      0.26547149779231327,
      -0.5578238272771017,
      -0.13760551892475895,
      0.774223599965333
    ],
    "kf_rotation_matrix": [
      [
        0.33979459776674814,
        -0.08309777338893645,
        -0.9368214298287241
      ],
      [
        -0.509247534337035,
        0.8211792100427072,
        -0.25754932297578614
      ],
      [
        0.7907000569749469,
        0.5645878718600288,
        0.23671492316366405
      ]
    ],
    "raw_pnp_translation": [
      -0.034207797241505855,
      -0.029459921294212443,
      0.6830444614499449
    ],
    "raw_pnp_rotation": [
      [
        0.34149660589588204,
        -0.07635783969179735,
        -0.9367761464080916
      ],
      [
        -0.5101660425141036,
        0.8220281651093857,
        -0.2529828152906717
      ],
      [
        0.7893735980048296,
        0.5643041521063777,
        0.2417646514451844
      ]
    ],
    "pose_estimation_failed": false,
    "num_inliers": 10,
    "reprojection_error": 2.185509204864502,
    "tracking_method": "loosely_coupled",
    "timestamp": 1742368056.6218982,
    "image_file": "webcam_000006",
    "frame_idx": 6,
    "image_name": "webcam_000006"
  },
  {
    "frame": 7,
    "kf_translation_vector": [
      -0.03372374517165245,
      -0.02725362857126746,
      0.6838569658425563
    ],
    "kf_quaternion": [
      0.2697911678611873,
      -0.5585336661004323,
      -0.136068015494365,
      0.7724884236905644
    ],
    "kf_rotation_matrix": [
      [
        0.3390512779836721,
        -0.09115296652616148,
        -0.9363414802256277
      ],
      [
        -0.5115968337419428,
        0.8173964418070438,
        -0.26482397290729376
      ],
      [
        0.7895016849905122,
        0.5688182430396063,
        0.23050573915301498
      ]
    ],
    "raw_pnp_translation": [
      -0.032849978980531845,
      -0.027757743351307342,
      0.6824770131891811
    ],
    "raw_pnp_rotation": [
      [
        0.3378693206954203,
        -0.11027443363663755,
        -0.9347105816341946
      ],
      [
        -0.5174905549587235,
        0.8077620292572346,
        -0.28235443970079
      ],
      [
        0.7861601921118416,
        0.5791028003527126,
        0.21585203024831354
      ]
    ],
    "pose_estimation_failed": false,
    "num_inliers": 11,
    "reprojection_error": 2.7829277515411377,
    "tracking_method": "loosely_coupled",
    "timestamp": 1742368056.7539134,
    "image_file": "webcam_000007",
    "frame_idx": 7,
    "image_name": "webcam_000007"
  },
  {
    "frame": 8,
    "kf_translation_vector": [
      -0.03270657805012569,
      -0.022581711632768592,
      0.6838775018441665
    ],
    "kf_quaternion": [
      0.26949308423718993,
      -0.5575227407304505,
      -0.13748846533834164,
      0.7730710142125635
    ],
    "kf_rotation_matrix": [
      [
        0.340530630934629,
        -0.08792035118035926,
        -0.9361137223882503
      ],
      [
        -0.5130737405469219,
        0.816940798894469,
        -0.2633686918805209
      ],
      [
        0.7879049601039796,
        0.569980475937544,
        0.2330837422334675
      ]
    ],
    "raw_pnp_translation": [
      -0.03176678345908388,
      -0.018230474368331116,
      0.6838963678533683
    ],
    "raw_pnp_rotation": [
      [
        0.3452325957150855,
        -0.07858755932797584,
        -0.9352210703222509
      ],
      [
        -0.5175233802732675,
        0.8153527321123992,
        -0.2595563004578729
      ],
      [
        0.7829329509775121,
        0.5736060649572305,
        0.24081544077971023
      ]
    ],
    "pose_estimation_failed": false,
    "num_inliers": 11,
    "reprojection_error": 2.052212953567505,
    "tracking_method": "loosely_coupled",
    "timestamp": 1742368056.8899412,
    "image_file": "webcam_000008",
    "frame_idx": 8,
    "image_name": "webcam_000008"
  },
  {
    "frame": 9,
    "kf_translation_vector": [
      -0.03142121235533387,
      -0.016509703026163454,
      0.6742931374696088
    ],
    "kf_quaternion": [
      0.26281927049888465,
      -0.5523399254085841,
      -0.13551074355934214,
      0.7794122633331273
    ],
    "kf_rotation_matrix": [
      [
        0.3531148903592679,
        -0.07909368183950113,
        -0.932230692317966
      ],
      [
        -0.5015686232136686,
        0.8251257388688567,
        -0.25999313695493653
      ],
      [
        0.7897713532498551,
        0.5593851129134518,
        0.2516932757081477
      ]
    ],
    "raw_pnp_translation": [
      -0.030229081863436633,
      -0.010856853418888177,
      0.6653783209855239
    ],
    "raw_pnp_rotation": [
      [
        0.3846047426578506,
        -0.056992755718274696,
        -0.921320257956334
      ],
      [
        -0.4729787946892351,
        0.8449464132838647,
        -0.24971307225103614
      ],
      [
        0.7926980835724324,
        0.531805777022373,
        0.29801403293506706
      ]
    ],
    "pose_estimation_failed": false,
    "num_inliers": 11,
    "reprojection_error": 1.973257064819336,
    "tracking_method": "loosely_coupled",
    "timestamp": 1742368057.0259285,
    "image_file": "webcam_000009",
    "frame_idx": 9,
    "image_name": "webcam_000009"
  },
  {
    "frame": 10,
    "kf_translation_vector": [
      -0.03081640760715522,
      -0.012132592621948428,
      0.6820496522219152
    ],
    "kf_quaternion": [
      0.25954828024255244,
      -0.5523266740425815,
      -0.13774589314546093,
      0.780125633655088
    ],
    "kf_rotation_matrix": [
      [
        0.35192262812523833,
        -0.0717926724127042,
        -0.9332718124969099
      ],
      [
        -0.5016290811066593,
        0.8273215182893854,
        -0.25279907112850464
      ],
      [
        0.7902649737913947,
        0.5571219952247337,
        0.25513987072838673
      ]
    ],
    "raw_pnp_translation": [
      -0.030255994637592376,
      -0.008057591052736048,
      0.6892730663103709
    ],
    "raw_pnp_rotation": [
      [
        0.34622843961253846,
        -0.05536543035498426,
        -0.9365151022407883
      ],
      [
        -0.5025544864771994,
        0.8319995268528528,
        -0.23498037245324876
      ],
      [
        0.7921899114007356,
        0.5520067539788226,
        0.26023775251999526
      ]
    ],
    "pose_estimation_failed": false,
    "num_inliers": 11,
    "reprojection_error": 1.9462169408798218,
    "tracking_method": "loosely_coupled",
    "timestamp": 1742368057.1579227,
    "image_file": "webcam_000010",
    "frame_idx": 10,
    "image_name": "webcam_000010"
  },
  {
    "frame": 11,
    "kf_translation_vector": [
      -0.03009985054628051,
      -0.010283257881575896,
      0.6870400397092745
    ],
    "kf_quaternion": [
      0.26335335114951325,
      -0.5534300899469803,
      -0.13325671840476525,
      0.7788470934526184
    ],
    "kf_rotation_matrix": [
      [
        0.35191556508254074,
        -0.08392212200385674,
        -0.9322620406790174
      ],
      [
        -0.4990685532541985,
        0.8257753188766286,
        -0.26272742888203304
      ],
      [
        0.7918876272586897,
        0.5577205394931877,
        0.24872029595919687
      ]
    ],
    "raw_pnp_translation": [
      -0.029434372205670294,
      -0.008562149525621343,
      0.6916864825510942
    ],
    "raw_pnp_rotation": [
      [
        0.35006886470511567,
        -0.11638674272991265,
        -0.9294653926213674
      ],
      [
        -0.4920879503789507,
        0.8214563867693461,
        -0.2881993298529576
      ],
      [
        0.7970578643084294,
        0.5582683322136154,
        0.23029379103986644
      ]
    ],
    "pose_estimation_failed": false,
    "num_inliers": 11,
    "reprojection_error": 2.4159491062164307,
    "tracking_method": "loosely_coupled",
    "timestamp": 1742368057.2939167,
    "image_file": "webcam_000011",
    "frame_idx": 11,
    "image_name": "webcam_000011"
  },
  {
    "frame": 12,
    "kf_translation_vector": [
      -0.02937857112240394,
      -0.008315862809783983,
      0.6876486042328273
    ],
    "kf_quaternion": [
      0.2636235805874925,
      -0.5538035144142449,
      -0.13196089923702203,
      0.7787108553585328
    ],
    "kf_rotation_matrix": [
      [
        0.3517759769899754,
        -0.08647256138615536,
        -0.9320816263289745
      ],
      [
        -0.49751010026112574,
        0.8261778576615727,
        -0.2644122683384771
      ],
      [
        0.7929296073113382,
        0.5567339073893846,
        0.24760855036132212
      ]
    ],
    "raw_pnp_translation": [
      -0.028708111917594696,
      -0.006484752999946785,
      0.6882140820743738
    ],
    "raw_pnp_rotation": [
      [
        0.35202120689278443,
        -0.09296010846606084,
        -0.9313643154704425
      ],
      [
        -0.49450564342626224,
        0.826374872831531,
        -0.26938585369734896
      ],
      [
        0.7946982059356407,
        0.5553944434243552,
        0.24493218183004223
      ]
    ],
    "pose_estimation_failed": false,
    "num_inliers": 11,
    "reprojection_error": 2.6135385036468506,
    "tracking_method": "loosely_coupled",
    "timestamp": 1742368057.425924,
    "image_file": "webcam_000012",
    "frame_idx": 12,
    "image_name": "webcam_000012"
  },
  {
    "frame": 13,
    "kf_translation_vector": [
      -0.028667555327313195,
      -0.0064341931117051655,
      0.688239711156894
    ],
    "kf_quaternion": [
      0.25977734239027933,
      -0.5534057116414811,
      -0.1341040812825381,
      0.7799191920235045
    ],
    "kf_rotation_matrix": [
      [
        0.3515164274119046,
        -0.0783438366257875,
        -0.9328978746477684
      ],
      [
        -0.4967052235095134,
        0.82906365552802,
        -0.2567827408936998
      ],
      [
        0.7935490672906974,
        0.5536385990384599,
        0.25251570140645896
      ]
    ],
    "raw_pnp_translation": [
      -0.02800631065386494,
      -0.0046829113564345074,
      0.6887893048841064
    ],
    "raw_pnp_rotation": [
      [
        0.3514258216285662,
        -0.057634000602518526,
        -0.9344400536509745
      ],
      [
        -0.49538260770094744,
        0.8354822845223574,
        -0.23783486757982303
      ],
      [
        0.7944154856749057,
        0.5464866642689936,
        0.26505916678366737
      ]
    ],
    "pose_estimation_failed": false,
    "num_inliers": 11,
    "reprojection_error": 2.0234217643737793,
    "tracking_method": "loosely_coupled",
    "timestamp": 1742368057.5630214,
    "image_file": "webcam_000013",
    "frame_idx": 13,
    "image_name": "webcam_000013"
  },
  {
    "frame": 14,
    "kf_translation_vector": [
      -0.027431874303640046,
      -0.0073996911654896705,
      0.6907264521483566
    ],
    "kf_quaternion": [
      0.26135959826349364,
      -0.5508924567482679,
      -0.13074303675535534,
      0.7817383960337313
    ],
    "kf_rotation_matrix": [
      [
        0.3588475188756911,
        -0.0835483586728114,
        -0.929649466175203
      ],
      [
        -0.49237576605565403,
        0.829194837471066,
        -0.26457896082727417
      ],
      [
        0.7929656759266877,
        0.5526803717108214,
        0.256417322986806
      ]
    ],
    "raw_pnp_translation": [
      -0.02628183102294053,
      -0.00829981535727712,
      0.6930415754018445
    ],
    "raw_pnp_rotation": [
      [
        0.3767163025858506,
        -0.09783447879299112,
        -0.9211477851709515
      ],
      [
        -0.4806095607804062,
        0.8294517683427305,
        -0.28464752603804966
      ],
      [
        0.7918960016646823,
        0.5499437959941187,
        0.2654478174614895
      ]
    ],
    "pose_estimation_failed": false,
    "num_inliers": 10,
    "reprojection_error": 2.4434866905212402,
    "tracking_method": "loosely_coupled",
    "timestamp": 1742368057.694063,
    "image_file": "webcam_000014",
    "frame_idx": 14,
    "image_name": "webcam_000014"
  },
  {
    "frame": 15,
    "kf_translation_vector": [
      -0.02729663941580889,
      -0.005994842480176741,
      0.6886691340185194
    ],
    "kf_quaternion": [
      0.26067845046176835,
      -0.551738184124455,
      -0.12916994037371188,
      0.7816308899651755
    ],
    "kf_rotation_matrix": [
      [
        0.3578002053658015,
        -0.08572607889419939,
        -0.9298548555756516
      ],
      [
        -0.4895789406984117,
        0.8307237439374062,
        -0.264972681767838
      ],
      [
        0.7951675759642187,
        0.5500446351488617,
        0.2552634432878008
      ]
    ],
    "raw_pnp_translation": [
      -0.027171379272491334,
      -0.0046869658906810345,
      0.6867523194807522
    ],
    "raw_pnp_rotation": [
      [
        0.35441114954206143,
        -0.0914412882990808,
        -0.9306079882928573
      ],
      [
        -0.48373017676584784,
        0.833768500610852,
        -0.26614883707281733
      ],
      [
        0.8002486195966576,
        0.544489281972874,
        0.2512639422008418
      ]
    ],
    "pose_estimation_failed": false,
    "num_inliers": 11,
    "reprojection_error": 2.1153972148895264,
    "tracking_method": "loosely_coupled",
    "timestamp": 1742368057.8301773,
    "image_file": "webcam_000015",
    "frame_idx": 15,
    "image_name": "webcam_000015"
  },
  {
    "frame": 16,
    "kf_translation_vector": [
      -0.027475771372005034,
      -0.0036557930949861405,
      0.6972667200944965
    ],
    "kf_quaternion": [
      0.2657560504699741,
      -0.5511036307784115,
      -0.12588120390323004,
      0.7809048804337994
    ],
    "kf_rotation_matrix": [
      [
        0.36087742129345135,
        -0.0963157556648378,
        -0.927626412954752
      ],
      [
        -0.4895207415964961,
        0.827055288284948,
        -0.2763132165979725
      ],
      [
        0.7938116466438405,
        0.553807570669283,
        0.25131701956290575
      ]
    ],
    "raw_pnp_translation": [
      -0.02764302487408838,
      -0.0014780810976139653,
      0.7052731587254439
    ],
    "raw_pnp_rotation": [
      [
        0.36880717924369505,
        -0.12349889083193014,
        -0.9212650479105305
      ],
      [
        -0.48985154774255335,
        0.8165052720807068,
        -0.3055562171493754
      ],
      [
        0.7899536225073812,
        0.563974436147326,
        0.24063688341518158
      ]
    ],
    "pose_estimation_failed": false,
    "num_inliers": 12,
    "reprojection_error": 1.964635968208313,
    "tracking_method": "loosely_coupled",
    "timestamp": 1742368057.965902,
    "image_file": "webcam_000016",
    "frame_idx": 16,
    "image_name": "webcam_000016"
  },
  {
    "frame": 17,
    "kf_translation_vector": [
      -0.02670354808097532,
      0.00021275802512748252,
      0.6917612004983951
    ],
    "kf_quaternion": [
      0.26431407409450963,
      -0.5515973013919334,
      -0.12581435738392371,
      0.7810564863111816
    ],
    "kf_rotation_matrix": [
      [
        0.35982232914641377,
        -0.09505362016930466,
        -0.9281663109272817
      ],
      [
        -0.4881260997924516,
        0.8286176354232648,
        -0.27409072397103684
      ],
      [
        0.7951482894083717,
        0.5516861640083672,
        0.25175697466539726
      ]
    ],
    "raw_pnp_translation": [
      -0.02598463279839356,
      0.003814539820257618,
      0.6866322202615975
    ],
    "raw_pnp_rotation": [
      [
        0.357866569486774,
        -0.09044275137399668,
        -0.9293823901751471
      ],
      [
        -0.4863899745408229,
        0.8315572082316164,
        -0.26821148764401914
      ],
      [
        0.7970924106463099,
        0.5480262020760883,
        0.2535960779036473
      ]
    ],
    "pose_estimation_failed": false,
    "num_inliers": 11,
    "reprojection_error": 1.8929203748703003,
    "tracking_method": "loosely_coupled",
    "timestamp": 1742368058.0979655,
    "image_file": "webcam_000017",
    "frame_idx": 17,
    "image_name": "webcam_000017"
  },
  {
    "frame": 18,
    "kf_translation_vector": [
      -0.027850084683349548,
      0.004689956952062382,
      0.6968165224672542
    ],
    "kf_quaternion": [
      0.2669360315447158,
      -0.5505666455827707,
      -0.12142656743567909,
      0.78158627966187
    ],
    "kf_rotation_matrix": [
      [
        0.3642639149850485,
        -0.10412147275717448,
        -0.9254569245246601
      ],
      [
        -0.4837428291338289,
        0.8280014875678939,
        -0.28356024377009215
      ],
      [
        0.7958044203831521,
        0.5509739154408598,
        0.25124304766978844
      ]
    ],
    "raw_pnp_translation": [
      -0.02891810534540087,
      0.008858042051637833,
      0.7015243599103606
    ],
    "raw_pnp_rotation": [
      [
        0.3756188914885543,
        -0.126881817679202,
        -0.9180476309534988
      ],
      [
        -0.47298051431763555,
        0.8256237130321469,
        -0.3076278881292078
      ],
      [
        0.7969942794228417,
        0.5497694869865307,
        0.25010723649233385
      ]
    ],
    "pose_estimation_failed": false,
    "num_inliers": 12,
    "reprojection_error": 2.6813735961914062,
    "tracking_method": "loosely_coupled",
    "timestamp": 1742368058.2339282,
    "image_file": "webcam_000018",
    "frame_idx": 18,
    "image_name": "webcam_000018"
  },
  {
    "frame": 19,
    "kf_translation_vector": [
      -0.03253723345330209,
      0.008993788855445266,
      0.6954048630832002
    ],
    "kf_quaternion": [
      0.2703357456720595,
      -0.5496930285238704,
      -0.11136956893278796,
      0.7825298576539504
    ],
    "kf_rotation_matrix": [
      [
        0.37086878701596093,
        -0.12290332366555357,
        -0.9205167656535485
      ],
      [
        -0.4715033753613791,
        0.8290308074553131,
        -0.3006534338949382
      ],
      [
        0.8000880638030643,
        0.5455297364231868,
        0.24951231800837403
      ]
    ],
    "raw_pnp_translation": [
      -0.036902104787109404,
      0.012999990556684386,
      0.6940891718973463
    ],
    "raw_pnp_rotation": [
      [
        0.3869798169613511,
        -0.16987106621385228,
        -0.9063059318618233
      ],
      [
        -0.44151362171227393,
        0.8287517581725699,
        -0.343854976942875
      ],
      [
        0.8095136460289413,
        0.5332113503942344,
        0.2457098140158156
      ]
    ],
    "pose_estimation_failed": false,
    "num_inliers": 12,
    "reprojection_error": 2.2245004177093506,
    "tracking_method": "loosely_coupled",
    "timestamp": 1742368058.3659763,
    "image_file": "webcam_000019",
    "frame_idx": 19,
    "image_name": "webcam_000019"
  },
  {
    "frame": 20,
    "kf_translation_vector": [
      -0.039613840089915225,
      0.013143669531411009,
      0.6953086935250595
    ],
    "kf_quaternion": [
      0.278288927159802,
      -0.5491972933041391,
      -0.09314970582623416,
      0.7824709185344462
    ],
    "kf_rotation_matrix": [
      [
        0.37941093066378684,
        -0.15989717934721823,
        -0.9113068844959106
      ],
      [
        -0.4514449228634858,
        0.8277568106494648,
        -0.3331908522817026
      ],
      [
        0.8076167576973751,
        0.537821117529081,
        0.2418752120953076
      ]
    ],
    "raw_pnp_translation": [
      -0.04620292285301084,
      0.017006280169968836,
      0.6952187966335461
    ],
    "raw_pnp_rotation": [
      [
        0.3988840383254135,
        -0.2522703088861392,
        -0.8816185202363331
      ],
      [
        -0.4025209771556826,
        0.8156721202160424,
        -0.4155187784588083
      ],
      [
        0.8239346982126947,
        0.520613756595768,
        0.2238144980210126
      ]
    ],
    "pose_estimation_failed": false,
    "num_inliers": 12,
    "reprojection_error": 2.0755958557128906,
    "tracking_method": "loosely_coupled",
    "timestamp": 1742368058.5019026,
    "image_file": "webcam_000020",
    "frame_idx": 20,
    "image_name": "webcam_000020"
  },
  {
    "frame": 21,
    "kf_translation_vector": [
      -0.04231693154651213,
      0.012187223683562067,
      0.6878355265777208
    ],
    "kf_quaternion": [
      0.28517364503714127,
      -0.5446672191781105,
      -0.07153569909855255,
      0.7854274354028489
    ],
    "kf_rotation_matrix": [
      [
        0.396440528214531,
        -0.19827727108507856,
        -0.8963933463385582
      ],
      [
        -0.42302167381598266,
        0.8271172718614238,
        -0.37004010873206705
      ],
      [
        0.8147929620897006,
        0.5258927099319498,
        0.24402722505802954
      ]
    ],
    "raw_pnp_translation": [
      -0.0448320385527592,
      0.011294432283862467,
      0.680875906433423
    ],
    "raw_pnp_rotation": [
      [
        0.4378611294588889,
        -0.29301356032856785,
        -0.8499533427033291
      ],
      [
        -0.35373497962515543,
        0.8129962016264065,
        -0.4625026922414896
      ],
      [
        0.8265283996927008,
        0.5031701795661304,
        0.25233028929720475
      ]
    ],
    "pose_estimation_failed": false,
    "num_inliers": 11,
    "reprojection_error": 2.1489675045013428,
    "tracking_method": "loosely_coupled",
    "timestamp": 1742368058.6339185,
    "image_file": "webcam_000021",
    "frame_idx": 21,
    "image_name": "webcam_000021"
  },
  {
    "frame": 24,
    "kf_translation_vector": [
      -0.045189534259380375,
      0.016339811434557483,
      0.6859373756073524
    ],
    "kf_quaternion": [
      0.3021259834524524,
      -0.5387868497235668,
      -0.04006212146691516,
      0.7853812113307862
    ],
    "kf_rotation_matrix": [
      [
        0.41620751397704947,
        -0.26263493871562876,
        -0.8705137530647531
      ],
      [
        -0.3884910886602964,
        0.8142298330929172,
        -0.43139825327998005
      ],
      [
        0.8220985216752197,
        0.5177380301535884,
        0.2368572413756861
      ]
    ],
    "raw_pnp_translation": [
      -0.04786278119214467,
      0.020205888128163083,
      0.684171218431747
    ],
    "raw_pnp_rotation": [
      [
        0.4596934192342169,
        -0.4176688094351227,
        -0.7837312842663622
      ],
      [
        -0.3040626864372212,
        0.7551428888179865,
        -0.5807797346535137
      ],
      [
        0.8344026863747109,
        0.5052840617837386,
        0.22013671633326515
      ]
    ],
    "pose_estimation_failed": false,
    "num_inliers": 11,
    "reprojection_error": 1.7537118196487427,
    "tracking_method": "loosely_coupled",
    "timestamp": 1742368059.0380857,
    "image_file": "webcam_000024",
    "frame_idx": 24,
    "image_name": "webcam_000024"
  },
  {
    "frame": 25,
    "kf_translation_vector": [
      -0.050068712072689175,
      0.022710786149370485,
      0.6957846285776419
    ],
    "kf_quaternion": [
      0.3172001859571169,
      -0.5319797163405795,
      -0.009676756076190986,
      0.785040116059561
    ],
    "kf_rotation_matrix": [
      [
        0.43380788358807687,
        -0.3222948464710262,
        -0.8413897741683407
      ],
      [
        -0.35268141332355835,
        0.7985808048412247,
        -0.48773406569076067
      ],
      [
        0.8291118988610229,
        0.508325417500797,
        0.23276324686193406
      ]
    ],
    "raw_pnp_translation": [
      -0.05461072793513935,
      0.028642271720063447,
      0.7049562666469966
    ],
    "raw_pnp_rotation": [
      [
        0.47597575576395723,
        -0.4610816497358365,
        -0.7488997210587068
      ],
      [
        -0.2701558193046882,
        0.7337182170304222,
        -0.6234367740946236
      ],
      [
        0.8369366243753121,
        0.4990604074403994,
        0.22466819201809624
      ]
    ],
    "pose_estimation_failed": false,
    "num_inliers": 11,
    "reprojection_error": 2.59181809425354,
    "tracking_method": "loosely_coupled",
    "timestamp": 1742368059.1739333,
    "image_file": "webcam_000025",
    "frame_idx": 25,
    "image_name": "webcam_000025"
  },
  {
    "frame": 26,
    "kf_translation_vector": [
      -0.053384557982396566,
      0.02935957004298228,
      0.6947446251445512
    ],
    "kf_quaternion": [
      0.32763590426741085,
      -0.5275983615066356,
      0.02040287267350614,
      0.783503928488593
    ],
    "kf_rotation_matrix": [
      [
        0.4424473834443642,
        -0.377691794308751,
        -0.8133813505331137
      ],
      [
        -0.31374887074017255,
        0.7844768740430894,
        -0.5349370805999986
      ],
      [
        0.8401202050852618,
        0.49187899182971717,
        0.22858936634077875
      ]
    ],
    "raw_pnp_translation": [
      -0.05647035498692295,
      0.035548999543004764,
      0.6937747718767757
    ],
    "raw_pnp_rotation": [
      [
        0.4637435008546422,
        -0.5047327438589975,
        -0.7281392879742503
      ],
      [
        -0.22755096611605075,
        0.7264314701165954,
        -0.6484734975647763
      ],
      [
        0.8562491011584961,
        0.46641416841773764,
        0.22202544958733428
      ]
    ],
    "pose_estimation_failed": false,
    "num_inliers": 11,
    "reprojection_error": 2.5443530082702637,
    "tracking_method": "loosely_coupled",
    "timestamp": 1742368059.3082395,
    "image_file": "webcam_000026",
    "frame_idx": 26,
    "image_name": "webcam_000026"
  },
  {
    "frame": 27,
    "kf_translation_vector": [
      -0.05345783274739095,
      0.03780105123669947,
      0.6922334903067321
    ],
    "kf_quaternion": [
      0.33026226713152157,
      -0.5197572982644315,
      0.04050663379779493,
      0.7868534796443222
    ],
    "kf_rotation_matrix": [
      [
        0.4564231270384602,
        -0.4070580188708777,
        -0.7911900519959474
      ],
      [
        -0.2795668758609848,
        0.7785720950550377,
        -0.561843265264378
      ],
      [
        0.8447013028436516,
        0.47762879108626366,
        0.24155837162001248
      ]
    ],
    "raw_pnp_translation": [
      -0.053524088503595836,
      0.045659421781471206,
      0.6898943984746696
    ],
    "raw_pnp_rotation": [
      [
        0.4970698580584997,
        -0.4726484575204995,
        -0.7276846788363733
      ],
      [
        -0.20472279522920328,
        0.7510697441260079,
        -0.6276805051712494
      ],
      [
        0.8432141681229299,
        0.46097470110840766,
        0.27657221772038043
      ]
    ],
    "pose_estimation_failed": false,
    "num_inliers": 11,
    "reprojection_error": 2.4925525188446045,
    "tracking_method": "loosely_coupled",
    "timestamp": 1742368059.4419637,
    "image_file": "webcam_000027",
    "frame_idx": 27,
    "image_name": "webcam_000027"
  },
  {
    "frame": 28,
    "kf_translation_vector": [
      -0.05404963579229103,
      0.04462546143457163,
      0.7001107390020095
    ],
    "kf_quaternion": [
      0.3352379303255283,
      -0.5170245646693767,
      0.05375052950635972,
      0.785755693697019
    ],
    "kf_rotation_matrix": [
      [
        0.4595929602124549,
        -0.43112205917214175,
        -0.7764715584091443
      ],
      [
        -0.26218292077673466,
        0.7694528212976843,
        -0.5824109132305251
      ],
      [
        0.8485484234715973,
        0.4712495367554286,
        0.24060225919899547
      ]
    ],
    "raw_pnp_translation": [
      -0.054599551918457175,
      0.05097722305532945,
      0.707446676742959
    ],
    "raw_pnp_rotation": [
      [
        0.47295329685747456,
        -0.48566651848815423,
        -0.7351484284219351
      ],
      [
        -0.23062372052440616,
        0.7370381642377846,
        -0.6352853248647234
      ],
      [
        0.8503692601000615,
        0.47000295454027946,
        0.2365784102581676
      ]
    ],
    "pose_estimation_failed": false,
    "num_inliers": 11,
    "reprojection_error": 2.8473615646362305,
    "tracking_method": "loosely_coupled",
    "timestamp": 1742368059.573912,
    "image_file": "webcam_000028",
    "frame_idx": 28,
    "image_name": "webcam_000028"
  },
  {
    "frame": 29,
    "kf_translation_vector": [
      -0.052581535573434805,
