[
    {
        "frame": 1,
        "pose_estimation_failed": false,
        "method": "vape_mk45_local_features",
        "position": [
            -0.01823275155041602,
            -0.02235409950166511,
            1.56104060723745
        ],
        "quaternion": [
            0.28792009125252777,
            -0.4888429969357922,
            -0.07845074524863961,
            0.8197438782753441
        ],
        "rotation_matrix": [
            [
                0.5097560098335322,
                -0.1528764042444033,
                -0.8466271998134112
            ],
            [
                -0.41011447689924674,
                0.8218950032461383,
                -0.39534126963509353
            ],
            [
                0.7562770168901427,
                0.5487416593118589,
                0.35626909079993824
            ]
        ],
        "translation_vector": [
            -0.01823275155041602,
            -0.02235409950166511,
            1.56104060723745
        ],
        "rotation_vector": [
            0.6131440120585002,
            -1.041022024909772,
            -0.167065814967881
        ],
        "num_matches": 88,
        "num_inliers": 20,
        "processing_time_ms": 76.73440899816342,
        "viewpoint": "NW",
        "bbox": null,
        "whole_image_estimation": true,
        "video_frame_number": 0,
        "video_timestamp": 0.0,
        "video_file": "simple_indoor.mp4"
    },
    {
        "frame": 11,
        "pose_estimation_failed": false,
        "method": "vape_mk45_local_features",
        "position": [
            -0.019883243164136196,
            -0.021037487133279575,
            1.567120918683683
        ],
        "quaternion": [
            0.2766839199504181,
            -0.4740844669408015,
            -0.07950217317036448,
            0.8320873338223075
        ],
        "rotation_matrix": [
            [
                0.537846645333291,
                -0.1300375947887548,
                -0.8329533060413896
            ],
            [
                -0.3946486000143866,
                0.83425082580412,
                -0.38506887974988113
            ],
            [
                0.7449654143719759,
                0.5358318613023113,
                0.39737985329265346
            ]
        ],
        "translation_vector": [
            -0.019883243164136196,
            -0.021037487133279575,
            1.567120918683683
        ],
        "rotation_vector": [
            0.5865823968495736,
            -1.005080465019874,
            -0.16854819499947518
        ],
        "num_matches": 88,
        "num_inliers": 25,
        "processing_time_ms": 48.41874599514995,
        "viewpoint": "NW",
        "bbox": null,
        "whole_image_estimation": true,
        "video_frame_number": 10,
        "video_timestamp": 0.3332549736094194,
        "video_file": "simple_indoor.mp4"
    },
    {
        "frame": 14,
        "pose_estimation_failed": false,
        "method": "vape_mk45_local_features",
        "position": [
            -0.020652295270910778,
            -0.020335426939205592,
            1.573771556534815
        ],
        "quaternion": [
            0.28138257219988744,
            -0.47476669074609285,
            -0.07884490863242713,
            0.8301830628258584
        ],
        "rotation_matrix": [
            [
                0.5367601394814961,
                -0.13627072980054153,
                -0.8326576972942918
            ],
            [
                -0.39809356074731483,
                0.8292146568898389,
                -0.3923322185222506
            ],
            [
                0.743915364510862,
                0.5420639639366325,
                0.390840874840358
            ]
        ],
        "translation_vector": [
            -0.020652295270910778,
            -0.020335426939205592,
            1.573771556534815
        ],
        "rotation_vector": [
            0.5969550465649421,
            -1.0072207733622058,
            -0.1672700115579439
        ],
        "num_matches": 83,
        "num_inliers": 21,
        "processing_time_ms": 47.43325000163168,
        "viewpoint": "NW",
        "bbox": null,
        "whole_image_estimation": true,
        "video_frame_number": 13,
        "video_timestamp": 0.4332314656922452,
        "video_file": "simple_indoor.mp4"
    },
    {
        "frame": 16,
        "pose_estimation_failed": false,
        "method": "vape_mk45_local_features",
        "position": [
            -0.020509731724394385,
            -0.020489946945489928,
            1.5800581697223464
        ],
        "quaternion": [
            0.2809068828697802,
            -0.47784783559583316,
            -0.07868377898017231,
            0.828590147236956
        ],
        "rotation_matrix": [
            [
                0.530940617883554,
                -0.13806828394591122,
                -0.8360856470778941
            ],
            [
                -0.3988546999872755,
                0.8298003721635658,
                -0.3903156039095386
            ],
            [
                0.7476743867349545,
                0.5407110978382436,
                0.38550553834552226
            ]
        ],
        "translation_vector": [
            -0.020509731724394385,
            -0.020489946945489928,
            1.5800581697223464
        ],
        "rotation_vector": [
            0.5962898575154135,
            -1.0143425995495297,
            -0.16702452740757914
        ],
        "num_matches": 84,
        "num_inliers": 23,
        "processing_time_ms": 47.99828300019726,
        "viewpoint": "NW",
        "bbox": null,
        "whole_image_estimation": true,
        "video_frame_number": 15,
        "video_timestamp": 0.4998824604141291,
        "video_file": "simple_indoor.mp4"
    },
    {
        "frame": 19,
        "pose_estimation_failed": false,
        "method": "vape_mk45_local_features",
        "position": [
            -0.01948051426292608,
            -0.020420007934543113,
            1.5673578108617698
        ],
        "quaternion": [
            0.2737254777627972,
            -0.4772019337022939,
            -0.07778647933983743,
            0.8314456933114952
        ],
        "rotation_matrix": [
            [
                0.5324551562054091,
                -0.1318941880940393,
                -0.8361192676749457
            ],
            [
                -0.390595121073925,
                0.8380472529108829,
                -0.38093602255729053
            ],
            [
                0.750950702791814,
                0.5294154559847463,
                0.3947053545886398
            ]
        ],
        "translation_vector": [
            -0.01948051426292608,
            -0.020420007934543113,
            1.5673578108617698
        ],
        "rotation_vector": [
            0.5804451055362477,
            -1.0119245348800185,
            -0.1649491365536367
        ],
        "num_matches": 82,
        "num_inliers": 22,
        "processing_time_ms": 47.46233699552249,
        "viewpoint": "NW",
        "bbox": null,
        "whole_image_estimation": true,
        "video_frame_number": 18,
        "video_timestamp": 0.5998589524969549,
        "video_file": "simple_indoor.mp4"
    },
    {
        "frame": 21,
        "pose_estimation_failed": false,
        "method": "vape_mk45_local_features",
        "position": [
            -0.020563746090551893,
            -0.021122299934225475,
            1.593408927936907
        ],
        "quaternion": [
            0.27409985375264523,
            -0.4770338551203294,
            -0.0792902889693555,
            0.8312767417153997
        ],
        "rotation_matrix": [
            [
                0.5323035022883855,
                -0.12968547371884906,
                -0.8365612107657376
            ],
            [
                -0.39333416597532245,
                0.8371646404958695,
                -0.3800573622230198
            ],
            [
                0.7496273843237162,
                0.5313539711056462,
                0.39461594248363024
            ]
        ],
        "translation_vector": [
            -0.020563746090551893,
            -0.021122299934225475,
            1.593408927936907
        ],
        "rotation_vector": [
            0.5812745234399678,
            -1.0116299698942255,
            -0.16814830180709162
        ],
        "num_matches": 81,
        "num_inliers": 23,
        "processing_time_ms": 50.90004799421877,
        "viewpoint": "NW",
        "bbox": null,
        "whole_image_estimation": true,
        "video_frame_number": 20,
        "video_timestamp": 0.6665099472188388,
        "video_file": "simple_indoor.mp4"
    },
    {
        "frame": 24,
        "pose_estimation_failed": false,
        "method": "vape_mk45_local_features",
        "position": [
            -0.019670089961293543,
            -0.021032539160889503,
            1.5990574867469995
        ],
        "quaternion": [
            0.2739429669318943,
            -0.47725668855499465,
            -0.0796248387884966,
            0.8311685684300014
        ],
        "rotation_matrix": [
            [
                0.5317718765548536,
                -0.12911889996708376,
                -0.8369868463581849
            ],
            [
                -0.39384555303630125,
                0.8372302718329141,
                -0.37938259353865317
            ],
            [
                0.7497361880414068,
                0.5313885410863459,
                0.3943626081961439
            ]
        ],
        "translation_vector": [
            -0.019670089961293543,
            -0.021032539160889503,
            1.5990574867469995
        ],
        "rotation_vector": [
            0.5809645631252222,
            -1.0121421501354892,
            -0.1688643815125789
        ],
        "num_matches": 82,
        "num_inliers": 22,
        "processing_time_ms": 49.92485399998259,
        "viewpoint": "NW",
        "bbox": null,
        "whole_image_estimation": true,
        "video_frame_number": 23,
        "video_timestamp": 0.7664864393016646,
        "video_file": "simple_indoor.mp4"
    },
    {
        "frame": 26,
        "pose_estimation_failed": false,
        "method": "vape_mk45_local_features",
        "position": [
            -0.0175376612792383,
            -0.019209680477984364,
            1.5773622310446795
        ],
        "quaternion": [
            0.2671971936963405,
            -0.47448787188609104,
            -0.083994561284703,
            0.8345129314686497
        ],
        "rotation_matrix": [
            [
                0.5356123462151976,
                -0.1133745604915832,
                -0.8368187519500216
            ],
            [
                -0.39375275075206584,
                0.8431011467107813,
                -0.3662502255154902
            ],
            [
                0.74704630770591,
                0.5256678280514286,
                0.40693383822761764
            ]
        ],
        "translation_vector": [
            -0.0175376612792383,
            -0.019209680477984364,
            1.5773622310446795
        ],
        "rotation_vector": [
            0.5659735635470766,
            -1.0050539378659564,
            -0.177916169370037
        ],
        "num_matches": 76,
        "num_inliers": 22,
        "processing_time_ms": 50.22394900151994,
        "viewpoint": "NW",
        "bbox": null,
        "whole_image_estimation": true,
        "video_frame_number": 25,
        "video_timestamp": 0.8331374340235485,
        "video_file": "simple_indoor.mp4"
    },
    {
        "frame": 29,
        "pose_estimation_failed": false,
        "method": "vape_mk45_local_features",
        "position": [
            -0.01545592436345953,
            -0.01909041038264071,
            1.5648898495674382
        ],
        "quaternion": [
            0.2774890706720878,
            -0.4798815535168298,
            -0.07511675459291062,
            0.8288974504914606
        ],
        "rotation_matrix": [
            [
                0.5281423355474048,
                -0.14179559989361307,
                -0.8372333493437434
            ],
            [
                -0.3908519453786384,
                0.8347145776739389,
                -0.38792567666029976
            ],
            [
                0.7538570356481831,
                0.5321142562170534,
                0.38542702050363004
            ]
        ],
        "translation_vector": [
            -0.01545592436345953,
            -0.01909041038264071,
            1.5648898495674382
        ],
        "rotation_vector": [
            0.5889691690003594,
            -1.0185462047527,
            -0.15943493710738313
        ],
        "num_matches": 84,
        "num_inliers": 24,
        "processing_time_ms": 50.58310099411756,
        "viewpoint": "NW",
        "bbox": null,
        "whole_image_estimation": true,
        "video_frame_number": 28,
        "video_timestamp": 0.9331139261063743,
        "video_file": "simple_indoor.mp4"
    },
    {
        "frame": 31,
        "pose_estimation_failed": false,
        "method": "vape_mk45_local_features",
        "position": [
            -0.01477392721783549,
            -0.01948128774794218,
            1.577960526241251
        ],
        "quaternion": [
            0.2752809992597223,
            -0.4762993182819948,
            -0.0769401432459898,
            0.8315284392057571
        ],
        "rotation_matrix": [
            [
                0.5344383475227873,
                -0.13427647011557367,
                -0.8344731764834711
            ],
            [
                -0.39018813901799476,
                0.8366011716077107,
                -0.3845148837617083
            ],
            [
                0.749752538419702,
                0.5311010348680442,
                0.39471866170135156
            ]
        ],
        "translation_vector": [
            -0.01477392721783549,
            -0.01948128774794218,
            1.577960526241251
        ],
        "rotation_vector": [
            0.5837261679959586,
            -1.009980262450013,
            -0.163149563910396
        ],
        "num_matches": 73,
        "num_inliers": 22,
        "processing_time_ms": 51.27252500096802,
        "viewpoint": "NW",
        "bbox": null,
        "whole_image_estimation": true,
        "video_frame_number": 30,
        "video_timestamp": 0.9997649208282582,
        "video_file": "simple_indoor.mp4"
    },
    {
        "frame": 34,
        "pose_estimation_failed": false,
        "method": "vape_mk45_local_features",
        "position": [
            -0.012878341744971138,
            -0.01977231290030627,
            1.5922434136059609
        ],
        "quaternion": [
            0.2837212008182807,
            -0.48765433041953066,
            -0.07853783898870947,
            0.8219047037682019
        ],
        "rotation_matrix": [
            [
                0.5120501237401257,
                -0.14761450584450786,
                -0.8461764759445892
            ],
            [
                -0.40581698299894786,
                0.826668176106433,
                -0.38978494445334305
            ],
            [
                0.7570450759943915,
                0.5429822135918871,
                0.3633910684586242
            ]
        ],
        "translation_vector": [
            -0.012878341744971138,
            -0.01977231290030627,
            1.5922434136059609
        ],
        "rotation_vector": [
            0.6037273640185976,
            -1.0376745291057854,
            -0.16711984290077606
        ],
        "num_matches": 79,
        "num_inliers": 22,
        "processing_time_ms": 50.960758002474904,
        "viewpoint": "NW",
        "bbox": null,
        "whole_image_estimation": true,
        "video_frame_number": 33,
        "video_timestamp": 1.099741412911084,
        "video_file": "simple_indoor.mp4"
    },
    {
        "frame": 37,
        "pose_estimation_failed": false,
        "method": "vape_mk45_local_features",
        "position": [
            -0.011159207800223375,
            -0.02106072286948538,
            1.6067892561098693
        ],
        "quaternion": [
            0.27825034117119873,
            -0.4847919431583123,
            -0.07740781109300308,
            0.8255674110989902
        ],
        "rotation_matrix": [
            [
                0.5179696052611552,
                -0.14197631475591696,
                -0.843534358561601
            ],
            [
                -0.397597779567478,
                0.833169556839803,
                -0.3843754612854175
            ],
            [
                0.7573793591778258,
                0.5344821939070517,
                0.3751070389737984
            ]
        ],
        "translation_vector": [
            -0.011159207800223375,
            -0.02106072286948538,
            1.6067892561098693
        ],
        "rotation_vector": [
            0.591298622005122,
            -1.030211883091006,
            -0.16449622968679126
        ],
        "num_matches": 81,
        "num_inliers": 22,
        "processing_time_ms": 51.47373100044206,
        "viewpoint": "NW",
        "bbox": null,
        "whole_image_estimation": true,
        "video_frame_number": 36,
        "video_timestamp": 1.1997179049939097,
        "video_file": "simple_indoor.mp4"
    },
    {
        "frame": 39,
        "pose_estimation_failed": false,
        "method": "vape_mk45_local_features",
        "position": [
            -0.009519073824847957,
            -0.022381664186310615,
            1.6100110353277004
        ],
        "quaternion": [
            0.2743070353907865,
            -0.48608563876357413,
            -0.08183928206723332,
            0.8256989366794932
        ],
        "rotation_matrix": [
            [
                0.5140461673970561,
                -0.13152420466749012,
                -0.847618971809257
            ],
            [
                -0.4018226373936008,
                0.8361159644916755,
                -0.37342825549254616
            ],
            [
                0.7578226084397646,
                0.5325518542909599,
                0.37695280424585215
            ]
        ],
        "translation_vector": [
            -0.009519073824847957,
            -0.022381664186310615,
            1.6100110353277004
        ],
        "rotation_vector": [
            0.5828910347010944,
            -1.0329117535341161,
            -0.17390506858639118
        ],
        "num_matches": 79,
        "num_inliers": 20,
        "processing_time_ms": 51.471269005560316,
        "viewpoint": "NW",
        "bbox": null,
        "whole_image_estimation": true,
        "video_frame_number": 38,
        "video_timestamp": 1.2663688997157936,
        "video_file": "simple_indoor.mp4"
    },
    {
        "frame": 42,
        "pose_estimation_failed": false,
        "method": "vape_mk45_local_features",
        "position": [
            -0.006207345050246982,
            -0.021892710863992502,
            1.593035208549251
        ],
        "quaternion": [
            0.2782406863965736,
            -0.4873211120414097,
            -0.07465318226961135,
            0.8243343718232957
        ],
        "rotation_matrix": [
            [
                0.513890072271488,
                -0.14810675319822664,
                -0.8449741908945412
            ],
            [
                -0.3942634896415469,
                0.8340180456211675,
                -0.38596657927069017
            ],
            [
                0.7618879801890004,
                0.5314868664749184,
                0.3702005083845748
            ]
        ],
        "translation_vector": [
            -0.006207345050246982,
            -0.021892710863992502,
            1.593035208549251
        ],
        "rotation_vector": [
            0.591542875569674,
            -1.0360502472737456,
            -0.15871351771771905
        ],
        "num_matches": 80,
        "num_inliers": 19,
        "processing_time_ms": 50.8277959888801,
        "viewpoint": "NW",
        "bbox": null,
        "whole_image_estimation": true,
        "video_frame_number": 41,
        "video_timestamp": 1.3663453917986195,
        "video_file": "simple_indoor.mp4"
    },
    {
        "frame": 44,
        "pose_estimation_failed": false,
        "method": "vape_mk45_local_features",
        "position": [
            -0.005073553608472253,
            -0.022362251592094262,
            1.601377216174944
        ],
        "quaternion": [
            0.2758118581034733,
            -0.4780374763093038,
            -0.07716367075595959,
            0.830333522199849
        ],
        "rotation_matrix": [
            [
                0.5310518783185953,
                -0.13555364411859747,
                -0.836426393713434
            ],
            [
                -0.39183997421725913,
                0.8359471736899508,
                -0.384257410345202
            ],
            [
                0.7512957720762905,
                0.5318059160689658,
                0.3908159803466827
            ]
        ],
        "translation_vector": [
            -0.005073553608472253,
            -0.022362251592094262,
            1.601377216174944
        ],
        "rotation_vector": [
            0.5851048605737941,
            -1.0141045162027473,
            -0.16369433544111764
        ],
        "num_matches": 76,
        "num_inliers": 23,
        "processing_time_ms": 51.06563700246625,
        "viewpoint": "NW",
        "bbox": null,
        "whole_image_estimation": true,
        "video_frame_number": 43,
        "video_timestamp": 1.4329963865205033,
        "video_file": "simple_indoor.mp4"
    },
    {
        "frame": 47,
        "pose_estimation_failed": false,
        "method": "vape_mk45_local_features",
        "position": [
            -0.0019854895964778315,
            -0.022037891185314344,
            1.5933238742683715
        ],
        "quaternion": [
            0.27655299854502646,
            -0.4740954685074688,
            -0.07748712431812022,
            0.8323146468141398
        ],
        "rotation_matrix": [
            [
                0.5384584646111835,
                -0.13323770980574012,
                -0.8320517980115708
            ],
            [
                -0.3912123838436584,
                0.8350283691213254,
                -0.3868856336049986
            ],
            [
                0.7463346116963413,
                0.5338308116325814,
                0.3975038514728763
            ]
        ],
        "translation_vector": [
            -0.0019854895964778315,
            -0.022037891185314344,
            1.5933238742683715
        ],
        "rotation_vector": [
            0.5862566287298578,
            -1.005021144321596,
            -0.16426269290772624
        ],
        "num_matches": 78,
        "num_inliers": 22,
        "processing_time_ms": 51.82776501169428,
        "viewpoint": "NW",
        "bbox": null,
        "whole_image_estimation": true,
        "video_frame_number": 46,
        "video_timestamp": 1.5329728786033292,
        "video_file": "simple_indoor.mp4"
    },
    {
        "frame": 49,
        "pose_estimation_failed": false,
        "method": "vape_mk45_local_features",
        "position": [
            -0.0009392345433976884,
            -0.02196057991527561,
            1.590957506614291
        ],
        "quaternion": [
            0.2754104671186996,
            -0.4846817742467064,
            -0.07369664797305878,
            0.8269228841869474
        ],
        "rotation_matrix": [
            [
                0.5193047635811996,
                -0.14508997830482717,
                -0.8421825578325517
            ],
            [
                -0.3888557570919948,
                0.8374357573579896,
                -0.3840475914189049
            ],
            [
                0.7609952448591817,
                0.5269252798013732,
                0.37846530462904887
            ]
        ],
        "translation_vector": [
            -0.0009392345433976884,
            -0.02196057991527561,
            1.590957506614291
        ],
        "rotation_vector": [
            0.584975945376184,
            -1.0294713271532103,
            -0.15653278094370868
        ],
        "num_matches": 76,
        "num_inliers": 20,
        "processing_time_ms": 52.160204999381676,
        "viewpoint": "NW",
        "bbox": null,
        "whole_image_estimation": true,
        "video_frame_number": 48,
        "video_timestamp": 1.599623873325213,
        "video_file": "simple_indoor.mp4"
    },
    {
        "frame": 52,
        "pose_estimation_failed": false,
        "method": "vape_mk45_local_features",
        "position": [
            0.00022120465898305198,
            -0.02163092205473444,
            1.6042884659238246
        ],
        "quaternion": [
            0.27432359558646746,
            -0.4760957055373873,
            -0.07759519940833667,
            0.8319004923079143
        ],
        "rotation_matrix": [
            [
                0.5346237283952757,
                -0.13210560239553212,
                -0.8347008918483603
            ],
            [
                -0.39031154074963637,
                0.8374510998665854,
                -0.38253438602286627
            ],
            [
                0.7495561154405848,
                0.5303053508573715,
                0.3961588881467393
            ]
        ],
        "translation_vector": [
            0.00022120465898305198,
            -0.02163092205473444,
            1.6042884659238246
        ],
        "rotation_vector": [
            0.5816177159207602,
            -1.0094126107612085,
            -0.1645164447112512
        ],
        "num_matches": 82,
        "num_inliers": 22,
        "processing_time_ms": 50.23533299390692,
        "viewpoint": "NW",
        "bbox": null,
        "whole_image_estimation": true,
        "video_frame_number": 51,
        "video_timestamp": 1.699600365408039,
        "video_file": "simple_indoor.mp4"
    },
    {
        "frame": 55,
        "pose_estimation_failed": false,
        "method": "vape_mk45_local_features",
        "position": [
            0.002149857405288937,
            -0.018184950434602117,
            1.5552941391624455
        ],
        "quaternion": [
            0.2583648913920239,
            -0.4716833032780832,
            -0.08157525079950416,
            0.8391113887688937
        ],
        "rotation_matrix": [
            [
                0.5417206797313475,
                -0.10683136687066061,
                -0.8337420249717253
            ],
            [
                -0.3806342548208316,
                0.8531861227059714,
                -0.3566384781244747
            ],
            [
                0.7494373017193614,
                0.5105492131758675,
                0.4215248886093269
            ]
        ],
        "translation_vector": [
            0.002149857405288937,
            -0.018184950434602117,
            1.5552941391624455
        ],
        "rotation_vector": [
            0.5463576370011443,
            -0.9974566343105836,
            -0.17250509937500244
        ],
        "num_matches": 76,
        "num_inliers": 22,
        "processing_time_ms": 47.638418996939436,
        "viewpoint": "NW",
        "bbox": null,
        "whole_image_estimation": true,
        "video_frame_number": 54,
        "video_timestamp": 1.7995768574908646,
        "video_file": "simple_indoor.mp4"
    },
    {
        "frame": 57,
        "pose_estimation_failed": false,
        "method": "vape_mk45_local_features",
        "position": [
            0.001381215521480819,
            -0.01989759638713649,
            1.5979752122624982
        ],
        "quaternion": [
            0.27906755966253366,
            -0.46629587133527617,
            -0.07562463019874026,
            0.836044480172543
        ],
        "rotation_matrix": [
            [
                0.5536981513659587,
                -0.13380499250300748,
                -0.8218969407140959
            ],
            [
                -0.38670721107399386,
                0.8328044249026041,
                -0.39609888003630694
            ],
            [
                0.7374794167143199,
                0.5371526913680255,
                0.4093789150393475
            ]
        ],
        "translation_vector": [
            0.001381215521480819,
            -0.01989759638713649,
            1.5979752122624982
        ],
        "rotation_vector": [
            0.5907903264458219,
            -0.9871555489274302,
            -0.16009850810494122
        ],
        "num_matches": 76,
        "num_inliers": 23,
        "processing_time_ms": 47.04764699272346,
        "viewpoint": "NW",
        "bbox": null,
        "whole_image_estimation": true,
        "video_frame_number": 56,
        "video_timestamp": 1.8662278522127487,
        "video_file": "simple_indoor.mp4"
    },
    {
        "frame": 60,
        "pose_estimation_failed": false,
        "method": "vape_mk45_local_features",
        "position": [
            0.0006068072160216488,
            -0.018033443625785316,
            1.6006405621103206
        ],
        "quaternion": [
            0.27550697653885015,
            -0.46772019546630816,
            -0.07244715704321837,
            0.836710902323936
        ],
        "rotation_matrix": [
            [
                0.5519784563786276,
                -0.13648570155729478,
                -0.8226125679591095
            ],
            [
                -0.3789550061190353,
                0.8376946306295534,
                -0.3932693849662567
            ],
            [
                0.7427737791758601,
                0.5288093787791863,
                0.41066744926276005
            ]
        ],
        "translation_vector": [
            0.0006068072160216488,
            -0.018033443625785316,
            1.6006405621103206
        ],
        "rotation_vector": [
            0.58311222677214,
            -0.9899326982966637,
            -0.15333485778653203
        ],
        "num_matches": 78,
        "num_inliers": 23,
        "processing_time_ms": 50.03836200921796,
        "viewpoint": "NW",
        "bbox": null,
        "whole_image_estimation": true,
        "video_frame_number": 59,
        "video_timestamp": 1.9662043442955743,
        "video_file": "simple_indoor.mp4"
    },
    {
        "frame": 62,
        "pose_estimation_failed": false,
        "method": "vape_mk45_local_features",
        "position": [
            8.400244769300308e-05,
            -0.016894861601349846,
            1.6042900654616183
        ],
        "quaternion": [
            0.2775571142666769,
            -0.4723671550704028,
            -0.07158218131561432,
            0.8334910380134555
        ],
        "rotation_matrix": [
            [
                0.5434905242575853,
                -0.1428915156553642,
                -0.8271638681639377
            ],
            [
                -0.38154394208743925,
                0.8356760792761069,
                -0.39505659187272263
            ],
            [
                0.7476912934484339,
                0.5303088772398845,
                0.399662638261298
            ]
        ],
        "translation_vector": [
            8.400244769300308e-05,
            -0.016894861601349846,
            1.6042900654616183
        ],
        "rotation_vector": [
            0.5881349809164367,
            -1.0009314604199175,
            -0.15168043864862377
        ],
        "num_matches": 75,
        "num_inliers": 20,
        "processing_time_ms": 49.9510410008952,
        "viewpoint": "NW",
        "bbox": null,
        "whole_image_estimation": true,
        "video_frame_number": 61,
        "video_timestamp": 2.032855339017458,
        "video_file": "simple_indoor.mp4"
    },
    {
        "frame": 65,
        "pose_estimation_failed": false,
        "method": "vape_mk45_local_features",
        "position": [
            -0.0019461924698825088,
            -0.016173517181437808,
            1.61530946159086
        ],
        "quaternion": [
            0.27570878388985626,
            -0.46531967274453645,
            -0.07378562560127945,
            0.8378651145008496
        ],
        "rotation_matrix": [
            [
                0.5560665672230906,
                -0.1329406388989784,
                -0.8204369319733598
            ],
            [
                -0.38023024547070966,
                0.8370806958812086,
                -0.3933457372494523
            ],
            [
                0.7390635515610358,
                0.5306813498816053,
                0.41492453728578804
            ]
        ],
        "translation_vector": [
            -0.0019461924698825088,
            -0.016173517181437808,
            1.61530946159086
        ],
        "rotation_vector": [
            0.5832963912782185,
            -0.9844419248212267,
            -0.15610271292127484
        ],
        "num_matches": 71,
        "num_inliers": 20,
        "processing_time_ms": 47.94227400270756,
        "viewpoint": "NW",
        "bbox": null,
        "whole_image_estimation": true,
        "video_frame_number": 64,
        "video_timestamp": 2.132831831100284,
        "video_file": "simple_indoor.mp4"
    },
    {
        "frame": 67,
        "pose_estimation_failed": false,
        "method": "vape_mk45_local_features",
        "position": [
            -0.002211620898115783,
            -0.016874309944759122,
            1.6141663783462614
        ],
        "quaternion": [
            0.2650053447108897,
            -0.45715824786602177,
            -0.06933613141231028,
            0.8461506984949586
        ],
        "rotation_matrix": [
            [
                0.5723976745776878,
                -0.12496112607539368,
                -0.8103984323208091
            ],
            [
                -0.359636390177252,
                0.8499293363108748,
                -0.3850737463635132
            ],
            [
                0.7369006506974538,
                0.5118640837645532,
                0.44155700736546316
            ]
        ],
        "translation_vector": [
            -0.002211620898115783,
            -0.016874309944759122,
            1.6141663783462614
        ],
        "rotation_vector": [
            0.5589823651435514,
            -0.9642952632363639,
            -0.146252426603095
        ],
        "num_matches": 75,
        "num_inliers": 20,
        "processing_time_ms": 47.312967988546006,
        "viewpoint": "NW",
        "bbox": null,
        "whole_image_estimation": true,
        "video_frame_number": 66,
        "video_timestamp": 2.199482825822168,
        "video_file": "simple_indoor.mp4"
    },
    {
        "frame": 70,
        "pose_estimation_failed": false,
        "method": "vape_mk45_local_features",
        "position": [
            -0.005120639877324614,
            -0.013862104773287856,
            1.6015876359025651
        ],
        "quaternion": [
            0.2755534158288183,
            -0.45455975616410504,
            -0.0701619231720066,
            0.8441108029387523
        ],
        "rotation_matrix": [
            [
                0.5769054652256697,
                -0.1320621124097687,
                -0.8060643167009834
            ],
            [
                -0.3689598616275669,
                0.8382952391237516,
                -0.40140965679741547
            ],
            [
                0.7287308863363212,
                0.5289808035537035,
                0.4348914862021995
            ]
        ],
        "translation_vector": [
            -0.005120639877324614,
            -0.013862104773287856,
            1.6015876359025651
        ],
        "rotation_vector": [
            0.5816579225401373,
            -0.9595173503674385,
            -0.1481028219189363
        ],
        "num_matches": 79,
        "num_inliers": 24,
        "processing_time_ms": 46.75514499831479,
        "viewpoint": "NW",
        "bbox": null,
        "whole_image_estimation": true,
        "video_frame_number": 69,
        "video_timestamp": 2.2994593179049936,
        "video_file": "simple_indoor.mp4"
    },
    {
        "frame": 72,
        "pose_estimation_failed": false,
        "method": "vape_mk45_local_features",
        "position": [
            -0.005419316167949998,
            -0.013232751317447194,
            1.591707121974904
        ],
        "quaternion": [
            0.273984381684775,
            -0.4629912263167755,
            -0.06760022815568192,
            0.8402391874340304
        ],
        "rotation_matrix": [
            [
                0.5621386670139763,
                -0.14010400818398444,
                -0.8150895570049539
            ],
            [
                -0.3673054512875254,
                0.8407255354922225,
                -0.39782820340667524
            ],
            [
                0.7410039301530169,
                0.5230214535390472,
                0.42114336589299983
            ]
        ],
        "translation_vector": [
            -0.005419316167949998,
            -0.013232751317447194,
            1.591707121974904
        ],
        "rotation_vector": [
            0.5791523455204209,
            -0.9786778831256164,
            -0.14289438855358794
        ],
        "num_matches": 76,
        "num_inliers": 25,
        "processing_time_ms": 48.196793999522924,
        "viewpoint": "NW",
        "bbox": null,
        "whole_image_estimation": true,
        "video_frame_number": 71,
        "video_timestamp": 2.3661103126268777,
        "video_file": "simple_indoor.mp4"
    },
    {
        "frame": 75,
        "pose_estimation_failed": false,
        "method": "vape_mk45_local_features",
        "position": [
            -0.00715100963772225,
            -0.012764016714608833,
            1.603589596065733
        ],
        "quaternion": [
            0.2689486774269693,
            -0.4566153407594359,
            -0.06835468249649299,
            0.8452790526649953
        ],
        "rotation_matrix": [
            [
                0.5736601359278957,
                -0.13005462144852606,
                -0.8087025682456244
            ],
            [
                -0.36116974651193456,
                0.8459884925821751,
                -0.3922497732606656
            ],
            [
                0.7351669624321355,
                0.5170969598232223,
                0.4383380789868565
            ]
        ],
        "translation_vector": [
            -0.00715100963772225,
            -0.012764016714608833,
            1.603589596065733
        ],
        "rotation_vector": [
            0.5674778151968439,
            -0.9634517575565644,
            -0.1442273903433372
        ],
        "num_matches": 78,
        "num_inliers": 19,
        "processing_time_ms": 47.8907340002479,
        "viewpoint": "NW",
        "bbox": null,
        "whole_image_estimation": true,
        "video_frame_number": 74,
        "video_timestamp": 2.4660868047097035,
        "video_file": "simple_indoor.mp4"
    },
    {
        "frame": 77,
        "pose_estimation_failed": false,
        "method": "vape_mk45_local_features",
        "position": [
            -0.009117146642795717,
            -0.011649144127030888,
            1.6071333093055176
        ],
        "quaternion": [
            0.2702896189032628,
            -0.4483628304042389,
            -0.06924340357365195,
            0.8491876384442751
        ],
