[
    {
        "frame": 1,
        "pose_estimation_failed": false,
        "method": "vape_mk45_local_features",
        "position": [
            0.03812593110585702,
            0.15168948758104353,
            2.4797360069733156
        ],
        "quaternion": [
            0.23772872435142145,
            -0.530433582841673,
            -0.14797768009861714,
            0.8001424085777626
        ],
        "rotation_matrix": [
            [
                0.393485640772755,
                -0.01539216326449544,
                -0.9192018993755907
            ],
            [
                -0.48900503274392415,
                0.8431753196217544,
                -0.22344900611071394
            ],
            [
                0.7784877188862828,
                0.5374183302519475,
                0.3242505356239841
            ]
        ],
        "translation_vector": [
            0.03812593110585702,
            0.15168948758104353,
            2.4797360069733156
        ],
        "rotation_vector": [
            0.5099022868118315,
            -1.137722408727277,
            -0.31739604747070765
        ],
        "num_matches": 69,
        "num_inliers": 23,
        "processing_time_ms": 78.97562599100638,
        "viewpoint": "NW",
        "bbox": null,
        "whole_image_estimation": true,
        "video_frame_number": 0,
        "video_timestamp": 0.0,
        "video_file": "simple_outdoor2.mp4"
    },
    {
        "frame": 12,
        "pose_estimation_failed": false,
        "method": "vape_mk45_local_features",
        "position": [
            0.11091052889554694,
            0.15803489747240332,
            2.4697650511643117
        ],
        "quaternion": [
            0.2541263553639948,
            -0.5198323136948602,
            -0.13253758293149265,
            0.8047533474666253
        ],
        "rotation_matrix": [
            [
                0.4244163094986525,
                -0.050886055500907024,
                -0.9040361749327859
            ],
            [
                -0.4775263096179237,
                0.8357071692401807,
                -0.2712234335437316
            ],
            [
                0.7693110033362522,
                0.5468127070909405,
                0.33038832229612236
            ]
        ],
        "translation_vector": [
            0.11091052889554694,
            0.15803489747240332,
            2.4697650511643117
        ],
        "rotation_vector": [
            0.5441510450415231,
            -1.1130970510250675,
            -0.28379765709915594
        ],
        "num_matches": 76,
        "num_inliers": 18,
        "processing_time_ms": 50.68330999347381,
        "viewpoint": "NW",
        "bbox": null,
        "whole_image_estimation": true,
        "video_frame_number": 11,
        "video_timestamp": 0.3665793384223918,
        "video_file": "simple_outdoor2.mp4"
    },
    {
        "frame": 14,
        "pose_estimation_failed": false,
        "method": "vape_mk45_local_features",
        "position": [
            0.11750853282094535,
            0.1566597152538103,
            2.4081394371170464
        ],
        "quaternion": [
            0.25717167935464375,
            -0.5220201942842152,
            -0.12430291048245973,
            0.8036830410945425
        ],
        "rotation_matrix": [
            [
                0.4240874064101195,
                -0.06869733781532625,
                -0.9030119309850921
            ],
            [
                -0.46829790226910994,
                0.8368230275670038,
                -0.2835917757339672
            ],
            [
                0.7751431780353157,
                0.5431462936545555,
                0.32271528819476486
            ]
        ],
        "translation_vector": [
            0.11750853282094535,
            0.1566597152538103,
            2.4081394371170464
        ],
        "rotation_vector": [
            0.5508882128943139,
            -1.1182209979171296,
            -0.2662696311859956
        ],
        "num_matches": 67,
        "num_inliers": 21,
        "processing_time_ms": 49.36057300074026,
        "viewpoint": "NW",
        "bbox": null,
        "whole_image_estimation": true,
        "video_frame_number": 13,
        "video_timestamp": 0.4332301272264631,
        "video_file": "simple_outdoor2.mp4"
    },
    {
        "frame": 17,
        "pose_estimation_failed": false,
        "method": "vape_mk45_local_features",
        "position": [
            0.12759668540254696,
            0.15856016628930322,
            2.439071161537213
        ],
        "quaternion": [
            0.257094098950693,
            -0.5185562628682224,
            -0.123801323635153,
            0.8060243537208156
        ],
        "rotation_matrix": [
            [
                0.43154526901265433,
                -0.06706174656907721,
                -0.8995951327902463
            ],
            [
                -0.46620927406030016,
                0.8371517131018307,
                -0.2860523064595669
            ],
            [
                0.772280773794715,
                0.5428441133491041,
                0.33000405304974867
            ]
        ],
        "translation_vector": [
            0.12759668540254696,
            0.15856016628930322,
            2.439071161537213
        ],
        "rotation_vector": [
            0.5502492061320589,
            -1.1098472238087806,
            -0.26496749760641447
        ],
        "num_matches": 72,
        "num_inliers": 20,
        "processing_time_ms": 48.7383269937709,
        "viewpoint": "NW",
        "bbox": null,
        "whole_image_estimation": true,
        "video_frame_number": 16,
        "video_timestamp": 0.5332063104325699,
        "video_file": "simple_outdoor2.mp4"
    },
    {
        "frame": 19,
        "pose_estimation_failed": false,
        "method": "vape_mk45_local_features",
        "position": [
            0.12967486320713947,
            0.16103199533082277,
            2.447915614589307
        ],
        "quaternion": [
            0.25866658375952045,
            -0.5137639059044713,
            -0.12036201778289521,
            0.8091052046002365
        ],
        "rotation_matrix": [
            [
                0.44311926733002327,
                -0.0710160387498612,
                -0.8936453643147161
            ],
            [
                -0.4605581788471681,
                0.837209166242818,
                -0.29490163759461474
            ],
            [
                0.7691108364974996,
                0.5422522791093494,
                0.3382764948719212
            ]
        ],
        "translation_vector": [
            0.12967486320713947,
            0.16103199533082277,
            2.447915614589307
        ],
        "rotation_vector": [
            0.5529902609291013,
            -1.0983499772285952,
            -0.25731589543702155
        ],
        "num_matches": 70,
        "num_inliers": 18,
        "processing_time_ms": 48.857675996259786,
        "viewpoint": "NW",
        "bbox": null,
        "whole_image_estimation": true,
        "video_frame_number": 18,
        "video_timestamp": 0.5998570992366412,
        "video_file": "simple_outdoor2.mp4"
    },
    {
        "frame": 22,
        "pose_estimation_failed": false,
        "method": "vape_mk45_local_features",
        "position": [
            0.12822842884447389,
            0.16312695685883646,
            2.416212610005301
        ],
        "quaternion": [
            0.25517916809455504,
            -0.4988727570742772,
            -0.11986436398667892,
            0.8195377347418171
        ],
        "rotation_matrix": [
            [
                0.4735170129903563,
                -0.05813713159467923,
                -0.8788638758867232
            ],
            [
                -0.4510706089463252,
                0.8410322528332794,
                -0.29866378327304766
            ],
            [
                0.7565163211415086,
                0.5378520462210045,
                0.37201912883936
            ]
        ],
        "translation_vector": [
            0.12822842884447389,
            0.16312695685883646,
            2.416212610005301
        ],
        "rotation_vector": [
            0.5434609346736031,
            -1.0624607677313336,
            -0.25527788875822216
        ],
        "num_matches": 69,
        "num_inliers": 19,
        "processing_time_ms": 46.5133789984975,
        "viewpoint": "NW",
        "bbox": null,
        "whole_image_estimation": true,
        "video_frame_number": 21,
        "video_timestamp": 0.6998332824427481,
        "video_file": "simple_outdoor2.mp4"
    },
    {
        "frame": 24,
        "pose_estimation_failed": false,
        "method": "vape_mk45_local_features",
        "position": [
            0.12603288028693937,
            0.16982783875069002,
            2.4291399077438123
        ],
        "quaternion": [
            0.2643600240199468,
            -0.49374175679558363,
            -0.1180730140271935,
            0.8199948894079268
        ],
        "rotation_matrix": [
            [
                0.48455568190988973,
                -0.0674126292136843,
                -0.872159004168013
            ],
            [
                -0.45468970153084076,
                0.8323450821174146,
                -0.316952582568354
            ],
            [
                0.7473038648706674,
                0.5501428920720985,
                0.3726657105931677
            ]
        ],
        "translation_vector": [
            0.12603288028693937,
            0.16982783875069002,
            2.4291399077438123
        ],
        "rotation_vector": [
            0.5629199223386187,
            -1.0513581711950966,
            -0.25142096325978297
        ],
        "num_matches": 70,
        "num_inliers": 23,
        "processing_time_ms": 49.319116995320655,
        "viewpoint": "NW",
        "bbox": null,
        "whole_image_estimation": true,
        "video_frame_number": 23,
        "video_timestamp": 0.7664840712468193,
        "video_file": "simple_outdoor2.mp4"
    },
    {
        "frame": 27,
        "pose_estimation_failed": false,
        "method": "vape_mk45_local_features",
        "position": [
            0.11991375494425595,
            0.18021595052329462,
            2.4501846975335666
        ],
        "quaternion": [
            0.2632899004727517,
            -0.48300171141728765,
            -0.10946117569209611,
            0.8278925208583079
        ],
        "rotation_matrix": [
            [
                0.5094551955681503,
                -0.07309476769476575,
                -0.8573870529954752
            ],
            [
                -0.4355831224141401,
                0.8373933586503052,
                -0.3302116084517771
            ],
            [
                0.7421069647810656,
                0.5416913492239005,
                0.3947755501540392
            ]
        ],
        "translation_vector": [
            0.11991375494425595,
            0.18021595052329462,
            2.4501846975335666
        ],
        "rotation_vector": [
            0.5590350810757198,
            -1.02554218911188,
            -0.23241543681622334
        ],
        "num_matches": 67,
        "num_inliers": 17,
        "processing_time_ms": 47.00055099965539,
        "viewpoint": "NW",
        "bbox": null,
        "whole_image_estimation": true,
        "video_frame_number": 26,
        "video_timestamp": 0.8664602544529262,
        "video_file": "simple_outdoor2.mp4"
    },
    {
        "frame": 29,
        "pose_estimation_failed": false,
        "method": "vape_mk45_local_features",
        "position": [
            0.11454974342364023,
            0.1882049399510539,
            2.4621699529619927
        ],
        "quaternion": [
            0.25824257936870043,
            -0.47079304626083085,
            -0.1128961062027557,
            0.8360138437835248
        ],
        "rotation_matrix": [
            [
                0.5312167535934067,
                -0.05439220584097215,
                -0.8454881717951088
            ],
            [
                -0.43192303662000747,
                0.8411304788105133,
                -0.32548733931283524
            ],
            [
                0.7288698451291793,
                0.5380901463135618,
                0.42332935558689533
            ]
        ],
        "translation_vector": [
            0.11454974342364023,
            0.1882049399510539,
            2.4621699529619927
        ],
        "rotation_vector": [
            0.5467095691229253,
            -0.9966871617242069,
            -0.2390054410417082
        ],
        "num_matches": 66,
        "num_inliers": 18,
        "processing_time_ms": 47.20908298622817,
        "viewpoint": "NW",
        "bbox": null,
        "whole_image_estimation": true,
        "video_frame_number": 28,
        "video_timestamp": 0.9331110432569975,
        "video_file": "simple_outdoor2.mp4"
    },
    {
        "frame": 31,
        "pose_estimation_failed": false,
        "method": "vape_mk45_local_features",
        "position": [
            0.10914500445302325,
            0.19559604153713242,
            2.4592106265421183
        ],
        "quaternion": [
            0.2581968363874183,
            -0.46654617934164544,
            -0.11255585226840914,
            0.8384510935894675
        ],
        "rotation_matrix": [
            [
                0.5393316853236906,
                -0.05217634022061546,
                -0.8404754385031665
            ],
            [
                -0.4296666499179842,
                0.8413311475993215,
                -0.32794583398400545
            ],
            [
                0.7242291786127952,
                0.5379958453374812,
                0.431338112442484
            ]
        ],
        "translation_vector": [
            0.10914500445302325,
            0.19559604153713242,
            2.4592106265421183
        ],
        "rotation_vector": [
            0.5461322507692625,
            -0.9868281833993409,
            -0.23807565497961417
        ],
        "num_matches": 64,
        "num_inliers": 15,
        "processing_time_ms": 46.47624799690675,
        "viewpoint": "NW",
        "bbox": null,
        "whole_image_estimation": true,
        "video_frame_number": 30,
        "video_timestamp": 0.9997618320610687,
        "video_file": "simple_outdoor2.mp4"
    },
    {
        "frame": 34,
        "pose_estimation_failed": false,
        "method": "vape_mk45_local_features",
        "position": [
            0.10201906951402825,
            0.20517344632832243,
            2.482765683369121
        ],
        "quaternion": [
            0.2561223089667762,
            -0.45397106867280185,
            -0.11433758624222146,
            0.8457177709081819
        ],
        "rotation_matrix": [
            [
                0.5616743703607536,
                -0.03914957948959874,
                -0.8264316136896256
            ],
            [
                -0.4259388937607729,
                0.8426565584436597,
                -0.3294024640067773
            ],
            [
                0.7092939873294429,
                0.537026288870177,
                0.45662326331520303
            ]
        ],
        "translation_vector": [
            0.10201906951402825,
            0.20517344632832243,
            2.482765683369121
        ],
        "rotation_vector": [
            0.5403291821856399,
            -0.9577213998321995,
            -0.2412126250015714
        ],
        "num_matches": 62,
        "num_inliers": 14,
        "processing_time_ms": 46.840790993883274,
        "viewpoint": "NW",
        "bbox": null,
        "whole_image_estimation": true,
        "video_frame_number": 33,
        "video_timestamp": 1.0997380152671756,
        "video_file": "simple_outdoor2.mp4"
    },
    {
        "frame": 36,
        "pose_estimation_failed": false,
        "method": "vape_mk45_local_features",
        "position": [
            0.09573989412528082,
            0.2076365909056379,
            2.4851730085974344
        ],
        "quaternion": [
            0.23559231963432525,
            -0.45113753441766674,
            -0.11501692030450497,
            0.85307812773071
        ],
        "rotation_matrix": [
            [
                0.5664920661664312,
                -0.01633223835369793,
                -0.8239053325236131
            ],
            [
                -0.40880591447657544,
                0.8625347339459701,
                -0.298180410197795
            ],
            [
                0.7155169203166746,
                0.5057342095677456,
                0.4819423679377328
            ]
        ],
        "translation_vector": [
            0.09573989412528082,
            0.2076365909056379,
            2.4851730085974344
        ],
        "rotation_vector": [
            0.49570791671310055,
            -0.9492348803406562,
            -0.24200618271172178
        ],
        "num_matches": 69,
        "num_inliers": 18,
        "processing_time_ms": 48.41360000136774,
        "viewpoint": "NW",
        "bbox": null,
        "whole_image_estimation": true,
        "video_frame_number": 35,
        "video_timestamp": 1.1663888040712467,
        "video_file": "simple_outdoor2.mp4"
    },
    {
        "frame": 39,
        "pose_estimation_failed": false,
        "method": "vape_mk45_local_features",
        "position": [
            0.08666115066771146,
            0.20977812724443973,
            2.521546252522073
        ],
        "quaternion": [
            0.2334715329603927,
            -0.4429923448123607,
            -0.11599032557447982,
            0.8577849789474615
        ],
        "rotation_matrix": [
            [
                0.5806080536215454,
                -0.007862685704092653,
                -0.8141452365784125
            ],
            [
                -0.4058417216281502,
                0.8640745753405008,
                -0.2977710953669481
            ],
            [
                0.7058234800966172,
                0.5033024005740999,
                0.4984976514695416
            ]
        ],
        "translation_vector": [
            0.08666115066771146,
            0.20977812724443973,
            2.521546252522073
        ],
        "rotation_vector": [
            0.4904196357401302,
            -0.9305294809341911,
            -0.24364397875978133
        ],
        "num_matches": 62,
        "num_inliers": 17,
        "processing_time_ms": 46.9355329987593,
        "viewpoint": "NW",
        "bbox": null,
        "whole_image_estimation": true,
        "video_frame_number": 38,
        "video_timestamp": 1.2663649872773537,
        "video_file": "simple_outdoor2.mp4"
    },
    {
        "frame": 41,
        "pose_estimation_failed": false,
        "method": "vape_mk45_local_features",
        "position": [
            0.08239825004449118,
            0.2077011995926554,
            2.523476172378456
        ],
        "quaternion": [
            0.2609403852591633,
            -0.4401875740662697,
            -0.10337017569001006,
            0.8529124349874777
        ],
        "rotation_matrix": [
            [
                0.5910990128309376,
                -0.05339401382059811,
                -0.8048298182339028
            ],
            [
                -0.4060568468319975,
                0.8424494442372319,
                -0.3541140650203477
            ],
            [
                0.6969360043584684,
                0.5361231324915062,
                0.47629002995690356
            ]
        ],
        "translation_vector": [
            0.08239825004449118,
            0.2077011995926554,
            2.523476172378456
        ],
        "rotation_vector": [
            0.5490751435422461,
            -0.9262500903258042,
            -0.21751326073427854
        ],
        "num_matches": 64,
        "num_inliers": 15,
        "processing_time_ms": 46.886230004020035,
        "viewpoint": "NW",
        "bbox": null,
        "whole_image_estimation": true,
        "video_frame_number": 40,
        "video_timestamp": 1.333015776081425,
        "video_file": "simple_outdoor2.mp4"
    },
    {
        "frame": 44,
        "pose_estimation_failed": false,
        "method": "vape_mk45_local_features",
        "position": [
            0.07904761035139465,
            0.2052531762166196,
            2.5965546107603243
        ],
        "quaternion": [
            0.2497218563429668,
            -0.4202624438122915,
            -0.11209865501504286,
            0.8651314144853148
        ],
        "rotation_matrix": [
            [
                0.6216267397294778,
                -0.01593729928994375,
                -0.7831514533885785
            ],
            [
                -0.4038575711902052,
                0.8501457720168821,
                -0.33786273620239315
            ],
            [
                0.6711775164929531,
                0.5263061550211647,
                0.5220369455710863
            ]
        ],
        "translation_vector": [
            0.07904761035139465,
            0.2052531762166196,
            2.5965546107603243
        ],
        "rotation_vector": [
            0.5231825726898076,
            -0.8804755409820697,
            -0.23485354299661446
        ],
        "num_matches": 63,
        "num_inliers": 17,
        "processing_time_ms": 65.44176599709317,
        "viewpoint": "NW",
        "bbox": null,
        "whole_image_estimation": true,
        "video_frame_number": 43,
        "video_timestamp": 1.4329919592875318,
        "video_file": "simple_outdoor2.mp4"
    },
    {
        "frame": 47,
        "pose_estimation_failed": false,
        "method": "vape_mk45_local_features",
        "position": [
            0.08363819111718389,
            0.197579282101714,
            2.55540310063458
        ],
        "quaternion": [
            0.2604692893959252,
            -0.4273587692001641,
            -0.09582248283833401,
            0.8604291275009232
        ],
        "rotation_matrix": [
            [
                0.6163650683408362,
                -0.05773075925424803,
                -0.7853414938516393
            ],
            [
                -0.3875245804684877,
                0.8459476021285579,
                -0.3663295701764542
            ],
            [
                0.6855062377994229,
                0.5301318834864313,
                0.49904046333860524
            ]
        ],
        "translation_vector": [
            0.08363819111718389,
            0.197579282101714,
            2.55540310063458
        ],
        "rotation_vector": [
            0.546613877833049,
            -0.8968436724353238,
            -0.20109049726870393
        ],
        "num_matches": 59,
        "num_inliers": 15,
        "processing_time_ms": 47.04244900494814,
        "viewpoint": "NW",
        "bbox": null,
        "whole_image_estimation": true,
        "video_frame_number": 46,
        "video_timestamp": 1.5329681424936386,
        "video_file": "simple_outdoor2.mp4"
    },
    {
        "frame": 49,
        "pose_estimation_failed": false,
        "method": "vape_mk45_local_features",
        "position": [
            0.08798257822332953,
            0.19453455647125062,
            2.5710988196372253
        ],
        "quaternion": [
            0.24218556824673593,
            -0.4197321688250394,
            -0.10223832789733289,
            0.8687452913801558
        ],
        "rotation_matrix": [
            [
                0.6267444615243722,
                -0.02566801571787733,
                -0.7788019856918905
            ],
            [
                -0.38094427955543086,
                0.8617869496835262,
                -0.33496971389837227
            ],
            [
                0.6797593955382438,
                0.5066205743199446,
                0.5303421139728687
            ]
        ],
        "translation_vector": [
            0.08798257822332953,
            0.19453455647125062,
            2.5710988196372253
        ],
        "rotation_vector": [
            0.506742223772247,
            -0.8782357023126017,
            -0.21392058167837955
        ],
        "num_matches": 61,
        "num_inliers": 16,
        "processing_time_ms": 48.6929190083174,
        "viewpoint": "NW",
        "bbox": null,
        "whole_image_estimation": true,
        "video_frame_number": 48,
        "video_timestamp": 1.5996189312977098,
        "video_file": "simple_outdoor2.mp4"
    },
    {
        "frame": 52,
        "pose_estimation_failed": false,
        "method": "vape_mk45_local_features",
        "position": [
            0.09278234735401018,
            0.1900279762069978,
            2.5492249098973527
        ],
        "quaternion": [
            0.22624160229017934,
            -0.4046415406899544,
            -0.10087184259363613,
            0.8802867898094331
        ],
        "rotation_matrix": [
            [
                0.6521801898396493,
                -0.005501200039895404,
                -0.7580440203437001
            ],
            [
                -0.36068580203555295,
                0.877279217529874,
                -0.31668111200408194
            ],
            [
                0.6667583911663121,
                0.4799488632013759,
                0.5701599218824644
            ]
        ],
        "translation_vector": [
            0.09278234735401018,
            0.1900279762069978,
            2.5492249098973527
        ],
        "rotation_vector": [
            0.47145075312247225,
            -0.8432072491169648,
            -0.21020053640985698
        ],
        "num_matches": 60,
        "num_inliers": 21,
        "processing_time_ms": 47.814032004680485,
        "viewpoint": "NW",
        "bbox": null,
        "whole_image_estimation": true,
        "video_frame_number": 51,
        "video_timestamp": 1.6995951145038168,
        "video_file": "simple_outdoor2.mp4"
    },
    {
        "frame": 55,
        "pose_estimation_failed": false,
        "method": "vape_mk45_local_features",
        "position": [
            0.1029880214996575,
            0.18601228032309564,
            2.581176519599773
        ],
        "quaternion": [
            0.21013244853252466,
            -0.40315558066278273,
            -0.0921654271041806,
            0.8858981125958472
        ],
        "rotation_matrix": [
            [
                0.6579422236543171,
                -0.0061337827720770455,
                -0.7530434297181788
            ],
            [
                -0.33273049444481195,
                0.8946997762408597,
                -0.2979978665377766
            ],
            [
                0.6755756422483893,
                0.44662589166265376,
                0.5866198637083608
            ]
        ],
        "translation_vector": [
            0.1029880214996575,
            0.18601228032309564,
            2.581176519599773
        ],
        "rotation_vector": [
            0.4370163568625543,
            -0.8384501505619997,
            -0.1916781509140225
        ],
        "num_matches": 57,
        "num_inliers": 14,
        "processing_time_ms": 47.58987500099465,
        "viewpoint": "NW",
        "bbox": null,
        "whole_image_estimation": true,
        "video_frame_number": 54,
        "video_timestamp": 1.7995712977099236,
        "video_file": "simple_outdoor2.mp4"
    },
    {
        "frame": 57,
        "pose_estimation_failed": false,
        "method": "vape_mk45_local_features",
        "position": [
            0.10743045191361178,
            0.18334786044724846,
            2.576606287965983
        ],
        "quaternion": [
            0.215536555210996,
            -0.3986666381857278,
            -0.08839962071401566,
            0.8870143245873121
        ],
        "rotation_matrix": [
            [
                0.6665008373106163,
                -0.015031008021366254,
                -0.7453527370729304
            ],
            [
                -0.32867792746703495,
                0.8914590008507908,
                -0.31188406467481494
            ],
            [
                0.6691393381503002,
                0.45285198310261515,
                0.5892178099309345
            ]
        ],
        "translation_vector": [
            0.10743045191361178,
            0.18334786044724846,
            2.576606287965983
        ],
        "rotation_vector": [
            0.44807927934177816,
            -0.828788693226535,
            -0.1837741087809771
        ],
        "num_matches": 55,
        "num_inliers": 12,
        "processing_time_ms": 47.90456299087964,
        "viewpoint": "NW",
        "bbox": null,
        "whole_image_estimation": true,
        "video_frame_number": 56,
        "video_timestamp": 1.866222086513995,
        "video_file": "simple_outdoor2.mp4"
    },
    {
        "frame": 60,
        "pose_estimation_failed": false,
        "method": "vape_mk45_local_features",
        "position": [
            0.11191406382103043,
            0.18365445349733145,
            2.6421456710384477
        ],
        "quaternion": [
            0.2152327797317592,
            -0.3871243047031513,
            -0.08780609681171637,
            0.8922442000930761
        ],
        "rotation_matrix": [
            [
                0.6848497241415863,
                -0.009954719179837423,
                -0.7286163317612664
            ],
            [
                -0.32333264163209774,
                0.891929879783263,
                -0.31609665041727886
            ],
            [
                0.6530213305845396,
                0.4520641471250121,
                0.6076192464740834
            ]
        ],
        "translation_vector": [
            0.11191406382103043,
            0.18365445349733145,
            2.6421456710384477
        ],
        "rotation_vector": [
            0.4466260423428484,
            -0.8033153514988626,
            -0.18220500409586637
        ],
        "num_matches": 59,
        "num_inliers": 15,
        "processing_time_ms": 48.589317011646926,
        "viewpoint": "NW",
        "bbox": null,
        "whole_image_estimation": true,
        "video_frame_number": 59,
        "video_timestamp": 1.9661982697201017,
        "video_file": "simple_outdoor2.mp4"
    },
    {
        "frame": 62,
        "pose_estimation_failed": false,
        "method": "vape_mk45_local_features",
        "position": [
            0.11709548656512045,
            0.182632772349865,
            2.6855404645190086
        ],
        "quaternion": [
            0.23995949226632032,
            -0.37572555796787005,
            -0.08195274455413352,
            0.891366083503892
        ],
        "rotation_matrix": [
            [
                0.7042281054995553,
                -0.0342180343516742,
                -0.7091487161023524
            ],
            [
                -0.32641762213412584,
                0.8714063794626694,
                -0.36620002429282456
            ],
            [
                0.630487360210187,
                0.4893669869912251,
                0.6024994943220449
            ]
        ],
        "translation_vector": [
            0.11709548656512045,
            0.182632772349865,
            2.6855404645190086
        ],
        "rotation_vector": [
            0.4980895789073549,
            -0.7799024042993203,
            -0.17011124519286078
        ],
        "num_matches": 58,
        "num_inliers": 15,
        "processing_time_ms": 47.79656800383236,
        "viewpoint": "NW",
        "bbox": null,
        "whole_image_estimation": true,
        "video_frame_number": 61,
        "video_timestamp": 2.032849058524173,
        "video_file": "simple_outdoor2.mp4"
    },
    {
        "frame": 65,
        "pose_estimation_failed": false,
        "method": "vape_mk45_local_features",
        "position": [
            0.10727815284480528,
            0.17232696574422268,
            2.602998449947029
        ],
        "quaternion": [
            0.2051749989248557,
            -0.3578711417049836,
            -0.09083119094345807,
            0.9064111431920672
        ],
        "rotation_matrix": [
            [
                0.7273558813731292,
                0.0178083850119998,
                -0.6860293603448635
            ],
            [
                -0.3115132294702273,
                0.899305829135957,
                -0.30693408664910177
            ],
            [
                0.6114842023281941,
                0.4369575346705366,
                0.6596629315019141
            ]
        ],
        "translation_vector": [
            0.10727815284480528,
            0.17232696574422268,
            2.602998449947029
        ],
        "rotation_vector": [
            0.4236506774147899,
            -0.7389416469111221,
            -0.1875506069220525
        ],
        "num_matches": 61,
        "num_inliers": 15,
        "processing_time_ms": 49.50412499601953,
        "viewpoint": "NW",
        "bbox": null,
        "whole_image_estimation": true,
        "video_frame_number": 64,
        "video_timestamp": 2.1328252417302798,
        "video_file": "simple_outdoor2.mp4"
    },
    {
        "frame": 67,
        "pose_estimation_failed": false,
        "method": "vape_mk45_local_features",
        "position": [
            0.10997756912566933,
            0.16880725491978515,
            2.622899068325226
        ],
        "quaternion": [
            0.21372921690405713,
            -0.37229293567972777,
            -0.07654742697917404,
            0.8999212650601255
        ],
        "rotation_matrix": [
            [
                0.7110769229316761,
                -0.021366440555089766,
                -0.7027895025482558
            ],
            [
                -0.29691306985187327,
                0.8969206265288929,
                -0.3276828018956055
            ],
            [
                0.6373478160511383,
                0.4416750671308307,
                0.631435583769097
            ]
        ],
        "translation_vector": [
            0.10997756912566933,
            0.16880725491978515,
            2.622899068325226
        ],
        "rotation_vector": [
            0.4423147342393236,
            -0.7704639229473099,
            -0.15841565936301652
        ],
        "num_matches": 55,
        "num_inliers": 12,
        "processing_time_ms": 46.41570700914599,
        "viewpoint": "NW",
        "bbox": null,
        "whole_image_estimation": true,
        "video_frame_number": 66,
        "video_timestamp": 2.1994760305343513,
        "video_file": "simple_outdoor2.mp4"
    },
    {
        "frame": 69,
        "pose_estimation_failed": false,
        "method": "vape_mk45_local_features",
        "position": [
            0.10582163978283694,
            0.16758703646220488,
            2.645607530341203
        ],
        "quaternion": [
            0.22188175061828733,
            -0.3578945374699712,
            -0.08192682362182309,
            0.9033094621241151
        ],
        "rotation_matrix": [
            [
                0.7303989912407882,
                -0.010809983062386369,
                -0.6829351783739288
            ],
            [
                -0.3068310829798514,
                0.8881129686276057,
                -0.3422134443192918
            ],
            [
                0.6102229101827057,
                0.45949809490535687,
                0.6453599775834391
            ]
        ],
        "translation_vector": [
            0.10582163978283694,
            0.16758703646220488,
            2.645607530341203
        ],
        "rotation_vector": [
            0.45864320106856976,
            -0.7397899820637794,
            -0.16934777436444173
        ],
        "num_matches": 57,
        "num_inliers": 13,
        "processing_time_ms": 48.605087999021634,
        "viewpoint": "NW",
        "bbox": null,
        "whole_image_estimation": true,
        "video_frame_number": 68,
        "video_timestamp": 2.2661268193384223,
        "video_file": "simple_outdoor2.mp4"
    },
    {
        "frame": 72,
        "pose_estimation_failed": false,
        "method": "vape_mk45_local_features",
        "position": [
            0.0952356897408688,
            0.16507666772175805,
            2.688079751738629
        ],
        "quaternion": [
            0.2463058103207829,
            -0.34162693579172515,
            -0.07498967483755098,
            0.9038810946200487
        ],
        "rotation_matrix": [
            [
                0.7553351708186299,
                -0.03272589974043966,
                -0.6545210426033453
            ],
            [
                -0.30385289724990805,
                0.8674199929399617,
                -0.39402534522651395
            ],
            [
                0.5806394720971252,
                0.4964993165495954,
                0.6452489690875581
            ]
        ],
        "translation_vector": [
            0.0952356897408688,
            0.16507666772175805,
            2.688079751738629
        ],
        "rotation_vector": [
            0.5090276528052743,
            -0.7060229599725638,
            -0.15497733535995448
        ],
        "num_matches": 56,
        "num_inliers": 12,
        "processing_time_ms": 46.45170801086351,
        "viewpoint": "NW",
        "bbox": null,
        "whole_image_estimation": true,
        "video_frame_number": 71,
        "video_timestamp": 2.3661030025445293,
        "video_file": "simple_outdoor2.mp4"
    },
    {
        "frame": 74,
        "pose_estimation_failed": false,
        "method": "vape_mk45_local_features",
        "position": [
            0.08530973103013562,
            0.15701558564408774,
            2.637567608242873
        ],
        "quaternion": [
            0.2131340818977064,
            -0.33497590756937096,
            -0.0760065954396366,
            0.9146518473885971
        ],
        "rotation_matrix": [
            [
                0.7640282775955033,
                -0.0037504191701349665,
                -0.6451718572523888
            ],
            [
                -0.2818287109004603,
                0.8975937211665943,
                -0.3389662069211189
            ],
            [
                0.5803734735035995,
                0.44080772007572,
                0.6847300089633961
            ]
        ],
        "translation_vector": [
            0.08530973103013562,
            0.15701558564408774,
            2.637567608242873
        ],
        "rotation_vector": [
            0.438824980824085,
            -0.6896869562429261,
            -0.1564911275068178
        ],
        "num_matches": 58,
        "num_inliers": 17,
        "processing_time_ms": 49.41129199869465,
        "viewpoint": "NW",
        "bbox": null,
        "whole_image_estimation": true,
        "video_frame_number": 73,
        "video_timestamp": 2.4327537913486004,
        "video_file": "simple_outdoor2.mp4"
    },
    {
        "frame": 77,
        "pose_estimation_failed": false,
        "method": "vape_mk45_local_features",
        "position": [
            0.07469545646514499,
            0.15469307341137958,
            2.6200190472228395
        ],
        "quaternion": [
            0.21672599518035843,
            -0.331838573400465,
            -0.07235662320554505,
            0.9152472470840425
        ],
        "rotation_matrix": [
            [
                0.76929536056367,
                -0.01138768972454754,
