[
    {
        "frame": 1,
        "rotation_matrix": [
            [
                -0.6449227840853868,
                0.7307388767983577,
                -0.22381978577200948
            ],
            [
                0.7376713291173743,
                0.5186422485030331,
                -0.43226291567277003
            ],
            [
                -0.19978892052804095,
                -0.4438816418857539,
                -0.8735293213344629
            ]
        ],
        "translation_vector": [
            0.036376936703946226,
            0.02479166139085856,
            0.42558287771548514
        ],
        "camera_position": [
            0.0901989612203784,
            0.14946838164252624,
            0.39061751635967923
        ]
    },
    {
        "frame": 2,
        "rotation_matrix": [
            [
                -0.6475496157866794,
                0.7273062016607715,
                -0.22738773959979694
            ],
            [
                0.7357306466198966,
                0.5190144982900737,
                -0.43511419902017856
            ],
            [
                -0.19844372179233252,
                -0.44905416108804064,
                -0.871189100993994
            ]
        ],
        "translation_vector": [
            0.036447482471210976,
            0.02472534651657323,
            0.4243171377678803
        ],
        "camera_position": [
            0.08961343012901304,
            0.15120008298205256,
            0.3887065257866314
        ]
    },
    {
        "frame": 3,
        "rotation_matrix": [
            [
                -0.6469970982140357,
                0.725110457551769,
                -0.23581683411427945
            ],
            [
                0.7319736386730878,
                0.5040283671593022,
                -0.4584430143282884
            ],
            [
                -0.21356345003370103,
                -0.46922300609389533,
                -0.8568666310237032
            ]
        ],
        "translation_vector": [
            0.03632277515564903,
            0.025080741072098088,
            0.4229121320748021
        ],
        "camera_position": [
            0.09546086280862756,
            0.15946067284333962,
            0.38244290621211696
        ]
    },
    {
        "frame": 4,
        "rotation_matrix": [
            [
                -0.644615920883838,
                0.7235882018151639,
                -0.2467598604655533
            ],
            [
                0.7277192637752249,
                0.48183758357675044,
                -0.48811598640421827
            ],
            [
                -0.23429679398900496,
                -0.49421924006134776,
                -0.83716925115514
            ]
        ],
        "translation_vector": [
            0.036020569718167555,
            0.02493815691956338,
            0.41903995126243965
        ],
        "camera_position": [
            0.10325117266031987,
            0.16901740572856028,
            0.3718685060239036
        ]
    },
    {
        "frame": 5,
        "rotation_matrix": [
            [
                -0.6451891232475372,
                0.7253824535865723,
                -0.23989850202074722
            ],
            [
                0.7333287402673234,
                0.4998436979716233,
                -0.4608527273392151
            ],
            [
                -0.21438272771148023,
                -0.473261633377117,
                -0.8544375181557797
            ]
        ],
        "translation_vector": [
            0.036035158030191985,
            0.02460003685834085,
            0.42303475484832403
        ],
        "camera_position": [
            0.09590092263687024,
            0.16177067431397424,
            0.3814385405365763
        ]
    },
    {
        "frame": 6,
        "rotation_matrix": [
            [
                -0.6457209269377467,
                0.7233127687914971,
                -0.24466941577940485
            ],
            [
                0.7332645966575995,
                0.4980126062783806,
                -0.46293247377601615
            ],
            [
                -0.21299651594151722,
                -0.4783326065521691,
                -0.8519568074179481
            ]
        ],
        "translation_vector": [
            0.03594856312727409,
            0.024361198430459204,
            0.42207017745604825
        ],
        "camera_position": [
            0.0952490124443733,
            0.1637556894784058,
            0.37965866468380177
        ]
    },
    {
        "frame": 7,
        "rotation_matrix": [
            [
                -0.6427326747941202,
                0.724931022195845,
                -0.24772912991831014
            ],
            [
                0.7295505872691394,
                0.48051495140199796,
                -0.4866840064090753
            ],
            [
                -0.2337747834289441,
                -0.49353864543439974,
                -0.8377165129657694
            ]
        ],
        "translation_vector": [
            0.03592668203513554,
            0.024533940120085612,
            0.41898147692902016
        ],
        "camera_position": [
            0.103139806048107,
            0.16895025920931445,
            0.3718280638022863
        ]
    },
    {
        "frame": 8,
        "rotation_matrix": [
            [
                -0.6054342721033843,
                0.6994437756156008,
                -0.37977328357223616
            ],
            [
                0.7771124934424612,
                0.41645504450057513,
                -0.4718700758107721
            ],
            [
                -0.17188808771490108,
                -0.5808128792155149,
                -0.7956826532224376
            ]
        ],
        "translation_vector": [
            0.03614729134293197,
            0.020297495107964934,
            0.4009823056512811
        ],
        "camera_position": [
            0.07503545371464088,
            0.19915969529618105,
            0.34236022093677354
        ]
    },
    {
        "frame": 9,
        "rotation_matrix": [
            [
                -0.603218724735386,
                0.7016150358971621,
                -0.3792934372377653
            ],
            [
                0.7794594448696831,
                0.4178059024717624,
                -0.4667774648193733
            ],
            [
                -0.1690270508884896,
                -0.5772127590956214,
                -0.7989088100685585
            ]
        ],
        "translation_vector": [
            0.036398053950128434,
            0.02004435093907533,
            0.40110505816848935
        ],
        "camera_position": [
            0.07412983410957731,
            0.19761088725027617,
            0.34360815904066905
        ]
    },
    {
        "frame": 10,
        "rotation_matrix": [
            [
                -0.6047655806809068,
                0.6989916881495293,
                -0.38166636257542613
            ],
            [
                0.7784296829801745,
                0.4175737388954507,
                -0.4686996919566502
            ],
            [
                -0.16824333888469573,
                -0.5805538669949111,
                -0.7966501028922199
            ]
        ],
        "translation_vector": [
            0.036752615809769705,
            0.02011624485710706,
            0.40029985913277355
        ],
        "camera_position": [
            0.07391541979043942,
            0.1983058426307493,
            0.34235463892496276
        ]
    },
    {
        "frame": 11,
        "rotation_matrix": [
            [
                -0.6042290986265277,
                0.7005501496349297,
                -0.37965337377593744
            ],
            [
                0.7796147965953854,
                0.42131716729511215,
                -0.4633493427986698
            ],
            [
                -0.1646449674375442,
                -0.5759525435215135,
                -0.8007313546431094
            ]
        ],
        "translation_vector": [
            0.036886391846545484,
            0.02006067835699245,
            0.4009547683513532
        ],
        "camera_position": [
            0.07266341439930758,
            0.1966382431620646,
            0.34435620005636336
        ]
    },
    {
        "frame": 12,
        "rotation_matrix": [
            [
                -0.6392806952253175,
                0.7549478978310902,
                -0.14619803101496495
            ],
            [
                0.7142609304444476,
                0.5125338363920774,
                -0.47659247769331364
            ],
            [
                -0.28487105144760994,
                -0.40909991214083324,
                -0.8668827751971404
            ]
        ],
        "translation_vector": [
            0.034539795639964496,
            0.02374287225943674,
            0.41241301644677225
        ],
        "camera_position": [
            0.1226065481640804,
            0.13047335727810777,
            0.3738790646567047
        ]
    },
    {
        "frame": 13,
        "rotation_matrix": [
            [
                -0.6433959566507672,
                0.7278377970038562,
                -0.23726311179367468
            ],
            [
                0.7489110272088494,
                0.5341960234886629,
                -0.3921312048458856
            ],
            [
                -0.1586629014307702,
                -0.4299845924466055,
                -0.8887853137671079
            ]
        ],
        "translation_vector": [
            0.036903911083718356,
            0.023687551703536674,
            0.4225701837146322
        ],
        "camera_position": [
            0.07305016990380259,
            0.14218481095441216,
            0.39361873829187094
        ]
    },
    {
        "frame": 14,
        "rotation_matrix": [
            [
                -0.646446931349171,
                0.7303679165047537,
                -0.22061067854876276
            ],
            [
                0.7416712595860512,
                0.5337394128827897,
                -0.4062585160209885
            ],
            [
                -0.17896957186427204,
                -0.42624517085363034,
                -0.8867270981935077
            ]
        ],
        "translation_vector": [
            0.03678892541674999,
            0.02329540005298552,
            0.4245906963525251
        ],
        "camera_position": [
            0.08249337438719737,
            0.14167660995541329,
            0.39407606055154554
        ]
    },
    {
        "frame": 15,
        "rotation_matrix": [
            [
                -0.6518783395242915,
                0.7236886112955714,
                -0.22655997956422036
            ],
            [
                0.7331825188377412,
                0.525188256282989,
                -0.43199616842418737
            ],
            [
                -0.19364406660106537,
                -0.4477187614379377,
                -0.8729546873272869
            ]
        ],
        "translation_vector": [
            0.03661819680788253,
            0.023557379776529132,
            0.42072512311067317
        ],
        "camera_position": [
            0.0880696740501079,
            0.14949429982145854,
            0.3857468840178585
        ]
    },
    {
        "frame": 16,
        "rotation_matrix": [
            [
                -0.6057369830680612,
                0.6991535614344457,
                -0.37982496610561833
            ],
            [
                0.7778520016875061,
                0.4199025492997299,
                -0.4675768520386017
            ],
            [
                -0.1674185497916627,
                -0.5786762018824682,
                -0.7981885006441383
            ]
        ],
        "translation_vector": [
            0.03621324174877494,
            0.01971174134259987,
            0.39923026006501594
        ],
        "camera_position": [
            0.07344143351696293,
            0.1974294231903363,
            0.3416324499780395
        ]
    },
    {
        "frame": 17,
        "rotation_matrix": [
            [
                -0.6504512731280059,
                0.7208213453800604,
                -0.23943627404935086
            ],
            [
                0.713791749004422,
                0.47234121120182626,
                -0.517102619654551
            ],
            [
                -0.2596429863088242,
                -0.5072576941209179,
                -0.8217512710156065
            ]
        ],
        "translation_vector": [
            0.03485287223023146,
            0.023709170383133762,
            0.40995950471847403
        ],
        "camera_position": [
            0.11218979498989198,
            0.17163360053973203,
            0.35748986004901384
        ]
    },
    {
        "frame": 18,
        "rotation_matrix": [
            [
                -0.6459733519232382,
                0.7224442946504535,
                -0.24656169558969393
            ],
            [
                0.7349570535724896,
                0.5013154943932706,
                -0.45664089226138616
            ],
            [
                -0.20629240899534035,
                -0.4761901051137445,
                -0.8548019804508294
            ]
        ],
        "translation_vector": [
            0.035588740808256414,
            0.023557422499920076,
            0.41934485898596313
        ],
        "camera_position": [
            0.09218334552035883,
            0.16216728882153694,
            0.3779889186604029
        ]
    },
    {
        "frame": 19,
        "rotation_matrix": [
            [
                -0.6455054683562018,
                0.7231975492941303,
                -0.2455768617300997
            ],
            [
                0.7353070752166779,
                0.5015199103535259,
                -0.4558522618736097
            ],
            [
                -0.20650955294740078,
                -0.4748295317416086,
                -0.8555061193980493
            ]
        ],
        "translation_vector": [
            0.035637128011847145,
            0.023553738929256912,
            0.4196044406545198
        ],
        "camera_position": [
            0.09233705557997726,
            0.16165522739434487,
            0.3784628459312428
        ]
    },
    {
        "frame": 20,
        "rotation_matrix": [
            [
                -0.6450267083554233,
                0.724148747920628,
                -0.24402691735370993
            ],
            [
                0.7345133442477237,
                0.4994520232490526,
                -0.4593885322844407
            ],
            [
                -0.21078589286333302,
                -0.4755588999875983,
                -0.8540568131057752
            ]
        ],
        "translation_vector": [
            0.03549177868567111,
            0.023533101376392706,
            0.4202832107803268
        ],
        "camera_position": [
            0.09419754002660227,
            0.16241443920947896,
            0.3784175258463751
        ]
    },
    {
        "frame": 21,
        "rotation_matrix": [
            [
                -0.6420387164691165,
                0.723148440028224,
                -0.25464214152303205
            ],
            [
                0.7320447274972646,
                0.4795464656854517,
                -0.4838860446345281
            ],
            [
                -0.22780869934694195,
                -0.49708301211501793,
                -0.837264400036521
            ]
        ],
        "translation_vector": [
            0.03554004798802661,
            0.023930626210273743,
            0.41745679875444575
        ],
        "camera_position": [
            0.10040008840833306,
            0.1703341054709067,
            0.37015140614232683
        ]
    },
    {
        "frame": 22,
        "rotation_matrix": [
            [
                -0.6445005596836768,
                0.7264683089081208,
                -0.23845927266433242
            ],
            [
                0.7336376401928117,
                0.4996981925523546,
                -0.4605187610209078
            ],
            [
                -0.21539461799160586,
                -0.4717472973023636,
                -0.8550202605951309
            ]
        ],
        "translation_vector": [
            0.03528701190160101,
            0.02358369589461427,
            0.4205644159787045
        ],
        "camera_position": [
            0.09602792363759258,
            0.16098050050468088,
            0.378866346153386
        ]
    },
    {
        "frame": 23,
        "rotation_matrix": [
            [
                -0.6426362210241421,
                0.7294406342482901,
                -0.23438227009580365
            ],
            [
                0.7359337189047718,
                0.5025876409449609,
                -0.45365981147592477
            ],
            [
                -0.2131202684091837,
                -0.4640280425543604,
                -0.8598009809929076
            ]
        ],
        "translation_vector": [
            0.035783751357132215,
            0.02373802515036067,
            0.42126063398944896
        ],
        "camera_position": [
            0.09530550100390929,
            0.15744418704859134,
            0.3813563712479742
        ]
    },
    {
        "frame": 24,
        "rotation_matrix": [
            [
                -0.6161842658667495,
                0.787026152264513,
                -0.03011289009661397
            ],
            [
                0.6883454281487544,
                0.5195562749399898,
                -0.5062033669556042
            ],
            [
                -0.3827499471521364,
                -0.3326426202731658,
                -0.8618882555951435
            ]
        ],
        "translation_vector": [
            0.03046428138441134,
            0.02326439105253635,
            0.39755780773108373
        ],
        "camera_position": [
            0.15492290353932492,
            0.09618132436024346,
            0.35534428604174007
        ]
    },
    {
        "frame": 25,
        "rotation_matrix": [
            [
                -0.6497760056401602,
                0.7250458845507615,
                -0.22825338505775142
            ],
            [
                0.7289786331646269,
                0.5093140718848397,
                -0.4573721991655338
            ],
            [
                -0.21536316974763994,
                -0.4635813213192353,
                -0.8594830211471087
            ]
        ],
        "translation_vector": [
            0.036034341082088146,
            0.02413965015668524,
            0.4230026901191579
        ],
        "camera_position": [
            0.09691616119374223,
            0.15767493178778696,
            0.38282939526653004
        ]
    },
    {
        "frame": 26,
        "rotation_matrix": [
            [
                -0.6110414504390274,
                0.6962658678147503,
                -0.3766194195226028
            ],
            [
                0.7722607129150735,
                0.4198047431680876,
                -0.476841031059072
            ],
            [
                -0.1739015156152246,
                -0.582218016665363,
                -0.7942168746236627
            ]
        ],
        "translation_vector": [
            0.0361521202719211,
            0.0209179675704361,
            0.4001101875987246
        ],
        "camera_position": [
            0.0755160874952315,
            0.19899841047335806,
            0.34136439847501565
        ]
    },
    {
        "frame": 27,
        "rotation_matrix": [
            [
                -0.6464382344072264,
                0.7060348720744658,
                -0.2891926148975117
            ],
            [
                0.7409705511747655,
                0.4905994059146409,
                -0.4585573739544109
            ],
            [
                -0.18187977179508472,
                -0.5107122304497845,
                -0.8402932620703167
            ]
        ],
        "translation_vector": [
            0.03659157769065437,
            0.025155429833379317,
            0.42623168117483856
        ],
        "camera_position": [
            0.08253768307175918,
            0.17950556377555588,
            0.38027683165279497
        ]
    },
    {
        "frame": 28,
        "rotation_matrix": [
            [
                -0.6475832452716495,
                0.7203744810096372,
                -0.24838789735720734
            ],
            [
                0.7319725701206118,
                0.49749353234749594,
                -0.4655280247884514
            ],
            [
                -0.21178313680381783,
                -0.483281276672816,
                -0.8494628364931738
            ]
        ],
        "translation_vector": [
            0.03519913660707173,
            0.025138496417365826,
            0.4241651933599292
        ],
        "camera_position": [
            0.0942247164559443,
            0.16712829702127163,
            0.3807582824071485
        ]
    },
    {
        "frame": 29,
        "rotation_matrix": [
            [
                -0.606928233355026,
                0.6963131044284614,
                -0.3831268460415501
            ],
            [
                0.7766669011206349,
                0.4173795793891871,
                -0.47178682835850216
            ],
            [
                -0.1686020292292383,
                -0.5839026865070099,
                -0.7941227917832856
            ]
        ],
        "translation_vector": [
            0.035158549909372346,
            0.021633070620631398,
            0.4061003756631158
        ],
        "camera_position": [
            0.07300637407072753,
            0.2036125393900655,
            0.34616994617977
        ]
    },
    {
        "frame": 30,
        "rotation_matrix": [
            [
                -0.6060568332805686,
                0.6991148316942242,
                -0.3793857758787033
            ],
            [
                0.7757431220025539,
                0.4140633843165892,
                -0.47620806632607926
            ],
            [
                -0.17583436381907797,
                -0.5829150588837531,
                -0.7932794656531145
            ]
        ],
        "translation_vector": [
            0.0346755600440496,
            0.022016503585061943,
            0.40642278364678175
        ],
        "camera_position": [
            0.07539930048998117,
            0.20355153455181485,
            0.34604669949141426
        ]
    },
    {
        "frame": 31,
        "rotation_matrix": [
            [
                -0.6376777643554482,
                0.7336358209466272,
                -0.23483089888386932
            ],
            [
                0.7523028869151074,
                0.5276128286449381,
                -0.39454412856926757
            ],
            [
                -0.16555191084923448,
                -0.4282559810128236,
                -0.8883633150580404
            ]
        ],
        "translation_vector": [
            0.034157353369079525,
            0.026177444358917074,
            0.43475671034743596
        ],
        "camera_position": [
            0.07406282192196594,
            0.14731654804655678,
            0.40457127141589083
        ]
    },
    {
        "frame": 32,
        "rotation_matrix": [
            [
                -0.608339893502861,
                0.7008754147185273,
                -0.37241942352146484
            ],
            [
                0.7725121696398342,
                0.41524465867609106,
                -0.4804131775870983
            ],
            [
                -0.18206460867308571,
                -0.5799530381712895,
                -0.7940446787080732
            ]
        ],
        "translation_vector": [
            0.03424661798179941,
            0.02340984309245878,
            0.41161671761365926
        ],
        "camera_position": [
            0.07769003187322851,
            0.20499494105684588,
            0.3508425671216148
        ]
    },
    {
        "frame": 33,
        "rotation_matrix": [
            [
                -0.6482499525428833,
                0.722484309977334,
                -0.24039222297055535
            ],
            [
                0.726597305685227,
                0.49256404380435725,
                -0.4789958435331858
            ],
            [
                -0.22765841605158937,
                -0.4851773743567138,
                -0.8442597710498865
            ]
        ],
        "translation_vector": [
            0.03247228804319105,
            0.02774352005366998,
            0.4343075158745298
        ],
        "camera_position": [
            0.09976555340503274,
            0.1735900011681181,
            0.38776348021580587
        ]
    },
    {
        "frame": 34,
        "rotation_matrix": [
            [
                -0.6452270880829067,
                0.7305875937023444,
                -0.22343628338358756
            ],
            [
                0.7294528780708182,
                0.5021826795827457,
                -0.46444704219242594
            ],
            [
                -0.2271134154519559,
                -0.4626600525821428,
                -0.8569510909418553
            ]
        ],
        "translation_vector": [
            0.03013314858233041,
            0.027706756234214293,
            0.43755845719582404
        ],
        "camera_position": [
            0.09860734631112447,
            0.16651206121229756,
            0.39456735695240525
        ]
    },
    {
        "frame": 35,
        "rotation_matrix": [
            [
                -0.585733943620775,
                0.8101241920078823,
                -0.02478993372380006
            ],
            [
                0.6038693191679632,
                0.41579875744718864,
                -0.6800391449563723
            ],
            [
                -0.5406085392019582,
                -0.4132918905918059,
                -0.7327565902214563
            ]
        ],
        "translation_vector": [
            0.014927234395374687,
            0.029129681541097987,
            0.33309599549494584
        ],
        "camera_position": [
            0.17122740644849677,
            0.11346087463357979,
            0.26425765475469876
        ]
    },
    {
        "frame": 36,
        "rotation_matrix": [
            [
                -0.5618314261314862,
                0.8264601419297083,
                0.03618124393365629
            ],
            [
                0.625307657910312,
                0.45290845735758534,
                -0.6355031567291325
            ],
            [
                -0.5416048204824073,
                -0.33442123595175355,
                -0.7712500602105137
            ]
        ],
        "translation_vector": [
            0.018036458560013444,
            0.026292698831171267,
            0.3795781886358147
        ],
        "camera_position": [
            0.19927380002401066,
            0.10012440721510565,
            0.3088062124392484
        ]
    },
    {
        "frame": 37,
        "rotation_matrix": [
            [
                -0.521128818371194,
                0.8524380686299308,
                0.0421199930379455
            ],
            [
                0.5649312369680609,
                0.38151587487331173,
                -0.7316408509080039
            ],
            [
                -0.6397479598723077,
                -0.3574842323377702,
                -0.6803878096123529
            ]
        ],
        "translation_vector": [
            0.012530152107137012,
            0.026499026046399945,
            0.3375225338867273
        ],
        "camera_position": [
            0.2074890482637277,
            0.09986800615596567,
            0.24850621757130598
        ]
    },
    {
        "frame": 38,
        "rotation_matrix": [
            [
                -0.5955693838212246,
                0.7723755164884962,
                -0.22075590724584415
            ],
            [
                0.7368329248057077,
                0.41579679332990394,
                -0.533094989264424
            ],
            [
                -0.3199599193290832,
                -0.4801552750784882,
                -0.8167475508608691
            ]
        ],
        "translation_vector": [
            0.019271650263682508,
            0.027301821176287582,
            0.43339699881977384
        ],
        "camera_position": [
            0.13003039290275475,
            0.18186089466333544,
            0.3727847320414574
        ]
    },
    {
        "frame": 39,
        "rotation_matrix": [
            [
                -0.5497890994384805,
                0.8351527807646755,
                -0.01586754296210685
            ],
            [
                0.6526948503871923,
                0.4176657482421222,
                -0.6320955268180504
            ],
            [
                -0.521269007726975,
                -0.35787589402805253,
                -0.7747279948839831
            ]
        ],
        "translation_vector": [
            0.013616228739131162,
            0.027328236759808416,
            0.38770245378586493
        ],
        "camera_position": [
            0.19174632811121756,
            0.11596366251604959,
            0.31785405693932284
        ]
    },
    {
        "frame": 40,
        "rotation_matrix": [
            [
                -0.5057731271814268,
                0.8609252705289221,
                0.05478341341887172
            ],
            [
                0.6115748803484502,
                0.40262495757511285,
                -0.6810795175781007
            ],
            [
                -0.6084157374262269,
                -0.3109675579579675,
                -0.7301571531867361
            ]
        ],
        "translation_vector": [
            0.008616710470623012,
            0.028252066116519207,
            0.35823771801693993
        ],
        "camera_position": [
            0.20503731202710243,
            0.09260697762559944,
            0.28033968310056223
        ]
    },
    {
        "frame": 41,
        "rotation_matrix": [
            [
                -0.5331807928542067,
                0.8458008369249895,
                0.01841701355667691
            ],
            [
                0.629277909770059,
                0.41104997043213565,
                -0.6595811050076904
            ],
            [
                -0.5654445635133342,
                -0.3400865567245017,
                -0.7514077318796283
            ]
        ],
        "translation_vector": [
            0.01132126843130818,
            0.02877368245408878,
            0.38762220212021314
        ],
        "camera_position": [
            0.2071085070131651,
            0.11042214039280236,
            0.3100323930353663
        ]
    },
    {
        "frame": 42,
        "rotation_matrix": [
            [
                -0.500670013349575,
                0.8617561466768165,
                0.0818894461897347
            ],
            [
                0.5800174746025207,
                0.4041909809416795,
                -0.7072548197652082
            ],
            [
                -0.642580163783672,
                -0.3066039702778291,
                -0.702199927742535
            ]
        ],
        "translation_vector": [
            0.004782544271864293,
            0.028955526485470173,
            0.3532126815291475
        ],
        "camera_position": [
            0.21256722790402,
            0.09247146093243702,
            0.26811321521140147
        ]
    },
    {
        "frame": 43,
        "rotation_matrix": [
            [
                -0.5606583774065076,
                0.8251069478634595,
                -0.06971878105179571
            ],
            [
                0.6680311092491936,
                0.4009571434789041,
                -0.626871443095416
            ],
            [
                -0.48928173981786194,
                -0.39803504076988455,
                -0.7759970911028741
            ]
        ],
        "translation_vector": [
            0.004971736481073996,
            0.02777400762686661,
            0.40909425907648456
        ],
        "camera_position": [
            0.18439589541554194,
            0.14759544901572413,
            0.3352133106790057
        ]
    },
    {
        "frame": 44,
        "rotation_matrix": [
            [
                -0.587922729921867,
                0.7831437464593254,
                -0.20256538703063526
            ],
            [
                0.7544805938856447,
                0.44057637580836817,
                -0.48646838595074976
            ],
            [
                -0.2917291502253146,
                -0.4388374749963983,
                -0.8498916245307994
            ]
        ],
        "translation_vector": [
            0.0022887333877281814,
            0.026044907873134196,
            0.45328116116579975
        ],
        "camera_position": [
            0.11393054878159993,
            0.18564958187051472,
            0.3983735048921833
        ]
    },
    {
        "frame": 45,
        "rotation_matrix": [
            [
                -0.4524909504025123,
                0.8862289095038436,
                0.09924847486717003
            ],
            [
                0.555960272399451,
                0.3673642366554234,
                -0.745621682316244
            ],
            [
                -0.6972518306303392,
                -0.2822088545496153,
                -0.6589370585241315
            ]
        ],
        "translation_vector": [
            -0.008688204036951192,
            0.023441877265949772,
            0.3438555503148013
        ],
        "camera_position": [
            0.22278982575709502,
            0.09612711122650608,
            0.24492022784532225
        ]
    },
    {
        "frame": 46,
        "rotation_matrix": [
            [
                -0.5494990637563568,
                0.8340927021288589,
                -0.048375026473028576
            ],
            [
                0.6560123604633303,
                0.3948755353215314,
                -0.6432115472563157
            ],
            [
                -0.517395943016774,
                -0.38517875831867066,
                -0.7641588593282618
            ]
        ],
        "translation_vector": [
            -0.013438480346052281,
            0.022756428375940992,
            0.36737970507039064
        ],
        "camera_position": [
            0.16776783828703942,
            0.14372984017788104,
            0.29472356703016195
        ]
    },
    {
        "frame": 47,
        "rotation_matrix": [
            [
                -0.5124454107140863,
                0.8565171478233777,
                -0.06146605992397225
            ],
            [
                0.7065447041208079,
                0.37987102963718367,
                -0.5970699975055063
            ],
            [
                -0.48805151584326734,
                -0.34939429921922244,
                -0.7998308205840765
            ]
        ],
        "translation_vector": [
            -0.009194780546574669,
            0.020198056531889788,
            0.41698108350718416
        ],
        "camera_position": [
            0.1845255969138945,
            0.14589364413683967,
            0.3450088088206364
        ]
    },
    {
        "frame": 48,
        "rotation_matrix": [
            [
                -0.5142389757777435,
                0.8565499617842582,
                -0.04336402608664644
            ],
            [
                0.7071964539338711,
                0.3948823961099033,
                -0.5864648913497381
            ],
            [
                -0.48521278974735993,
                -0.3322499905340673,
                -0.8088130145192376
            ]
        ],
        "translation_vector": [
            -0.007881754915479957,
            0.019804513285935316,
            0.4253515094795946
        ],
        "camera_position": [
            0.1883272053950774,
            0.14025369820975322,
            0.355302703719206
        ]
    },
    {
        "frame": 49,
        "rotation_matrix": [
            [
                -0.5264113249501556,
                0.8474841097347687,
                -0.06827738067096786
            ],
            [
                0.7030785673011979,
                0.38874214407998886,
                -0.5954494719267021
            ],
            [
                -0.47809167025364163,
                -0.3614557084390283,
                -0.8004861808119634
            ]
        ],
        "translation_vector": [
            -0.007379579011584956,
            0.019942597609368923,
            0.4283148233766399
        ],
        "camera_position": [
            0.1868678423820091,
            0.15331838571420056,
            0.35423104803989713
        ]
    },
    {
        "frame": 50,
        "rotation_matrix": [
            [
                -0.5224438598039352,
                0.8499417837860681,
                -0.06820100826031011
            ],
            [
                0.696132696954483,
                0.3789737602413342,
                -0.60973613742292
            ],
            [
                -0.49239382772740364,
                -0.36602985291243767,
                -0.7896647802661932
            ]
        ],
        "translation_vector": [
            -0.009166685306891667,
            0.02017899885932701,
            0.42188497302026823
        ],
        "camera_position": [
            0.18889721737499704,
            0.15456633240609682,
            0.34482639215887156
        ]
    },
    {
        "frame": 51,
        "rotation_matrix": [
            [
                -0.5167481870024533,
                0.852385769240095,
                -0.08006129918162383
            ],
            [
                0.7047857168010655,
                0.37044016292643356,
                -0.6050216352199702
            ],
            [
                -0.48605391123093167,
                -0.36906989322892464,
                -0.7921735979500351
            ]
        ],
        "translation_vector": [
            -0.010890673462589269,
            0.020503998092595635,
            0.42636880502853464
        ],
        "camera_position": [
            0.18715956455097138,
            0.1590474400309129,
            0.3492915513212629
        ]
    },
    {
        "frame": 52,
        "rotation_matrix": [
            [
                -0.5109884217264751,
                0.8550182291286289,
                -0.08851361883478351
            ],
            [
                0.6986410001184037,
                0.3531137564513883,
                -0.6222631500887277
            ],
            [
                -0.5007909601970094,
                -0.37980850814921596,
                -0.7777878318168935
            ]
        ],
        "translation_vector": [
            -0.013339910449095639,
            0.0212211590180009,
            0.42437343254220766
        ],
        "camera_position": [
            0.19087986721854927,
            0.16509302374383952,
            0.34209687348799006
        ]
    },
    {
        "frame": 53,
        "rotation_matrix": [
            [
                -0.5433408461333918,
                0.8059939416619952,
