[
    {
        "frame": 2,
        "rotation_matrix": [
            [
                -0.5317190381065,
                0.8328575700670007,
                -0.1536981863822403
            ],
            [
                0.7291572563996211,
                0.35786632619852765,
                -0.5833192847943112
            ],
            [
                -0.43081847680302177,
                -0.42223211691587464,
                -0.797568479498697
            ]
        ],
        "translation_vector": [
            0.0012848653750539554,
            0.02471143834335029,
            0.5909624226742298
        ],
        "camera_position": [
            0.23726219358152956,
            0.2396098132343271,
            0.4859451409117247
        ]
    },
    {
        "frame": 3,
        "rotation_matrix": [
            [
                -0.5306909894623728,
                0.8233966466945275,
                -0.20096028442370206
            ],
            [
                0.7687273373879266,
                0.36774234063976496,
                -0.5232818090219223
            ],
            [
                -0.3569668814552919,
                -0.4321846053632573,
                -0.8281250584489575
            ]
        ],
        "translation_vector": [
            0.00035952968861220635,
            0.02542162715056328,
            0.6292838510246792
        ],
        "camera_position": [
            0.2052819932651258,
            0.2623221486053618,
            0.5345006521429074
        ]
    },
    {
        "frame": 4,
        "rotation_matrix": [
            [
                -0.4774869447841832,
                0.8780783097032284,
                -0.03137992334897699
            ],
            [
                0.6730946959687066,
                0.3425970172137962,
                -0.6554165195164096
            ],
            [
                -0.5647563614687849,
                -0.33407449143107437,
                -0.7546154559480002
            ]
        ],
        "translation_vector": [
            -0.0033861701338890036,
            0.025431177767625626,
            0.5447044738852477
        ],
        "camera_position": [
            0.2888908738478251,
            0.1762325469935555,
            0.42760417117824395
        ]
    },
    {
        "frame": 5,
        "rotation_matrix": [
            [
                -0.5309751903866938,
                0.8330990985930717,
                -0.15495560369740066
            ],
            [
                0.727196500223513,
                0.35410248902782737,
                -0.5880447919393321
            ],
            [
                -0.4350294211389488,
                -0.42492036805466205,
                -0.7938463853641974
            ]
        ],
        "translation_vector": [
            0.0013543287094792363,
            0.02476092059418603,
            0.5900728345830027
        ],
        "camera_position": [
            0.23941210380441993,
            0.24083777240997972,
            0.4831975780571392
        ]
    },
    {
        "frame": 6,
        "rotation_matrix": [
            [
                -0.4679325618023843,
                0.8834237683738834,
                -0.02452678285354437
            ],
            [
                0.6829763798905147,
                0.3438677415603987,
                -0.6444363745365389
            ],
            [
                -0.5608764410426819,
                -0.31830397701919794,
                -0.764264480462789
            ]
        ],
        "translation_vector": [
            -0.002694408237382296,
            0.02474440896396937,
            0.5590841969158146
        ],
        "camera_position": [
            0.29541650640354605,
            0.17183022361880704,
            0.44316830532785345
        ]
    },
    {
        "frame": 7,
        "rotation_matrix": [
            [
                -0.5353929785525728,
                0.8283938600304604,
                -0.16467535085870602
            ],
            [
                0.7318321225660652,
                0.3576715312957214,
                -0.5800800117923571
            ],
            [
                -0.42163503518689216,
                -0.43108547686556004,
                -0.7977400633906642
            ]
        ],
        "translation_vector": [
            0.0018547837185858634,
            0.024455258910508423,
            0.5883443254413477
        ],
        "camera_position": [
            0.23116247450275543,
            0.24334325274711377,
            0.4838372835099363
        ]
    },
    {
        "frame": 8,
        "rotation_matrix": [
            [
                -0.5216822013547237,
                0.8417846547143502,
                -0.13873094779872217
            ],
            [
                0.7182395500567189,
                0.34559041782000754,
                -0.6039033133253323
            ],
            [
                -0.46041245587409074,
                -0.41468766342686714,
                -0.7848914015821257
            ]
        ],
        "translation_vector": [
            0.0007079094405272784,
            0.02539569563810377,
            0.5887904818508934
        ],
        "camera_position": [
            0.25321558249106413,
            0.2347917327963609,
            0.47757134022585546
        ]
    },
    {
        "frame": 9,
        "rotation_matrix": [
            [
                -0.49362256480340155,
                0.8660443979809519,
                -0.07939687804140808
            ],
            [
                0.689096481829273,
                0.3337985565484558,
                -0.6432142429833827
            ],
            [
                -0.5305495285526416,
                -0.37221717366609797,
                -0.7615586473677465
            ]
        ],
        "translation_vector": [
            -0.0008751211951946823,
            0.025725527723315687,
            0.5717555601297235
        ],
        "camera_position": [
            0.2851852926579523,
            0.2049879884075251,
            0.45190293494647465
        ]
    },
    {
        "frame": 10,
        "rotation_matrix": [
            [
                -0.4951380925102383,
                0.8653787447709399,
                -0.07718741765336565
            ],
            [
                0.6900849205714202,
                0.3377490496823542,
                -0.6400846677109232
            ],
            [
                -0.5278456893309437,
                -0.37019617439587205,
                -0.7644172425563162
            ]
        ],
        "translation_vector": [
            -0.0010037872489839837,
            0.025549634612382865,
            0.5725736265191542
        ],
        "camera_position": [
            0.2841020897068582,
            0.20420385743684086,
            0.453961602379622
        ]
    },
    {
        "frame": 11,
        "rotation_matrix": [
            [
                -0.44532388912625387,
                0.8952267068439702,
                0.015993033694965186
            ],
            [
                0.6392303237222029,
                0.3303861849287928,
                -0.6944275066860508
            ],
            [
                -0.6269539273403395,
                -0.299021925887547,
                -0.7193849184067085
            ]
        ],
        "translation_vector": [
            -0.0031425917724577936,
            0.02523914508778028,
            0.5313924237519895
        ],
        "camera_position": [
            0.3156254689552312,
            0.1533726531793677,
            0.3998527115730692
        ]
    },
    {
        "frame": 12,
        "rotation_matrix": [
            [
                -0.5317190381065,
                0.8328575700670007,
                -0.1536981863822403
            ],
            [
                0.7291572563996211,
                0.35786632619852765,
                -0.5833192847943112
            ],
            [
                -0.43081847680302177,
                -0.42223211691587464,
                -0.797568479498697
            ]
        ],
        "translation_vector": [
            0.0012848653750539554,
            0.02471143834335029,
            0.5909624226742298
        ],
        "camera_position": [
            0.23726219358152956,
            0.2396098132343271,
            0.4859451409117247
        ]
    },
    {
        "frame": 13,
        "rotation_matrix": [
            [
                -0.49535611617533987,
                0.8650097320212051,
                -0.07987791732566704
            ],
            [
                0.6914535259185621,
                0.3369578774369062,
                -0.6390237948057989
            ],
            [
                -0.5258463080240001,
                -0.37177621271649186,
                -0.7650281746417646
            ]
        ],
        "translation_vector": [
            -0.0009496063785982381,
            0.025608746075489304,
            0.5726902267474187
        ],
        "camera_position": [
            0.2829693902807096,
            0.2051049535975636,
            0.4544129043213317
        ]
    },
    {
        "frame": 14,
        "rotation_matrix": [
            [
                -0.4501204558938116,
                0.8929648042560349,
                0.0023309967671846787
            ],
            [
                0.6384455464955162,
                0.3236467582757948,
                -0.6983122940473061
            ],
            [
                -0.624322720510786,
                -0.3128364336479225,
                -0.7157894288381605
            ]
        ],
        "translation_vector": [
            -0.0035844114059653035,
            0.02611095979603596,
            0.516682699550762
        ],
        "camera_position": [
            0.304292905731722,
            0.1563871987910857,
            0.38807797388834525
        ]
    },
    {
        "frame": 15,
        "rotation_matrix": [
            [
                -0.520374828469123,
                0.8431359681613483,
                -0.1353948931398703
            ],
            [
                0.7175454934789774,
                0.3457678213827451,
                -0.6046263957885409
            ],
            [
                -0.4629670643617555,
                -0.41178435240894773,
                -0.784917285086398
            ]
        ],
        "translation_vector": [
            0.000746639212832299,
            0.02543606120374228,
            0.5888110199168665
        ],
        "camera_position": [
            0.25473711051846804,
            0.23303867468516415,
            0.47764835232721076
        ]
    },
    {
        "frame": 16,
        "rotation_matrix": [
            [
                -0.4949419875616708,
                0.8655249505750805,
                -0.07680487536938738
            ],
            [
                0.6904022405006217,
                0.33804420941087765,
                -0.6395864748378409
            ],
            [
                -0.5276146086493667,
                -0.36958445911019966,
                -0.7648726379757591
            ]
        ],
        "translation_vector": [
            -0.001031404186880852,
            0.025596820433357325,
            0.573382163751184
        ],
        "camera_position": [
            0.2843422185189918,
            0.2041529859844638,
            0.45485649143461615
        ]
    },
    {
        "frame": 17,
        "rotation_matrix": [
            [
                -0.44652557101976525,
                0.8946957728656504,
                0.011592602891884518
            ],
            [
                0.6433153140949015,
                0.3300173788871129,
                -0.6908212042804258
            ],
            [
                -0.6219005716965138,
                -0.3010116337433089,
                -0.7229326906944611
            ]
        ],
        "translation_vector": [
            -0.0030879570829758195,
            0.02528069063769525,
            0.5332389981842025
        ],
        "camera_position": [
            0.3139793305837466,
            0.15493085690729297,
            0.402996138352108
        ]
    },
    {
        "frame": 18,
        "rotation_matrix": [
            [
                -0.5301337002526021,
                0.8234753425982538,
                -0.20210546748955738
            ],
            [
                0.7711972136103308,
                0.3691979257166411,
                -0.5186017251862846
            ],
            [
                -0.35243881394668464,
                -0.430791424913748,
                -0.8307861521743347
            ]
        ],
        "translation_vector": [
            0.0004583633133576114,
            0.025509210087703887,
            0.6308816836895766
        ],
        "camera_position": [
            0.2029175544385744,
            0.26198302113106525,
            0.537449524561078
        ]
    },
    {
        "frame": 19,
        "rotation_matrix": [
            [
                -0.5256064539760266,
                0.8390556163618197,
                -0.1404404791733275
            ],
            [
                0.7237600635077646,
                0.35426500374900827,
                -0.5921720000050252
            ],
            [
                -0.44711209557557663,
                -0.41289463519208125,
                -0.7934789185728972
            ]
        ],
        "translation_vector": [
            0.0009805365479398154,
            0.025168898392847125,
            0.5933892766700324
        ],
        "camera_position": [
            0.2476106558227428,
            0.23526806433646866,
            0.48588390546674615
        ]
    },
    {
        "frame": 20,
        "rotation_matrix": [
            [
                -0.5265276911552175,
                0.8372375019488589,
                -0.1476548535510779
            ],
            [
                0.7296032893388071,
                0.3558442689875735,
                -0.5839981989824046
            ],
            [
                -0.4364030598343106,
                -0.41522069018671703,
                -0.7982130967405368
            ]
        ],
        "translation_vector": [
            0.000719126783068231,
            0.02523773620707039,
            0.5974362747894307
        ],
        "camera_position": [
            0.24268812318671273,
            0.23848511865770183,
            0.4917264340559625
        ]
    },
    {
        "frame": 21,
        "rotation_matrix": [
            [
                -0.5300975161143759,
                0.8341375541488686,
                -0.15235210588604303
            ],
            [
                0.7314296810195385,
                0.35892561878902973,
                -0.5798129197427118
            ],
            [
                -0.42896065685914014,
                -0.4187922407775189,
                -0.800378544147405
            ]
        ],
        "translation_vector": [
            0.0012822222690927164,
            0.024770796815120216,
            0.5922862791046913
        ],
        "camera_position": [
            0.2366291181602738,
            0.23808447468585212,
            0.48861100707693494
        ]
    },
    {
        "frame": 22,
        "rotation_matrix": [
            [
                -0.4457828946030606,
                0.8950355239171328,
                0.013748520127645214
            ],
            [
                0.6410204988404831,
                0.3299128384540292,
                -0.6930008940033945
            ],
            [
                -0.6247962315392233,
                -0.3001148612608004,
                -0.7208056181140625
            ]
        ],
        "translation_vector": [
            -0.0030980662185932924,
            0.02528511605073384,
            0.5317601444157338
        ],
        "camera_position": [
            0.3146523916830262,
            0.15402011687950262,
            0.4008609014379074
        ]
    },
    {
        "frame": 23,
        "rotation_matrix": [
            [
                -0.52519875134492,
                0.8368288962385124,
                -0.15454342433753043
            ],
            [
                0.7558636472477402,
                0.3753081897518602,
                -0.5364829069733031
            ],
            [
                -0.39094298606712574,
                -0.39857390923819264,
                -0.8296399342603418
            ]
        ],
        "translation_vector": [
            -0.0004987864714142157,
            0.02526097984245303,
            0.626698768487701
        ],
        "camera_position": [
            0.2256476695284295,
            0.24072252438720704,
            0.533409324818741
        ]
    },
    {
        "frame": 24,
        "rotation_matrix": [
            [
                -0.5310893833475062,
                0.8334486667368106,
                -0.15266756960860609
            ],
            [
                0.7297235204514736,
                0.358325277686643,
                -0.5823285834223656
            ],
            [
                -0.43063633218235753,
                -0.4206736446289735,
                -0.7984898459711949
            ]
        ],
        "translation_vector": [
            0.0012363379303430427,
            0.02483601343525326,
            0.591867734049318
        ],
        "camera_position": [
            0.23741293291916327,
            0.23905336121032175,
            0.4872518450250104
        ]
    },
    {
        "frame": 25,
        "rotation_matrix": [
            [
                -0.49500482560636033,
                0.8652781597699893,
                -0.0791449862687286
            ],
            [
                0.6909343630679786,
                0.33675583477351134,
                -0.6396914988319304
            ],
            [
                -0.5268585470107354,
                -0.3713343694987788,
                -0.7645461774612969
            ]
        ],
        "translation_vector": [
            -0.0008881086314679136,
            0.025718063221225353,
            0.5736382460612873
        ],
        "camera_position": [
            0.28401710114029793,
            0.20511934957504419,
            0.45495426533535743
        ]
    },
    {
        "frame": 26,
        "rotation_matrix": [
            [
                -0.5301732377094186,
                0.8342576876735314,
                -0.15142803100590319
            ],
            [
                0.7303325929829486,
                0.35859792511879374,
                -0.581396449703039
            ],
            [
                -0.4307326800273167,
                -0.41883366466666505,
                -0.7994046032506797
            ]
        ],
        "translation_vector": [
            0.001268333652094099,
            0.024831387964828595,
            0.5923565135389258
        ],
        "camera_position": [
            0.2376845732073667,
            0.23813624805287542,
            0.4881614657600862
        ]
    },
    {
        "frame": 27,
        "rotation_matrix": [
            [
                -0.5317190381065,
                0.8328575700670007,
                -0.1536981863822403
            ],
            [
                0.7291572563996211,
                0.35786632619852765,
                -0.5833192847943112
            ],
            [
                -0.43081847680302177,
                -0.42223211691587464,
                -0.797568479498697
            ]
        ],
        "translation_vector": [
            0.0012848653750539554,
            0.02471143834335029,
            0.5909624226742298
        ],
        "camera_position": [
            0.23726219358152956,
            0.2396098132343271,
            0.4859451409117247
        ]
    },
    {
        "frame": 28,
        "rotation_matrix": [
            [
                -0.5253621536332636,
                0.8344594467665291,
                -0.16634914857587155
            ],
            [
                0.7581057354200297,
                0.37027721909429645,
                -0.5368151217533372
            ],
            [
                -0.38635514938081905,
                -0.4081325920848428,
                -0.8271381298338459
            ]
        ],
        "translation_vector": [
            -0.0002603433241513103,
            0.025462747414655325,
            0.6238500331550328
        ],
        "camera_position": [
            0.2215874433667797,
            0.24540250174682032,
            0.5296356296838993
        ]
    },
    {
        "frame": 29,
        "rotation_matrix": [
            [
                -0.4585613447913577,
                0.8886622116792787,
                -0.0009831563630868234
            ],
            [
                0.6925909417225905,
                0.3566923655546561,
                -0.6269675779486837
            ],
            [
                -0.5568117101022183,
                -0.2881840208760996,
                -0.7790447288857854
            ]
        ],
        "translation_vector": [
            -0.003294022798424456,
            0.024411231825787263,
            0.5613962088820162
        ],
        "camera_position": [
            0.29417447354944826,
            0.15600539033954483,
            0.4526545696990813
        ]
    },
    {
        "frame": 30,
        "rotation_matrix": [
            [
                -0.5315462597969843,
                0.8327116372491559,
                -0.15508031108321574
            ],
            [
                0.7287555579415061,
                0.356279052327083,
                -0.5847910512672706
            ],
            [
                -0.43171044748210674,
                -0.4238591346930554,
                -0.7962220315163688
            ]
        ],
        "translation_vector": [
            0.0013089763915906255,
            0.024769889756147207,
            0.5907226895331323
        ],
        "camera_position": [
            0.23766574331190407,
            0.24046821530633952,
            0.48503462625916405
        ]
    },
    {
        "frame": 31,
        "rotation_matrix": [
            [
                -0.45437735643050253,
                0.8907575966283627,
                0.00959802125914988
            ],
            [
                0.6308854043972045,
                0.32938538454239386,
                -0.702487633320641
            ],
            [
                -0.6289076438411318,
                -0.31313922222986135,
                -0.7116312268439838
            ]
        ],
        "translation_vector": [
            -0.0040907401568887015,
            0.025848934383807205,
            0.5160300457260946
        ],
        "camera_position": [
            0.3063687850885335,
            0.1567188438444689,
            0.38542091427855046
        ]
    },
    {
        "frame": 32,
        "rotation_matrix": [
            [
                -0.49500482560636033,
                0.8652781597699893,
                -0.0791449862687286
            ],
            [
                0.6909343630679786,
                0.33675583477351134,
                -0.6396914988319304
            ],
            [
                -0.5268585470107354,
                -0.3713343694987788,
                -0.7645461774612969
            ]
        ],
        "translation_vector": [
            -0.0008881086314679136,
            0.025718063221225353,
            0.5736382460612873
        ],
        "camera_position": [
            0.28401710114029793,
            0.20511934957504419,
            0.45495426533535743
        ]
    },
    {
        "frame": 33,
        "rotation_matrix": [
            [
                -0.4457828946030606,
                0.8950355239171328,
                0.013748520127645214
            ],
            [
                0.6410204988404831,
                0.3299128384540292,
                -0.6930008940033945
            ],
            [
                -0.6247962315392233,
                -0.3001148612608004,
                -0.7208056181140625
            ]
        ],
        "translation_vector": [
            -0.0030980662185932924,
            0.02528511605073384,
            0.5317601444157338
        ],
        "camera_position": [
            0.3146523916830262,
            0.15402011687950262,
            0.4008609014379074
        ]
    },
    {
        "frame": 34,
        "rotation_matrix": [
            [
                -0.5248270619333082,
                0.8392689054546512,
                -0.14207131800403275
            ],
            [
                0.7220410140313402,
                0.3505503497517509,
                -0.5964656120393854
            ],
            [
                -0.4507918911416279,
                -0.41562261322728394,
                -0.7899648816593546
            ]
        ],
        "translation_vector": [
            0.001054945520513086,
            0.02520687591732738,
            0.592477791499128
        ],
        "camera_position": [
            0.24943744979942836,
            0.23652550584071408,
            0.4832215606195558
        ]
    },
    {
        "frame": 35,
        "rotation_matrix": [
            [
                -0.4947398303216084,
                0.86502050618154,
                -0.08349864776616736
            ],
            [
                0.6925195467594701,
                0.33437652724290046,
                -0.639225324424053
            ],
            [
                -0.5250230258278242,
                -0.37407467424888596,
                -0.7644729952301689
            ]
        ],
        "translation_vector": [
            -0.0008637309624656477,
            0.025804027752540253,
            0.572111801646432
        ],
        "camera_position": [
            0.282074753498646,
            0.20613141964041518,
            0.45378649025534135
        ]
    },
    {
        "frame": 36,
        "rotation_matrix": [
            [
                -0.4589395339807028,
                0.8884606448672501,
                -0.003490941369537315
            ],
            [
                0.6933344676988971,
                0.3556834625812191,
                -0.6267189085602265
            ],
            [
                -0.5555734155359329,
                -0.2900464738077412,
                -0.7792375908421212
            ]
        ],
        "translation_vector": [
            -0.0032457020422302666,
            0.02438997129000127,
            0.5613305372299354
        ],
        "camera_position": [
            0.29346033506920954,
            0.15702051205295042,
            0.45268418112832093
        ]
    },
    {
        "frame": 37,
        "rotation_matrix": [
            [
                -0.49538049099866904,
                0.8648657844895523,
                -0.08127326717432284
            ],
            [
                0.6906433810874911,
                0.33537822150350516,
                -0.6407286232885064
            ],
            [
                -0.5268869796246214,
                -0.3735353040348629,
                -0.7634536576254163
            ]
        ],
        "translation_vector": [
            -0.000939797849375218,
            0.02575140213470027,
            0.5734353065700346
        ],
        "camera_position": [
            0.2838850037306883,
            0.20637467113906685,
            0.45421456220825795
        ]
    },
    {
        "frame": 38,
        "rotation_matrix": [
            [
                -0.4523869250754152,
                0.8917904555032693,
                0.007473519524439809
            ],
            [
                0.6321796140935784,
                0.3265800146870924,
                -0.7026339228442309
            ],
            [
                -0.6290429282213614,
                -0.313137793120297,
                -0.711512274647771
            ]
        ],
        "translation_vector": [
            -0.003919309815220909,
            0.025994050530534378,
            0.514602446459044
        ],
        "camera_position": [
            0.3055010764416255,
            0.15614754009982615,
            0.38443954995268903
        ]
    },
    {
        "frame": 39,
        "rotation_matrix": [
            [
                -0.5310708743413091,
                0.8333220130453807,
                -0.15342147502990555
            ],
            [
                0.7284414401453896,
                0.356521427690742,
                -0.5850346484408127
            ],
            [
                -0.43282420762391316,
                -0.422453422487437,
                -0.7963644336127667
            ]
        ],
        "translation_vector": [
            0.0012500621481713271,
            0.024908944073892336,
            0.5916361440959544
        ],
        "camera_position": [
            0.238593609774322,
            0.2400164373313675,
            0.4859223645157689
        ]
    },
    {
        "frame": 40,
        "rotation_matrix": [
            [
                -0.5211536144915977,
                0.8423748427105852,
                -0.13712598029060719
            ],
            [
                0.7159379490609264,
                0.3440367303249433,
                -0.6075126182078495
            ],
            [
                -0.4645769723057499,
                -0.41478108992050106,
                -0.7823841027574524
            ]
        ],
        "translation_vector": [
            0.0007742743699684262,
            0.025556398709076965,
            0.5888941492142716
        ],
        "camera_position": [
            0.2556933810598942,
            0.23481758795753335,
            0.4763734283758321
        ]
    },
    {
        "frame": 41,
        "rotation_matrix": [
            [
                -0.4941666952163676,
                0.8656773153493053,
                -0.08001289288953864
            ],
            [
                0.688121277457795,
                0.333235484417405,
                -0.6445488495334923
            ],
            [
                -0.5313081825539538,
                -0.3735731489477206,
                -0.7603648581677735
            ]
        ],
        "translation_vector": [
            -0.0009283787620073202,
            0.025734637379106307,
            0.5710740314630269
        ],
        "camera_position": [
            0.28524898034742635,
            0.2055659062969017,
            0.4507375735821023
        ]
    },
    {
        "frame": 42,
        "rotation_matrix": [
            [
                -0.49538049018757185,
                0.8648657851404203,
                -0.08127326519197722
            ],
            [
                0.6906433796937744,
                0.33537822111334736,
                -0.6407286249950196
            ],
            [
                -0.5268869822141009,
                -0.37353530287817727,
                -0.763453656404255
            ]
        ],
        "translation_vector": [
            -0.0009397978964966947,
            0.025751402141112222,
            0.5734353059953837
        ],
        "camera_position": [
            0.2838850049216922,
            0.2063746703103922,
            0.45421456111536834
        ]
    },
    {
        "frame": 43,
        "rotation_matrix": [
            [
                -0.4457828946030606,
                0.8950355239171328,
                0.013748520127645214
            ],
            [
                0.6410204988404831,
                0.3299128384540292,
                -0.6930008940033945
            ],
            [
                -0.6247962315392233,
                -0.3001148612608004,
                -0.7208056181140625
            ]
        ],
        "translation_vector": [
            -0.0030980662185932924,
            0.02528511605073384,
            0.5317601444157338
        ],
        "camera_position": [
            0.3146523916830262,
            0.15402011687950262,
            0.4008609014379074
        ]
    },
    {
        "frame": 44,
        "rotation_matrix": [
            [
                -0.49447799845652285,
                0.8652174997241902,
                -0.083007151580162
            ],
            [
                0.6928757720416945,
                0.3347114022498514,
                -0.6386637939648404
            ],
            [
                -0.5247996508764625,
                -0.3733188387624701,
                -0.7649956673504654
            ]
        ],
        "translation_vector": [
            -0.000886310097534725,
            0.02584790387281059,
            0.5730048228216734
        ],
        "camera_position": [
            0.28236508377276953,
            0.20602875791716355,
            0.45478075710633586
        ]
    },
    {
        "frame": 45,
        "rotation_matrix": [
            [
                -0.5445173250122501,
                0.8149576960143042,
                -0.19835532881311946
            ],
            [
                0.7370427196076225,
                0.3520397221708974,
                -0.5769194601391407
            ],
            [
                -0.4003359991743227,
                -0.4603389921795622,
                -0.7923503644500971
            ]
        ],
        "translation_vector": [
            0.0027922927526000726,
            0.024793787718094904,
            0.5921962460055654
        ],
        "camera_position": [
            0.2203238469030992,
            0.26160702445062334,
            0.4840847961207013
        ]
    },
    {
        "frame": 46,
        "rotation_matrix": [
            [
                -0.5211536144915977,
                0.8423748427105852,
                -0.13712598029060719
            ],
            [
                0.7159379490609264,
                0.3440367303249433,
                -0.6075126182078495
            ],
            [
                -0.4645769723057499,
                -0.41478108992050106,
                -0.7823841027574524
            ]
        ],
        "translation_vector": [
            0.0007742743699684262,
            0.025556398709076965,
            0.5888941492142716
        ],
        "camera_position": [
            0.2556933810598942,
            0.23481758795753335,
            0.4763734283758321
        ]
    },
    {
        "frame": 47,
        "rotation_matrix": [
            [
                -0.4463183538028645,
                0.8947368658884488,
                0.01568017470619626
            ],
            [
                0.6431439778153302,
                0.33290227561274754,
                -0.6895954601733744
            ],
            [
                -0.622226446608126,
                -0.2976945006411268,
                -0.7240250226542277
            ]
        ],
        "translation_vector": [
            -0.003179426201661002,
            0.02528144762262984,
            0.533573753742829
        ],
        "camera_position": [
            0.3143250537374487,
            0.15327047056632287,
            0.4038045746068371
        ]
    },
    {
        "frame": 48,
        "rotation_matrix": [
            [
                -0.4463183538028645,
                0.8947368658884488,
                0.01568017470619626
            ],
            [
                0.6431439778153302,
                0.33290227561274754,
                -0.6895954601733744
            ],
            [
                -0.622226446608126,
                -0.2976945006411268,
                -0.7240250226542277
            ]
        ],
        "translation_vector": [
            -0.003179426201661002,
            0.02528144762262984,
            0.533573753742829
        ],
        "camera_position": [
            0.3143250537374487,
            0.15327047056632287,
            0.4038045746068371
        ]
    },
    {
        "frame": 49,
        "rotation_matrix": [
            [
                -0.4463183538028645,
                0.8947368658884488,
                0.01568017470619626
            ],
            [
                0.6431439778153302,
                0.33290227561274754,
                -0.6895954601733744
            ],
            [
                -0.622226446608126,
                -0.2976945006411268,
                -0.7240250226542277
            ]
        ],
        "translation_vector": [
            -0.003179426201661002,
            0.02528144762262984,
            0.533573753742829
        ],
        "camera_position": [
            0.3143250537374487,
            0.15327047056632287,
            0.4038045746068371
        ]
    },
    {
        "frame": 50,
        "rotation_matrix": [
            [
                -0.5211370314268247,
                0.8421076681352189,
                -0.13881955821677688
            ],
            [
                0.7163279984861135,
                0.34314394432184847,
                -0.6075577602665634
            ],
            [
                -0.4639939580000107,
                -0.4160611838937975,
                -0.7820503169210892
            ]
        ],
        "translation_vector": [
            0.0007993035229844921,
            0.025523955842997555,
            0.5885186454496346
        ],
        "camera_position": [
            0.25520211812169574,
            0.23542827386081341,
            0.4758694295949129
        ]
    },
    {
        "frame": 51,
        "rotation_matrix": [
            [
                -0.5211536144915977,
                0.8423748427105852,
                -0.13712598029060719
            ],
            [
                0.7159379490609264,
                0.3440367303249433,
                -0.6075126182078495
            ],
            [
                -0.4645769723057499,
                -0.41478108992050106,
                -0.7823841027574524
            ]
        ],
        "translation_vector": [
            0.0007742743699684262,
            0.025556398709076965,
            0.5888941492142716
        ],
        "camera_position": [
            0.2556933810598942,
            0.23481758795753335,
            0.4763734283758321
        ]
    },
    {
        "frame": 52,
        "rotation_matrix": [
            [
                -0.4687788422153657,
                0.8833153270207572,
                0.0006558516860728503
            ],
            [
                0.6846501547867379,
                0.36381541161288145,
                -0.6315793788776242
            ],
            [
                -0.558122354543981,
                -0.2956220210389655,
                -0.7753109428062527
            ]
        ],
        "translation_vector": [
            -0.0030546185083052974,
            0.024652033840214436,
            0.5585973634640898
        ],
        "camera_position": [
            0.293455716426394,
            0.1588630830422069,
            0.4486583681140023
        ]
    },
    {
        "frame": 53,
        "rotation_matrix": [
            [
                -0.4920028382618513,
                0.8682690547652789,
                -0.06357716319003051
            ],
            [
                0.6919765543251648,
                0.3457008891991614,
                -0.6337660005642316
            ],
            [
                -0.5283007244047228,
                -0.35580857738947,
                -0.7709076474192785
            ]
        ],
        "translation_vector": [
            -0.0012564091336702094,
            0.025596976987156277,
            0.5720899970273406
        ],
        "camera_position": [
            0.28390489505774297,
            0.1957965314466641,
            0.4571711685236092
        ]
    },
    {
        "frame": 54,
        "rotation_matrix": [
            [
                -0.5316761716934952,
                0.833225119007536,
