[
    {
        "frame": 1,
        "rotation_matrix": [
            [
                -0.6395408846595769,
                0.7411932670424359,
                -0.20400979814657458
            ],
            [
                0.755816158868885,
                0.5577428897864822,
                -0.3430230355024406
            ],
            [
                -0.14046134999184004,
                -0.3735711575906049,
                -0.9169052292221291
            ]
        ],
        "translation_vector": [
            0.03601377446902185,
            0.023132495112181663,
            0.4292853120767091
        ],
        "camera_position": [
            0.06584636204906924,
            0.12077345914007664,
            0.40889608902343555
        ]
    },
    {
        "frame": 2,
        "rotation_matrix": [
            [
                -0.5927403007375064,
                0.7825999300961847,
                -0.19025321362609746
            ],
            [
                0.7912444283999059,
                0.5217619300044092,
                -0.3188992676758298
            ],
            [
                -0.15030366065973513,
                -0.33956124309396857,
                -0.928497157658957
            ]
        ],
        "translation_vector": [
            0.03305251014705543,
            0.018423998386559136,
            0.4076524991961795
        ],
        "camera_position": [
            0.06628533163875686,
            0.1029431562902595,
            0.3906679326832438
        ]
    },
    {
        "frame": 3,
        "rotation_matrix": [
            [
                -0.5840030116405313,
                0.80997009750173,
                0.05374870740610865
            ],
            [
                0.6080009030776213,
                0.480328651555895,
                -0.6321544813977769
            ],
            [
                -0.5378432710851615,
                -0.3365008583161909,
                -0.7729759298327991
            ]
        ],
        "translation_vector": [
            0.026762311919863776,
            0.02451896765679663,
            0.3557894082513133
        ],
        "camera_position": [
            0.19208065543314068,
            0.08626960618914106,
            0.2890779842783196
        ]
    },
    {
        "frame": 4,
        "rotation_matrix": [
            [
                -0.6473337939148278,
                0.724334308844946,
                -0.23727361481199183
            ],
            [
                0.7301298932397245,
                0.4999226106827047,
                -0.4658194095633382
            ],
            [
                -0.218790535109688,
                -0.47478120472308394,
                -0.8524749318238709
            ]
        ],
        "translation_vector": [
            0.03599624925762871,
            0.024672720578984054,
            0.42179650491627085
        ],
        "camera_position": [
            0.09757238077440446,
            0.16185328354060777,
            0.37960493908549964
        ]
    },
    {
        "frame": 5,
        "rotation_matrix": [
            [
                -0.603286662273871,
                0.6983775047089641,
                -0.38511565021293703
            ],
            [
                0.7796128058597546,
                0.4146556428201086,
                -0.4693235246787903
            ],
            [
                -0.1680746145672599,
                -0.5833777153730878,
                -0.7946202647454591
            ]
        ],
        "translation_vector": [
            0.036421403611250465,
            0.020706075835404316,
            0.402375340650891
        ],
        "camera_position": [
            0.0734589054308448,
            0.20071502679355008,
            0.3434799007418081
        ]
    },
    {
        "frame": 6,
        "rotation_matrix": [
            [
                -0.6457209267701343,
                0.7233127683721702,
                -0.24466941746141024
            ],
            [
                0.7332645975147537,
                0.49801260669772107,
                -0.46293247196720466
            ],
            [
                -0.21299651349880105,
                -0.47833260674966294,
                -0.851956807917765
            ]
        ],
        "translation_vector": [
            0.03594856314836848,
            0.024361198421145116,
            0.4220701776234641
        ],
        "camera_position": [
            0.09524901144257869,
            0.16375568963608178,
            0.37965866505464085
        ]
    },
    {
        "frame": 7,
        "rotation_matrix": [
            [
                -0.6453066332979884,
                0.724864100835585,
                -0.24114598139184154
            ],
            [
                0.7324064600497002,
                0.4973136541984198,
                -0.4650375324909608
            ],
            [
                -0.21716382364261858,
                -0.4767086790353554,
                -0.851814949994002
            ]
        ],
        "translation_vector": [
            0.035955534469505786,
            0.024288361901754995,
            0.42178387819603175
        ],
        "camera_position": [
            0.09700959147593893,
            0.16292622523808287,
            0.37924734564698576
        ]
    },
    {
        "frame": 8,
        "rotation_matrix": [
            [
                -0.6398531661628046,
                0.727064890910343,
                -0.24892683695609336
            ],
            [
                0.7464806753887818,
                0.5110361455928377,
                -0.4261556748052572
            ],
            [
                -0.1826322179204492,
                -0.45849613117576815,
                -0.869727986599437
            ]
        ],
        "translation_vector": [
            0.03580289898923696,
            0.02383838458205857,
            0.4303589994116657
        ],
        "camera_position": [
            0.08371112341765555,
            0.15910462922506488,
            0.39336643134034
        ]
    },
    {
        "frame": 9,
        "rotation_matrix": [
            [
                -0.6446333942654537,
                0.7284757288304303,
                -0.2318855310336844
            ],
            [
                0.7356884437443852,
                0.5086457523400505,
                -0.4472605642881895
            ],
            [
                -0.20787087515754785,
                -0.4589146011311894,
                -0.8638212130584875
            ]
        ],
        "translation_vector": [
            0.03606483245073591,
            0.023771623611294142,
            0.4250445584614088
        ],
        "camera_position": [
            0.09411447092478906,
            0.15669546352849156,
            0.386157528708957
        ]
    },
    {
        "frame": 10,
        "rotation_matrix": [
            [
                -0.6462393976009516,
                0.7308237308153958,
                -0.21970734049053775
            ],
            [
                0.7402774820905791,
                0.5304064189787318,
                -0.41310807328808075
            ],
            [
                -0.1853749996574281,
                -0.42961110924093193,
                -0.8837818759845579
            ]
        ],
        "translation_vector": [
            0.03629986056063923,
            0.023454212327086058,
            0.42615231385897834
        ],
        "camera_position": [
            0.08509375981141326,
            0.14411070396916392,
            0.39429016168633546
        ]
    },
    {
        "frame": 11,
        "rotation_matrix": [
            [
                -0.6424969522826574,
                0.7285765794560386,
                -0.2374317463517368
            ],
            [
                0.7432839977306092,
                0.517188359043193,
                -0.42431721622839347
            ],
            [
                -0.18635065072357682,
                -0.44910173584428303,
                -0.8738312570722973
            ]
        ],
        "translation_vector": [
            0.03653659302496853,
            0.023783277572563013,
            0.4289798144225736
        ],
        "camera_position": [
            0.08573758759698852,
            0.15373543902780465,
            0.39362257171555637
        ]
    },
    {
        "frame": 12,
        "rotation_matrix": [
            [
                -0.7791622512349529,
                0.6236436457876392,
                0.06304593023488352
            ],
            [
                0.6208565083908443,
                0.7816767435879224,
                -0.059318332094811355
            ],
            [
                -0.0862750383321252,
                -0.007076129060613213,
                -0.996246227675823
            ]
        ],
        "translation_vector": [
            0.03109119092498864,
            -0.01678833439618608,
            0.11513560433067045
        ],
        "camera_position": [
            0.04458155766662488,
            -0.005452058703548114,
            0.1117473824365986
        ]
    },
    {
        "frame": 13,
        "rotation_matrix": [
            [
                -0.5955586777063359,
                0.7758029692194085,
                -0.20842172237804404
            ],
            [
                0.7909329000918685,
                0.5209284404711554,
                -0.32102758052939406
            ],
            [
                -0.14048134737732007,
                -0.3560383586899588,
                -0.9238515455312141
            ]
        ],
        "translation_vector": [
            0.033623826686826494,
            0.01750936154666967,
            0.403541156058787
        ],
        "camera_position": [
            0.06286623697950869,
            0.10846954188270802,
            0.3854410445553142
        ]
    },
    {
        "frame": 14,
        "rotation_matrix": [
            [
                -0.6480826403564908,
                0.7280102281890434,
                -0.2235844335384204
            ],
            [
                0.7201790299452974,
                0.49038406794813993,
                -0.49078063402062294
            ],
            [
                -0.247651077315666,
                -0.4790872295884863,
                -0.8421071014720272
            ]
        ],
        "translation_vector": [
            0.03671207461549427,
            0.023723365780375105,
            0.41989749988854236
        ],
        "camera_position": [
            0.11069545590457827,
            0.1628072034978123,
            0.3734498834522124
        ]
    },
    {
        "frame": 15,
        "rotation_matrix": [
            [
                -0.6515440730630164,
                0.723751848483092,
                -0.22731824096134925
            ],
            [
                0.7368267421425536,
                0.5324616897554464,
                -0.41661841174672654
            ],
            [
                -0.18049009091926752,
                -0.438939415819634,
                -0.8802019747307279
            ]
        ],
        "translation_vector": [
            0.036769413318604435,
            0.023299701586611744,
            0.4235616104433938
        ],
        "camera_position": [
            0.08323772368362375,
            0.14689975651706294,
            0.3908852089583553
        ]
    },
    {
        "frame": 16,
        "rotation_matrix": [
            [
                -0.6057369830680612,
                0.6991535614344457,
                -0.37982496610561833
            ],
            [
                0.7778520016875061,
                0.4199025492997299,
                -0.4675768520386017
            ],
            [
                -0.1674185497916627,
                -0.5786762018824682,
                -0.7981885006441383
            ]
        ],
        "translation_vector": [
            0.03621324174877494,
            0.01971174134259987,
            0.39923026006501594
        ],
        "camera_position": [
            0.07344143351696293,
            0.1974294231903363,
            0.3416324499780395
        ]
    },
    {
        "frame": 17,
        "rotation_matrix": [
            [
                -0.6020488805860742,
                0.6991825637591533,
                -0.38559160768905804
            ],
            [
                0.7819991997362132,
                0.4187746256145699,
                -0.46163304101125535
            ],
            [
                -0.1612897919800786,
                -0.5794579842202149,
                -0.7988829998982756
            ]
        ],
        "translation_vector": [
            0.03623943717203897,
            0.01968171939362817,
            0.39963739193409514
        ],
        "camera_position": [
            0.07088425557975683,
            0.1979928902875021,
            0.34232287335675676
        ]
    },
    {
        "frame": 18,
        "rotation_matrix": [
            [
                -0.6429136607068495,
                0.7229711267405919,
                -0.25293235217337684
            ],
            [
                0.731354501691306,
                0.481337900359484,
                -0.4831505133324248
            ],
            [
                -0.22755794368111973,
                -0.49560727958431267,
                -0.8382068996916319
            ]
        ],
        "translation_vector": [
            0.03553102326730961,
            0.023858770858132965,
            0.41595687442800033
        ],
        "camera_position": [
            0.10004845177039086,
            0.16897922036383003,
            0.3691722447974308
        ]
    },
    {
        "frame": 19,
        "rotation_matrix": [
            [
                -0.6445080485558132,
                0.7252158468284424,
                -0.2422216977392455
            ],
            [
                0.7467842299844163,
                0.5290856815634177,
                -0.40296607228295955
            ],
            [
                -0.16408134931600105,
                -0.4406022209130116,
                -0.882579737889536
            ]
        ],
        "translation_vector": [
            0.03579910060954586,
            0.022816717333408384,
            0.42505903564905523
        ],
        "camera_position": [
            0.07577790389756534,
            0.14924788162048208,
            0.3930141741641385
        ]
    },
    {
        "frame": 20,
        "rotation_matrix": [
            [
                -0.6450267083554233,
                0.724148747920628,
                -0.24402691735370993
            ],
            [
                0.7345133442477237,
                0.4994520232490526,
                -0.4593885322844407
            ],
            [
                -0.21078589286333302,
                -0.4755588999875983,
                -0.8540568131057752
            ]
        ],
        "translation_vector": [
            0.03549177868567111,
            0.023533101376392706,
            0.4202832107803268
        ],
        "camera_position": [
            0.09419754002660227,
            0.16241443920947896,
            0.3784175258463751
        ]
    },
    {
        "frame": 21,
        "rotation_matrix": [
            [
                -0.645152243902523,
                0.7243556611298382,
                -0.24307911958186493
            ],
            [
                0.7345503736545783,
                0.5004587565707425,
                -0.4582322353737081
            ],
            [
                -0.21027203987087503,
                -0.4741834129963017,
                -0.8549478113240129
            ]
        ],
        "translation_vector": [
            0.03549016057021255,
            0.023613097821626933,
            0.4205275090097846
        ],
        "camera_position": [
            0.09397672404162048,
            0.16188228918305753,
            0.3789762730135829
        ]
    },
    {
        "frame": 22,
        "rotation_matrix": [
            [
                -0.6445005596836768,
                0.7264683089081208,
                -0.23845927266433242
            ],
            [
                0.7336376401928117,
                0.4996981925523546,
                -0.4605187610209078
            ],
            [
                -0.21539461799160586,
                -0.4717472973023636,
                -0.8550202605951309
            ]
        ],
        "translation_vector": [
            0.03528701190160101,
            0.02358369589461427,
            0.4205644159787045
        ],
        "camera_position": [
            0.09602792363759258,
            0.16098050050468088,
            0.378866346153386
        ]
    },
    {
        "frame": 23,
        "rotation_matrix": [
            [
                -0.6428516967445368,
                0.7297803687436134,
                -0.23272797294074085
            ],
            [
                0.7371353359517948,
                0.5067845202485592,
                -0.4469909915509182
            ],
            [
                -0.2082623165239094,
                -0.4589009298670838,
                -0.8637341860104999
            ]
        ],
        "translation_vector": [
            0.03583204958031247,
            0.02356251761188725,
            0.4237470484781591
        ],
        "camera_position": [
            0.09391647147106039,
            0.15636726903571108,
            0.3848761653675463
        ]
    },
    {
        "frame": 24,
        "rotation_matrix": [
            [
                -0.5884149777351677,
                0.7869686557881311,
                -0.18560212494458075
            ],
            [
                0.7901869177524411,
                0.5110346537931545,
                -0.3383019622104006
            ],
            [
                -0.1713839227868785,
                -0.3457223126000582,
                -0.9225527809186035
            ]
        ],
        "translation_vector": [
            0.03224828650289329,
            0.01787371819027081,
            0.4050682971304705
        ],
        "camera_position": [
            0.07427399025787235,
            0.10552866837689986,
            0.3857289484162017
        ]
    },
    {
        "frame": 25,
        "rotation_matrix": [
            [
                -0.5909563632846762,
                0.7860244686593988,
                -0.18148308836379118
            ],
            [
                0.7867436245046228,
                0.5118264942884371,
                -0.34506247122186046
            ],
            [
                -0.178339692706584,
                -0.3466975258249157,
                -0.9208668631198557
            ]
        ],
        "translation_vector": [
            0.03238137446069436,
            0.01838762831299397,
            0.4059352373690122
        ],
        "camera_position": [
            0.07706399543560641,
            0.10587291444833956,
            0.3860338609739982
        ]
    },
    {
        "frame": 26,
        "rotation_matrix": [
            [
                -0.647144298075962,
                0.7378725165562534,
                -0.19169873963777662
            ],
            [
                0.7375909894138819,
                0.54241094860425,
                -0.402181420716681
            ],
            [
                -0.19277912180322115,
                -0.40166467624771146,
                -0.8952662721512522
            ]
        ],
        "translation_vector": [
            0.035031035170240525,
            0.023715889990146163,
            0.42529707779051207
        ],
        "camera_position": [
            0.0871659050653881,
            0.13211461659463858,
            0.3970076250104721
        ]
    },
    {
        "frame": 27,
        "rotation_matrix": [
            [
                -0.6479989354872835,
                0.7239652765335401,
                -0.2365833003004692
            ],
            [
                0.7310115321612846,
                0.503970519509827,
                -0.4600389715145942
            ],
            [
                -0.21382123246899176,
                -0.47104988466054104,
                -0.8557993261896929
            ]
        ],
        "translation_vector": [
            0.03554310787843759,
            0.02489830819149059,
            0.42381230020256994
        ],
        "camera_position": [
            0.09545101401468367,
            0.16135674588988336,
            0.3825613788019463
        ]
    },
    {
        "frame": 28,
        "rotation_matrix": [
            [
                -0.6475832452716495,
                0.7203744810096372,
                -0.24838789735720734
            ],
            [
                0.7319725701206118,
                0.49749353234749594,
                -0.4655280247884514
            ],
            [
                -0.21178313680381783,
                -0.483281276672816,
                -0.8494628364931738
            ]
        ],
        "translation_vector": [
            0.03519913660707173,
            0.025138496417365826,
            0.4241651933599292
        ],
        "camera_position": [
            0.0942247164559443,
            0.16712829702127163,
            0.3807582824071485
        ]
    },
    {
        "frame": 29,
        "rotation_matrix": [
            [
                -0.6470514770689542,
                0.7230560332396502,
                -0.2418974138320343
            ],
            [
                0.733870151065955,
                0.5045793665927935,
                -0.45479035190211237
            ],
            [
                -0.20678246395020325,
                -0.4717940605863501,
                -0.857118064795117
            ]
        ],
        "translation_vector": [
            0.03474913063496394,
            0.025264077278812542,
            0.42962568015783686
        ],
        "camera_position": [
            0.09278298081439079,
            0.16482154350750028,
            0.38813551499279364
        ]
    },
    {
        "frame": 30,
        "rotation_matrix": [
            [
                -0.6463322854416573,
                0.7249735533372657,
                -0.2380502546885906
            ],
            [
                0.7336742196668744,
                0.504693152728994,
                -0.45498017647439504
            ],
            [
                -0.20970626168993356,
                -0.46871971214149677,
                -0.8580938848739255
            ]
        ],
        "translation_vector": [
            0.03425804603126003,
            0.02571426744782299,
            0.4311090411283158
        ],
        "camera_position": [
            0.09368245147781387,
            0.16425531358922835,
            0.3897866504302646
        ]
    },
    {
        "frame": 31,
        "rotation_matrix": [
            [
                -0.611979939840146,
                0.7050221987178007,
                -0.3583632968767442
            ],
            [
                0.7830611002569836,
                0.4766277239353308,
                -0.3995514060049706
            ],
            [
                -0.1108867282300893,
                -0.5251378029539909,
                -0.8437620644536479
            ]
        ],
        "translation_vector": [
            0.033337980212509596,
            0.021617323265815527,
            0.41745668467265096
        ],
        "camera_position": [
            0.049764896124833535,
            0.18541485452145895,
            0.37281845448445866
        ]
    },
    {
        "frame": 32,
        "rotation_matrix": [
            [
                -0.6392702447767509,
                0.7261182551460694,
                -0.25315179969081913
            ],
            [
                0.7489051672278388,
                0.5131426867326806,
                -0.4193156729150587
            ],
            [
                -0.1745697701279221,
                -0.45764272374461884,
                -0.8718305642503541
            ]
        ],
        "translation_vector": [
            0.03395761331350287,
            0.027497011639052257,
            0.4394949107922493
        ],
        "camera_position": [
            0.07783796322454156,
            0.16236451468915453,
            0.4032914549232663
        ]
    },
    {
        "frame": 33,
        "rotation_matrix": [
            [
                -0.6469278806265991,
                0.7064816111954448,
                -0.2869983454841941
            ],
            [
                0.7417847060117593,
                0.4958017411566916,
                -0.4515928292090566
            ],
            [
                -0.17674775018377045,
                -0.505038975237239,
                -0.8448052238808037
            ]
        ],
        "translation_vector": [
            0.032764101301320354,
            0.027139477014046554,
            0.44266550257374887
        ],
        "camera_position": [
            0.07930449330119912,
            0.18696029675834963,
            0.39562536507890733
        ]
    },
    {
        "frame": 34,
        "rotation_matrix": [
            [
                -0.6452270880829067,
                0.7305875937023444,
                -0.22343628338358756
            ],
            [
                0.7294528780708182,
                0.5021826795827457,
                -0.46444704219242594
            ],
            [
                -0.2271134154519559,
                -0.4626600525821428,
                -0.8569510909418553
            ]
        ],
        "translation_vector": [
            0.03013314858233041,
            0.027706756234214293,
            0.43755845719582404
        ],
        "camera_position": [
            0.09860734631112447,
            0.16651206121229756,
            0.39456735695240525
        ]
    },
    {
        "frame": 35,
        "rotation_matrix": [
            [
                -0.5768671607596497,
                0.8160897013845824,
                0.03495537342274638
            ],
            [
                0.6201892379506676,
                0.4654383785188124,
                -0.6314526307902668
            ],
            [
                -0.5315915612265405,
                -0.34258533987285855,
                -0.7746261659258145
            ]
        ],
        "translation_vector": [
            0.020489997831221404,
            0.026473521101977402,
            0.3790055768905813
        ],
        "camera_position": [
            0.19687758032759153,
            0.10079828542592849,
            0.30958817591175614
        ]
    },
    {
        "frame": 37,
        "rotation_matrix": [
            [
                -0.5561396703484194,
                0.8306468981394491,
                0.027099772620137297
            ],
            [
                0.6322094648998023,
                0.443996272812647,
                -0.6349633865189259
            ],
            [
                -0.5394625654814772,
                -0.33599559571486803,
                -0.7720667717913743
            ]
        ],
        "translation_vector": [
            0.01590865346676115,
            0.02599226907714417,
            0.3824603095753354
        ],
        "camera_position": [
            0.1987378945682492,
            0.1037500353051217,
            0.31135791485705167
        ]
    },
    {
        "frame": 38,
        "rotation_matrix": [
            [
                -0.5347077410423254,
                0.844731625665982,
                0.02271810443502814
            ],
            [
                0.6218558428489229,
                0.4115480547684769,
                -0.6662758507787442
            ],
            [
                -0.5721738742585767,
                -0.3421354690995816,
                -0.7453592277552751
            ]
        ],
        "translation_vector": [
            0.014551980849294549,
            0.025787511848046004,
            0.3801628069838478
        ],
        "camera_position": [
            0.20926416801333791,
            0.10716186152376526,
            0.3002088592101115
        ]
    },
    {
        "frame": 39,
        "rotation_matrix": [
            [
                -0.5942825223060044,
                0.7710319933862001,
                -0.22877488685718128
            ],
            [
                0.7415703910482924,
                0.41522641824046,
                -0.5269348884973185
            ],
            [
                -0.3112902806097487,
                -0.4828008769359284,
                -0.8185363000061772
            ]
        ],
        "translation_vector": [
            0.01821958601994178,
            0.02849454094241631,
            0.4362090152285377
        ],
        "camera_position": [
            0.12548450042088666,
            0.18472252517714302,
            0.37623586483907673
        ]
    },
    {
        "frame": 40,
        "rotation_matrix": [
            [
                -0.6041304993418468,
                0.7623077330585515,
                -0.2321922907507979
            ],
            [
                0.7617909664291427,
                0.4669483682046812,
                -0.44903646277105225
            ],
            [
                -0.23388215671983953,
                -0.4481586120450193,
                -0.8628168955334372
            ]
        ],
        "translation_vector": [
            0.01739592905933618,
            0.02884409634007771,
            0.4513900824258621
        ],
        "camera_position": [
            0.09410832528215578,
            0.17556459786685336,
            0.40645824120366625
        ]
    },
    {
        "frame": 41,
        "rotation_matrix": [
            [
                -0.5572794862780182,
                0.8092603995474786,
                -0.1858418141806728
            ],
            [
                0.8057990096831483,
                0.47310175260750587,
                -0.3561778876816529
            ],
            [
                -0.20031857169859663,
                -0.348241780095327,
                -0.9157511301814878
            ]
        ],
        "translation_vector": [
            0.013581126281220863,
            0.024511614881294164,
            0.44139792652158805
        ],
        "camera_position": [
            0.07623725027152072,
            0.13112604402203815,
            0.41546508643071395
        ]
    },
    {
        "frame": 42,
        "rotation_matrix": [
            [
                -0.5084592745621103,
                0.8600367656736949,
                0.04249620925803299
            ],
            [
                0.5767095150594486,
                0.37677213871542437,
                -0.7248785351544771
            ],
            [
                -0.6394335785299896,
                -0.3440632458972255,
                -0.6875646743914328
            ]
        ],
        "translation_vector": [
            0.005769735075574217,
            0.029054292537551193,
            0.35035141554415966
        ],
        "camera_position": [
            0.21020424773566496,
            0.10463401300538355,
            0.26170489809663244
        ]
    },
    {
        "frame": 43,
        "rotation_matrix": [
            [
                -0.5609331763811378,
                0.8275870288471993,
                -0.021299796215750774
            ],
            [
                0.810993746905272,
                0.5441552976250458,
                -0.21490498958178203
            ],
            [
                -0.16626218486329059,
                -0.1378213399675948,
                -0.9764026649564316
            ]
        ],
        "translation_vector": [
            0.00811255349102907,
            0.018434181967371212,
            0.4207468659332091
        ],
        "camera_position": [
            0.05955488729787019,
            0.04124299503514699,
            0.4149527545890467
        ]
    },
    {
        "frame": 44,
        "rotation_matrix": [
            [
                -0.7597980656235905,
                0.633482423558223,
                -0.1463110334781696
            ],
            [
                0.034430545508046806,
                -0.18551839972494932,
                -0.982037403004342
            ],
            [
                -0.6492468228729873,
                -0.751187687869213,
                0.11914537583573137
            ]
        ],
        "translation_vector": [
            -0.031591266463253095,
            0.028090605053785928,
            0.09362916305821657
        ],
        "camera_position": [
            0.03581827863877192,
            0.09555691065413037,
            0.011808392168961585
        ]
    },
    {
        "frame": 46,
        "rotation_matrix": [
            [
                -0.5161588127478826,
                0.8559900974493007,
                -0.02934336537333329
            ],
            [
                0.6956104636589635,
                0.3989698163130574,
                -0.5974522311610249
            ],
            [
                -0.4997060764798221,
                -0.3287917863023069,
                -0.8013674552845781
            ]
        ],
        "translation_vector": [
            -0.009237982539929208,
            0.02027001682732107,
            0.4194003154882962
        ],
        "camera_position": [
            0.19070858422343273,
            0.13771587558947804,
            0.347933056850578
        ]
    },
    {
        "frame": 47,
        "rotation_matrix": [
            [
                -0.5096335755459753,
                0.8594111673682926,
                -0.0410617106182071
            ],
            [
                0.7037426307035467,
                0.38891461468377686,
                -0.5945517069320557
            ],
            [
                -0.49499487715195223,
                -0.33190038850239123,
                -0.8030082214431467
            ]
        ],
        "translation_vector": [
            -0.009478212345939069,
            0.019577923930383746,
            0.4208426475072925
        ],
        "camera_position": [
            0.18970671966504749,
            0.14020937900113983,
            0.34919100236072476
        ]
    },
    {
        "frame": 48,
        "rotation_matrix": [
            [
                -0.5119042512631328,
                0.8579722520947001,
                -0.042867845458801235
            ],
            [
                0.7151040781227759,
                0.3979491374393799,
                -0.5746848192387094
            ],
            [
                -0.4760044064826567,
                -0.324838573212606,
                -0.8172513116308178
            ]
        ],
        "translation_vector": [
            -0.00809471645198868,
            0.019634501065940814,
            0.42350395184955103
        ],
        "camera_position": [
            0.18340531569450227,
            0.13670192880984536,
            0.357045806771906
        ]
    },
    {
        "frame": 49,
        "rotation_matrix": [
            [
                -0.5222760080790748,
                0.8515068336861249,
                -0.046517561961221365
            ],
            [
                0.6949340668664425,
                0.3933572880439331,
                -0.6019440893066309
            ],
            [
                -0.49426148352208565,
                -0.34670759456428457,
                -0.7971821810464623
            ]
        ],
        "translation_vector": [
            -0.00763650994316349,
            0.01958268411579197,
            0.4284656796991814
        ],
        "camera_position": [
            0.1941770422448964,
            0.14735185404756124,
            0.35299765417795964
        ]
    },
    {
        "frame": 50,
        "rotation_matrix": [
            [
                -0.5255305622313577,
                0.8471292068517999,
                -0.07867486930038847
            ],
            [
                0.7043949471171445,
                0.3813856944415146,
                -0.5986423895375257
            ],
            [
                -0.47712198297356645,
                -0.37002305194947477,
                -0.7971433712886083
            ]
        ],
        "translation_vector": [
            -0.008932900028632085,
            0.019804049144696394,
            0.42904767286671663
        ],
        "camera_position": [
            0.18606369234397463,
            0.15877186882629996,
            0.35316525695278006
        ]
    },
    {
        "frame": 51,
        "rotation_matrix": [
            [
                -0.5125966981702027,
                0.8571444542906927,
                -0.0504778119941508
            ],
            [
                0.6976362758262304,
                0.38149274873165606,
                -0.6064378857859011
            ],
            [
                -0.5005479514255492,
                -0.34607321067062746,
                -0.7935269883121869
            ]
        ],
        "translation_vector": [
            -0.011208288334948633,
            0.01983112437058933,
            0.4290290297057775
        ],
        "camera_position": [
            0.195169358577339,
            0.15051714582299927,
            0.35190668910563505
        ]
    },
    {
        "frame": 52,
        "rotation_matrix": [
            [
                -0.5047355264454894,
                0.8610468248494871,
                -0.06197107196435639
            ],
            [
                0.6930420303548208,
                0.36135785634208906,
                -0.6237894226592159
            ],
            [
                -0.5147181680351514,
                -0.35779724017446957,
                -0.7791317875802981
            ]
        ],
        "translation_vector": [
            -0.013789173641881536,
            0.020852205289777038,
            0.4287592592320972
        ],
        "camera_position": [
            0.19927883993126766,
            0.15774689563061567,
            0.34621282331389974
        ]
    },
    {
        "frame": 53,
        "rotation_matrix": [
            [
                -0.5046293057997182,
                0.8583274774672142,
                -0.09286121447010767
            ],
            [
                0.7046996295090501,
                0.3473773512315307,
                -0.6186496650133846
            ],
            [
                -0.49874612369210636,
                -0.37762801442177785,
                -0.7801598469710959
            ]
        ],
        "translation_vector": [
            -0.01678845105640578,
            0.02031923601165142,
            0.4304890157844945
        ],
        "camera_position": [
            0.1919138254231823,
            0.1699162587221348,
            0.34686173727493513
        ]
    },
    {
        "frame": 54,
        "rotation_matrix": [
            [
                -0.4832772455284562,
                0.8735948804476217,
                -0.0572283916437788
            ],
            [
                0.6985907421393298,
                0.3454143674943293,
                -0.6266257972073226
            ],
            [
                -0.5276495796943731,
                -0.34281321384129554,
                -0.7772161999496366
            ]
        ],
        "translation_vector": [
            -0.020519863421161313,
            0.019043198357978807,
            0.43351235910998626
        ],
        "camera_position": [
            0.20552242893029454,
            0.15996201838273685,
            0.34769146895076836
        ]
    },
    {
        "frame": 55,
        "rotation_matrix": [
            [
                -0.47955711573928167,
                0.8727208784584899,
