[
    {
        "frame": 1,
        "rotation_matrix": [
            [
                -0.5682587969955346,
                0.8193652698327155,
                -0.0756471693399638
            ],
            [
                0.6722609868129595,
                0.4092830043357074,
                -0.6168894455015445
            ],
            [
                -0.4744966862333749,
                -0.4014074948900411,
                -0.7834059725325355
            ]
        ],
        "translation_vector": [
            -0.02039263068692285,
            0.01873355119793842,
            0.45342975332532776
        ],
        "camera_position": [
            0.19096878799592243,
            0.19105179062014954,
            0.36523346210292607
        ]
    },
    {
        "frame": 2,
        "rotation_matrix": [
            [
                -0.5674467988693548,
                0.8188315049118848,
                -0.08671272695896245
            ],
            [
                0.6911640082392676,
                0.4164235656353429,
                -0.5906638025968546
            ],
            [
                -0.44754490743114395,
                -0.3951029999218993,
                -0.8022450843010285
            ]
        ],
        "translation_vector": [
            -0.019785221644264998,
            0.01845544157872302,
            0.4616835733989063
        ],
        "camera_position": [
            0.1826413344569586,
            0.19092804689097237,
            0.3795687080410366
        ]
    },
    {
        "frame": 3,
        "rotation_matrix": [
            [
                -0.5669754273087297,
                0.8192543723943981,
                -0.0857970753624161
            ],
            [
                0.691874335093871,
                0.4170999278864419,
                -0.589353505627598
            ],
            [
                -0.44704448242484485,
                -0.3935097501584756,
                -0.8033064840169764
            ]
        ],
        "translation_vector": [
            -0.019769772411070207,
            0.01843983364477589,
            0.4620887194923484
        ],
        "camera_position": [
            0.18260718963703243,
            0.19034163576402136,
            0.3803702565075932
        ]
    },
    {
        "frame": 4,
        "rotation_matrix": [
            [
                -0.5647027613083513,
                0.8226153200498021,
                -0.06644416144466636
            ],
            [
                0.6887252827638197,
                0.42536747462289337,
                -0.5871286029609177
            ],
            [
                -0.4547177984779349,
                -0.3773149172141276,
                -0.8067621563974579
            ]
        ],
        "translation_vector": [
            -0.020146792807192237,
            0.018426957227744675,
            0.4641640815865717
        ],
        "camera_position": [
            0.18699560845469448,
            0.18387086416972453,
            0.38395037228310114
        ]
    },
    {
        "frame": 5,
        "rotation_matrix": [
            [
                -0.5698919815862202,
                0.8154133797517618,
                -0.10160782177342675
            ],
            [
                0.6845987199738663,
                0.4027603575142362,
                -0.6075431565124806
            ],
            [
                -0.4544752159731872,
                -0.4157945580894654,
                -0.7877608542757828
            ]
        ],
        "translation_vector": [
            -0.019929681611126984,
            0.01925994932568679,
            0.45374929050033613
        ],
        "camera_position": [
            0.1816747043969464,
            0.19716027069078165,
            0.36712216758202876
        ]
    },
    {
        "frame": 6,
        "rotation_matrix": [
            [
                -0.5678353275879044,
                0.816546252358825,
                -0.10399643504416536
            ],
            [
                0.6928701163707013,
                0.4059289703477963,
                -0.5959468708474182
            ],
            [
                -0.44440301819810846,
                -0.4104557086838193,
                -0.7962613067487805
            ]
        ],
        "translation_vector": [
            -0.019707705139269185,
            0.019469215638847102,
            0.4591104086374444
        ],
        "camera_position": [
            0.1793496823755502,
            0.1966336222577067,
            0.375124940984057
        ]
    },
    {
        "frame": 7,
        "rotation_matrix": [
            [
                -0.5668083256699654,
                0.8196162406603742,
                -0.08341186964075273
            ],
            [
                0.6906923390456465,
                0.417564920246968,
                -0.5904097138113472
            ],
            [
                -0.4490795193892324,
                -0.39226108069103527,
                -0.80278193168521
            ]
        ],
        "translation_vector": [
            -0.019810844816658863,
            0.01839744076443462,
            0.4620272783027609
        ],
        "camera_position": [
            0.18355106491024,
            0.18979048376316524,
            0.3801167190984212
        ]
    },
    {
        "frame": 8,
        "rotation_matrix": [
            [
                -0.5703870373388739,
                0.8133700767730041,
                -0.11440168637768935
            ],
            [
                0.6943352214049638,
                0.40305707628075715,
                -0.5961909036345043
            ],
            [
                -0.43881343182758403,
                -0.41949268345262514,
                -0.7946500239586065
            ]
        ],
        "translation_vector": [
            -0.019452606545539843,
            0.019343540665494294,
            0.4570805065321985
        ],
        "camera_position": [
            0.1760466494861233,
            0.1997675453729058,
            0.37252606746242395
        ]
    },
    {
        "frame": 9,
        "rotation_matrix": [
            [
                -0.5691035355448609,
                0.8149187470945255,
                -0.10967498103135409
            ],
            [
                0.7017264527735626,
                0.41181194942673416,
                -0.5813698511164694
            ],
            [
                -0.42860372292850213,
                -0.407821473126712,
                -0.8062136780956933
            ]
        ],
        "translation_vector": [
            -0.019622734237938446,
            0.01879805892120372,
            0.4570755960289831
        ],
        "camera_position": [
            0.1715458394801136,
            0.19465491161277995,
            0.3772770991532774
        ]
    },
    {
        "frame": 10,
        "rotation_matrix": [
            [
                -0.5712157951625385,
                0.8140614416885809,
                -0.10495944222764264
            ],
            [
                0.6893517005277824,
                0.4063871171888602,
                -0.5997030464841593
            ],
            [
                -0.4455409614572864,
                -0.4149138225449189,
                -0.7933093794509682
            ]
        ],
        "translation_vector": [
            -0.01930829280101912,
            0.018426405162286125,
            0.4631688987947541
        ],
        "camera_position": [
            0.1826292409273262,
            0.20040506128293956,
            0.37646001535266616
        ]
    },
    {
        "frame": 11,
        "rotation_matrix": [
            [
                -0.5582531092570344,
                0.8224152722349665,
                -0.10948326812595296
            ],
            [
                0.6780272362564295,
                0.3761774672750833,
                -0.6314820504250072
            ],
            [
                -0.47815534389915737,
                -0.4267594557935291,
                -0.7676221948273052
            ]
        ],
        "translation_vector": [
            -0.0191548708712698,
            0.019936141103357324,
            0.4487483829166351
        ],
        "camera_position": [
            0.19036092448246347,
            0.19976134695645073,
            0.3549613960176646
        ]
    },
    {
        "frame": 12,
        "rotation_matrix": [
            [
                -0.571601320953511,
                0.8099035216221904,
                -0.13163668010161758
            ],
            [
                0.6958955877816804,
                0.3934979866100269,
                -0.6007400980788986
            ],
            [
                -0.43474275242974536,
                -0.43498921848458444,
                -0.7885322561645652
            ]
        ],
        "translation_vector": [
            -0.01919968405636005,
            0.019846188112247205,
            0.4544540419848869
        ],
        "camera_position": [
            0.17278516155522927,
            0.2054230652273928,
            0.3677466893743134
        ]
    },
    {
        "frame": 13,
        "rotation_matrix": [
            [
                -0.5727092618442914,
                0.8099146689917441,
                -0.12665832128115442
            ],
            [
                0.6926493417686498,
                0.3954568974949001,
                -0.6032004074693282
            ],
            [
                -0.4384529515754487,
                -0.43318826297084856,
                -0.7874686902214437
            ]
        ],
        "translation_vector": [
            -0.019408689394982272,
            0.019763627867378005,
            0.45316098779944036
        ],
        "camera_position": [
            0.1738849726294452,
            0.20420774043821704,
            0.36631324588751973
        ]
    },
    {
        "frame": 14,
        "rotation_matrix": [
            [
                -0.5697676460874948,
                0.8125817008373144,
                -0.1227835857769777
            ],
            [
                0.6964502958950862,
                0.39812415493366304,
                -0.5970378066806187
            ],
            [
                -0.4362588850895328,
                -0.4256854903830927,
                -0.7927610285942062
            ]
        ],
        "translation_vector": [
            -0.019433966285287253,
            0.019278519530482027,
            0.4552716800070757
        ],
        "camera_position": [
            0.17411693967679012,
            0.20191898944301495,
            0.3700454782823736
        ]
    },
    {
        "frame": 15,
        "rotation_matrix": [
            [
                -0.5697288336034039,
                0.8131829111285356,
                -0.11892270266616647
            ],
            [
                0.7002232668391173,
                0.4045624552615912,
                -0.5882317539625583
            ],
            [
                -0.43022834952854916,
                -0.41840503443581284,
                -0.799900490324082
            ]
        ],
        "translation_vector": [
            -0.0194909092183693,
            0.019188618083740425,
            0.4545012292257062
        ],
        "camera_position": [
            0.1709984638928961,
            0.19825228231900144,
            0.3725251989803873
        ]
    },
    {
        "frame": 16,
        "rotation_matrix": [
            [
                -0.5683176169312153,
                0.8181880081359038,
                -0.08708311907727295
            ],
            [
                0.6911441014252212,
                0.41726633531944146,
                -0.5900920576267799
            ],
            [
                -0.4464693912809118,
                -0.3955466960444562,
                -0.8026256249943473
            ]
        ],
        "translation_vector": [
            -0.019783152562600055,
            0.01847462393909328,
            0.46087793487076784
        ],
        "camera_position": [
            0.1817561495552384,
            0.19077624398029644,
            0.3790913907455219
        ]
    },
    {
        "frame": 17,
        "rotation_matrix": [
            [
                -0.5712123343368755,
                0.8123683729323586,
                -0.11736309369069042
            ],
            [
                0.6934676933955913,
                0.4011445154773803,
                -0.5984861200721497
            ],
            [
                -0.4391116342321342,
                -0.4232501675860859,
                -0.7924899168572017
            ]
        ],
        "translation_vector": [
            -0.019424610599409437,
            0.019446760580664836,
            0.45584525897903316
        ],
        "camera_position": [
            0.17558567925929028,
            0.20091556021295,
            0.37061165528225404
        ]
    },
    {
        "frame": 18,
        "rotation_matrix": [
            [
                -0.5692374192361297,
                0.8142331437318279,
                -0.11398749137504166
            ],
            [
                0.6981059021542736,
                0.40543539230667247,
                -0.5901442976446546
            ],
            [
                -0.4343004834429252,
                -0.4155075574688375,
                -0.7992099597524559
            ]
        ],
        "translation_vector": [
            -0.01964188308386644,
            0.01914170960848778,
            0.4538928324382647
        ],
        "camera_position": [
            0.1725820412686106,
            0.19682824782668765,
            0.3718131141389209
        ]
    },
    {
        "frame": 19,
        "rotation_matrix": [
            [
                -0.5564706539538606,
                0.8239828798027028,
                -0.10673624070674106
            ],
            [
                0.6750023118164624,
                0.3734287811299942,
                -0.6363354653531408
            ],
            [
                -0.484471144992758,
                -0.42614922177074505,
                -0.7639925068046116
            ]
        ],
        "translation_vector": [
            -0.019209727522990168,
            0.020042124895506646,
            0.4464703426558647
        ],
        "camera_position": [
            0.1920838678366207,
            0.19860716940014914,
            0.3518031370708112
        ]
    },
    {
        "frame": 20,
        "rotation_matrix": [
            [
                -0.5664211207250365,
                0.8182481350317479,
                -0.09816875018894797
            ],
            [
                0.6788987848702712,
                0.3957613952868626,
                -0.6184410706787387
            ],
            [
                -0.46718685116156977,
                -0.41694472957175255,
                -0.7796752776535083
            ]
        ],
        "translation_vector": [
            -0.019754958041884683,
            0.01906455353146774,
            0.45686301155433
        ],
        "camera_position": [
            0.18930786407969122,
            0.1991060680731244,
            0.36605577874024636
        ]
    },
    {
        "frame": 21,
        "rotation_matrix": [
            [
                -0.6041183609813292,
                0.7681501935787881,
                -0.2120997077558167
            ],
            [
                0.7126784954445861,
                0.4017003005259895,
                -0.5750880199483995
            ],
            [
                -0.35655345750121886,
                -0.4985801326388769,
                -0.7901186513946665
            ]
        ],
        "translation_vector": [
            -0.01671366411274906,
            0.018885188120222465,
            0.45782280133272046
        ],
        "camera_position": [
            0.13968220391258057,
            0.23351377159380576,
            0.3690500165353062
        ]
    },
    {
        "frame": 22,
        "rotation_matrix": [
            [
                -0.570601764173065,
                0.8115056936915442,
                -0.12598466505409206
            ],
            [
                0.690293190677567,
                0.39084494555411975,
                -0.6088805625399634
            ],
            [
                -0.44486957372556996,
                -0.43439467957262523,
                -0.783193670002654
            ]
        ],
        "translation_vector": [
            -0.019217618577383643,
            0.019599463460047217,
            0.4561611557348924
        ],
        "camera_position": [
            0.17843723567108036,
            0.20608883474474407,
            0.3667751367700886
        ]
    },
    {
        "frame": 23,
        "rotation_matrix": [
            [
                -0.5554146156857458,
                0.8259663369599411,
                -0.09640650855430946
            ],
            [
                0.6713545622279516,
                0.37696769927097307,
                -0.6381053247560817
            ],
            [
                -0.49071137795894904,
                -0.419135973062831,
                -0.7638896383812934
            ]
        ],
        "translation_vector": [
            -0.019352093370651913,
            0.01944648702014308,
            0.45415243163085817
        ],
        "camera_position": [
            0.1990538422465308,
            0.19900510155342852,
            0.3574655759287531
        ]
    },
    {
        "frame": 24,
        "rotation_matrix": [
            [
                -0.5739714497741663,
                0.8092635042106169,
                -0.12509738445265145
            ],
            [
                0.6970060073858446,
                0.4026306372727576,
                -0.5933558760115015
            ],
            [
                -0.4298132158417019,
                -0.4277629608580965,
                -0.7951600145918614
            ]
        ],
        "translation_vector": [
            -0.01915831224434286,
            0.01932761062655565,
            0.45682793453648707
        ],
        "camera_position": [
            0.17188289866021458,
            0.20313630459810464,
            0.37232280367423753
        ]
    },
    {
        "frame": 25,
        "rotation_matrix": [
            [
                -0.5732775429825513,
                0.8118014281665147,
                -0.11104638642790748
            ],
            [
                0.693594586953213,
                0.40865349951249885,
                -0.5932359280129534
            ],
            [
                -0.4362102791786217,
                -0.41711000774735096,
                -0.7973329503889287
            ]
        ],
        "translation_vector": [
            -0.019534356502845407,
            0.01904102632347939,
            0.45708390768576496
        ],
        "camera_position": [
            0.1749793382919675,
            0.19873110874192315,
            0.3735746619108846
        ]
    },
    {
        "frame": 26,
        "rotation_matrix": [
            [
                -0.5725612500699996,
                0.8112307828921999,
                -0.11865172483528427
            ],
            [
                0.7133540751411689,
                0.4216033398281601,
                -0.5598004888576188
            ],
            [
                -0.40410342537247457,
                -0.4051607591238938,
                -0.8200885201418094
            ]
        ],
        "translation_vector": [
            -0.01936915460854123,
            0.018194232391450616,
            0.45800036839508096
        ],
        "camera_position": [
            0.16101056049433524,
            0.1936058822531757,
            0.38348780092574397
        ]
    },
    {
        "frame": 27,
        "rotation_matrix": [
            [
                -0.5743942774556322,
                0.8089360455181428,
                -0.12527445185548233
            ],
            [
                0.6971105557948197,
                0.4031790200672456,
                -0.5928604817130698
            ],
            [
                -0.4290781828823971,
                -0.4278658107854434,
                -0.7955015782104116
            ]
        ],
        "translation_vector": [
            -0.019151386632934617,
            0.019348351265963595,
            0.4570453489194569
        ],
        "camera_position": [
            0.1716198010171845,
            0.2032454764468464,
            0.37265198976833575
        ]
    },
    {
        "frame": 29,
        "rotation_matrix": [
            [
                -0.5759141223686979,
                0.806404467380339,
                -0.13429355399766593
            ],
            [
                0.6922719759434024,
                0.3936855421769724,
                -0.6047902158635174
            ],
            [
                -0.43483610128381656,
                -0.44127489036863915,
                -0.7849802775550706
            ]
        ],
        "translation_vector": [
            -0.01899851064112911,
            0.01945758697478139,
            0.4577453876099016
        ],
        "camera_position": [
            0.17463276696461827,
            0.20965185891126656,
            0.3685374821275754
        ]
    },
    {
        "frame": 30,
        "rotation_matrix": [
            [
                -0.5659085733851694,
                0.8177675769504062,
                -0.10489841113107415
            ],
            [
                0.6980037388952014,
                0.4074965850684039,
                -0.5888440486630643
            ],
            [
                -0.438791826561847,
                -0.4064513786989178,
                -0.8014106373740413
            ]
        ],
        "translation_vector": [
            -0.01944381829797642,
            0.01873815714237253,
            0.45672376549370813
        ],
        "camera_position": [
            0.17632392807563874,
            0.19390079329968712,
            0.3750175106786051
        ]
    },
    {
        "frame": 31,
        "rotation_matrix": [
            [
                -0.5690554635338241,
                0.8196202905928361,
                -0.06632087658361785
            ],
            [
                0.6851717958829634,
                0.42802049698357825,
                -0.5893539380444028
            ],
            [
                -0.454659751406279,
                -0.38081627251267214,
                -0.8051481087605775
            ]
        ],
        "translation_vector": [
            -0.019238301465834624,
            0.018113608694647485,
            0.46012119895412407
        ],
        "camera_position": [
            0.18583999557576425,
            0.18323674633206205,
            0.3798651387377542
        ]
    },
    {
        "frame": 32,
        "rotation_matrix": [
            [
                -0.5712699882682591,
                0.8169441820027437,
                -0.07907467354248793
            ],
            [
                0.6710590518230619,
                0.4094279527988376,
                -0.6181007202983066
            ],
            [
                -0.47257840563266956,
                -0.4061661666840563,
                -0.7821116899592176
            ]
        ],
        "translation_vector": [
            -0.0186799567464802,
            0.01874318774438735,
            0.4554256116002472
        ],
        "camera_position": [
            0.1919752249470247,
            0.19256497187040542,
            0.3663017611033561
        ]
    },
    {
        "frame": 33,
        "rotation_matrix": [
            [
                -0.5736991990369236,
                0.8147909834750691,
                -0.08357560811697415
            ],
            [
                0.670120482938116,
                0.40825134110755856,
                -0.6198946530102243
            ],
            [
                -0.47096471987950295,
                -0.41163879279243076,
                -0.7802215947390918
            ]
        ],
        "translation_vector": [
            -0.01877593778625859,
            0.018498483242160604,
            0.45459253001441363
        ],
        "camera_position": [
            0.19092909056454987,
            0.19487435449005464,
            0.36458080915648583
        ]
    },
    {
        "frame": 34,
        "rotation_matrix": [
            [
                -0.5595959186431028,
                0.8245203876318967,
                -0.08377671643916876
            ],
            [
                0.6670521046535991,
                0.3881081393057929,
                -0.6359351868561762
            ],
            [
                -0.4918271012410621,
                -0.4117501701079705,
                -0.7671817906473481
            ]
        ],
        "translation_vector": [
            -0.018375454555655105,
            0.01926135851739059,
            0.4415919629631048
        ],
        "camera_position": [
            0.19405573596542497,
            0.18950101276682582,
            0.34949085326362284
        ]
    },
    {
        "frame": 35,
        "rotation_matrix": [
            [
                -0.6156956465548735,
                0.7539895837049365,
                -0.22895103947751094
            ],
            [
                0.7281989375659509,
                0.43342111569468733,
                -0.5309166071972067
            ],
            [
                -0.30107337667285794,
                -0.49360494743714756,
                -0.8159099078479034
            ]
        ],
        "translation_vector": [
            -0.01817016293302933,
            0.01736327458853428,
            0.4899586138214642
        ],
        "camera_position": [
            0.1236822859700856,
            0.24802049956317146,
            0.40482046059574267
        ]
    },
    {
        "frame": 36,
        "rotation_matrix": [
            [
                -0.5762986527518925,
                0.8109730215099913,
                -0.10100802551930549
            ],
            [
                0.6887532493545119,
                0.41544243113602564,
                -0.5941603722189742
            ],
            [
                -0.4398850126339327,
                -0.41198342781566294,
                -0.7979792170635155
            ]
        ],
        "translation_vector": [
            -0.018503902896736257,
            0.018472053001358898,
            0.4533572141491931
        ],
        "camera_position": [
            0.1760385830367267,
            0.19410775054507978,
            0.3708759539878054
        ]
    },
    {
        "frame": 37,
        "rotation_matrix": [
            [
                -0.5723862358649576,
                0.8165733782404776,
                -0.07471221413717555
            ],
            [
                0.6765835756128638,
                0.41884567271880524,
                -0.6056426071996952
            ],
            [
                -0.46325874217682894,
                -0.39721054919735677,
                -0.7922216340160604
            ]
        ],
        "translation_vector": [
            -0.018867966409585987,
            0.018381667901916955,
            0.4490023604908034
        ],
        "camera_position": [
            0.1847677698889801,
            0.186056471214993,
            0.3654324374311624
        ]
    },
    {
        "frame": 38,
        "rotation_matrix": [
            [
                -0.6207679594361684,
                0.7540896091915525,
                -0.21446678494999502
            ],
            [
                0.7109072083480346,
                0.42609128463437884,
                -0.559515109963466
            ],
            [
                -0.3305421026983702,
                -0.4997950364579034,
                -0.8005915562106455
            ]
        ],
        "translation_vector": [
            -0.014304269634026336,
            0.01728149157910726,
            0.45433858407427097
        ],
        "camera_position": [
            0.1290128617103773,
            0.23049937734238599,
            0.3703410990123112
        ]
    },
    {
        "frame": 39,
        "rotation_matrix": [
            [
                -0.5605116317423375,
                0.8245828997059439,
                -0.07674472095251406
            ],
            [
                0.667454350945272,
                0.394948989198995,
                -0.6312843933877331
            ],
            [
                -0.49023606567221056,
                -0.40506584334306633,
                -0.7717449465147164
            ]
        ],
        "translation_vector": [
            -0.018319190395892294,
            0.018841561572244415,
            0.44372919533935473
        ],
        "camera_position": [
            0.19468805339606313,
            0.18740377616509754,
            0.35293424673679163
        ]
    },
    {
        "frame": 40,
        "rotation_matrix": [
            [
                -0.5731994843228732,
                0.8137152141649111,
                -0.09648783036500111
            ],
            [
                0.6862821071995149,
                0.41239028605740435,
                -0.5991252968313772
            ],
            [
                -0.4477267252574788,
                -0.409636182730536,
                -0.7948200911452661
            ]
        ],
        "translation_vector": [
            -0.01895391871856454,
            0.01849715134536847,
            0.45289957911944523
        ],
        "camera_position": [
            0.179216604991773,
            0.19331910124553336,
            0.36922697355163003
        ]
    },
    {
        "frame": 41,
        "rotation_matrix": [
            [
                -0.5694233835141693,
                0.8189241246211351,
                -0.07155619065310087
            ],
            [
                0.6819210507896792,
                0.42195753329105734,
                -0.5974408092763882
            ],
            [
                -0.45906501804992167,
                -0.3889924397882736,
                -0.7987140858845495
            ]
        ],
        "translation_vector": [
            -0.01956302828422537,
            0.018190667624006673,
            0.4513079731172998
        ],
        "camera_position": [
            0.18363545788705135,
            0.18390033613185344,
            0.36993402660569924
        ]
    },
    {
        "frame": 42,
        "rotation_matrix": [
            [
                -0.5710864957946957,
                0.8149075289912582,
                -0.09892387737192909
            ],
            [
                0.6875913909132121,
                0.4090372451377552,
                -0.599922170978995
            ],
            [
                -0.44841754366100495,
                -0.4106266568106334,
                -0.7939190482999844
            ]
        ],
        "translation_vector": [
            -0.018799950533538095,
            0.018162186961919624,
            0.4495703634859185
        ],
        "camera_position": [
            0.17837067683065672,
            0.1924967856732269,
            0.36595860975336164
        ]
    },
    {
        "frame": 43,
        "rotation_matrix": [
            [
                -0.5718086551195405,
                0.8137029258742949,
                -0.10451033611080857
            ],
            [
                0.6912653041661223,
                0.409281782778144,
                -0.5955171714921934
            ],
            [
                -0.44179988816940735,
                -0.41276624221168556,
                -0.7965154663306565
            ]
        ],
        "translation_vector": [
            -0.01915305986424357,
            0.018312164836914457,
            0.4535259005892005
        ],
        "camera_position": [
            0.17675724256391154,
            0.1952902471118757,
            0.3701439100844535
        ]
    },
    {
        "frame": 44,
        "rotation_matrix": [
            [
                -0.5721925437218451,
                0.812476078521277,
                -0.11170637734620029
            ],
            [
                0.6853277979814014,
                0.39887821402204393,
                -0.6092798861710003
            ],
            [
                -0.4504680923473796,
                -0.4251808935138919,
                -0.7850475817220515
            ]
        ],
        "translation_vector": [
            -0.019218008592849663,
            0.01840011836228796,
            0.4491327091450798
        ],
        "camera_position": [
            0.17871344087755972,
            0.19923741248898302,
            0.3616545950882108
        ]
    },
    {
        "frame": 45,
        "rotation_matrix": [
            [
                -0.5695468527456543,
                0.8137443266562474,
                -0.11591614797900457
            ],
            [
                0.7027952487786175,
                0.40897656906692914,
                -0.5820798950732142
            ],
            [
                -0.4262572237765841,
                -0.41298709034183345,
                -0.8048269642533514
            ]
        ],
        "translation_vector": [
            -0.019357966533281354,
            0.018046224614515483,
            0.4527850727787559
        ],
        "camera_position": [
            0.16929483825809177,
            0.1953663421717172,
            0.37267407920059925
        ]
    },
    {
        "frame": 46,
        "rotation_matrix": [
            [
                -0.5688406640309034,
                0.8141732903089899,
                -0.11637075359519714
            ],
            [
                0.694501007323932,
                0.3997217825161943,
                -0.5982397908933504
            ],
            [
                -0.4405549338855763,
                -0.42112272549639174,
                -0.7928221744499622
            ]
        ],
        "translation_vector": [
            -0.019419579486480213,
            0.01867550293768243,
            0.45433310566810536
        ],
        "camera_position": [
            0.1761418892368489,
            0.1996758933454804,
            0.3691179186333155
        ]
    },
    {
        "frame": 47,
        "rotation_matrix": [
            [
                -0.6148039922533044,
                0.7506034080899556,
                -0.24209620995204087
            ],
            [
                0.7214318727186787,
                0.4111994359449834,
                -0.5571813680518656
            ],
            [
                -0.31867240880725667,
                -0.51721325161124,
                -0.7943162771986415
            ]
        ],
        "translation_vector": [
            -0.01578076778880479,
            0.017331432381336494,
            0.4618806015308499
        ],
        "camera_position": [
            0.12498307711403636,
            0.24360919063915526,
            0.37271556705098247
        ]
    },
    {
        "frame": 48,
        "rotation_matrix": [
            [
                -0.5713448416910503,
                0.8121861368036303,
                -0.11797775661972734
            ],
            [
                0.6936343957933424,
                0.4010287943414278,
                -0.5983704797877869
            ],
            [
                -0.43867573085986167,
                -0.4237093169769295,
                -0.7924859732900704
            ]
        ],
        "translation_vector": [
            -0.019014016942909037,
            0.018073343000972308,
            0.4550579588035918
        ],
        "camera_position": [
            0.17622302980915988,
            0.20100728692216666,
            0.36919837324546434
        ]
    },
    {
        "frame": 49,
        "rotation_matrix": [
            [
                -0.5662952390147736,
                0.8183578373983392,
                -0.09798036659409828
            ],
            [
                0.6936385594136397,
                0.4089984359106975,
                -0.5929467331195728
            ],
            [
                -0.44516878952120076,
                -0.4037458722901283,
                -0.7992584184385625
            ]
        ],
        "translation_vector": [
            -0.019188412415882494,
            0.018016327335521155,
            0.4540224599145799
        ],
        "camera_position": [
            0.17875350296130973,
            0.1916440321042076,
            0.371683908000456
        ]
    },
    {
        "frame": 50,
        "rotation_matrix": [
            [
                -0.5681840560968869,
                0.8180813343208404,
                -0.08893710605322722
            ],
            [
                0.6878000460688671,
                0.41278517707963114,
                -0.5971092816319316
            ],
            [
                -0.4517720387816777,
                -0.40043891921137065,
                -0.7972143356437311
            ]
        ],
        "translation_vector": [
            -0.018546105029227572,
            0.01718043369909908,
            0.45393331270448345
        ],
        "camera_position": [
            0.18272007388139647,
            0.18985295911539796,
            0.3704913038285982
        ]
    },
    {
        "frame": 51,
        "rotation_matrix": [
            [
                -0.5708485238861122,
                0.8127242313060992,
                -0.11666741886643972
            ],
            [
                0.6894370265747227,
                0.3973101552806042,
                -0.6056576812843276
            ],
            [
                -0.445879523150427,
                -0.4261736317028698,
                -0.7871260931237986
            ]
        ],
        "translation_vector": [
            -0.01752518222773266,
            0.018277018868914904,
            0.4530405608754808
        ],
        "camera_position": [
            0.17939643130179025,
            0.20005543618666694,
            0.36562504580179495
        ]
    },
    {
        "frame": 52,
        "rotation_matrix": [
            [
                -0.5783361377538982,
                0.8075027339829601,
                -0.11604588048676548
            ],
            [
                0.6866678942861393,
                0.4050391071051038,
                -0.6036808135696703
            ],
            [
                -0.4404707875949815,
                -0.4288154105504424,
                -0.7887349548168333
            ]
        ],
        "translation_vector": [
            -0.01726850821762255,
            0.018588624608691574,
            0.45577099459542175
        ],
        "camera_position": [
            0.17800259488731646,
            0.2018568738481403,
            0.36870017161515234
        ]
    },
    {
        "frame": 53,
        "rotation_matrix": [
            [
                -0.5754505572758013,
                0.812445620452272,
                -0.09374843966110791
            ],
            [
                0.6745018126382928,
                0.40664349360649754,
                -0.6161885862746561
            ],
            [
                -0.4624975252675706,
                -0.4178195578421679,
                -0.7819992686735379
            ]
        ],
        "translation_vector": [
            -0.018053072485852143,
            0.01881166991020248,
            0.4549433178662501
        ],
        "camera_position": [
            0.18733300257444957,
            0.19710171241810645,
            0.3656644307701161
        ]
    },
    {
        "frame": 54,
        "rotation_matrix": [
            [
                -0.5542368825160175,
