[
    {
        "frame": 1,
        "rotation_matrix": [
            [
                -0.6391417123653176,
                0.7251506461510636,
                -0.2562311688718308
            ],
            [
                0.7402587901379104,
                0.4896727456451403,
                -0.46069244165267914
            ],
            [
                -0.2086020017600185,
                -0.48412513109633654,
                -0.8497694171377717
            ]
        ],
        "translation_vector": [
            0.03683288450234192,
            0.025618527473351256,
            0.4222885062315348
        ],
        "camera_position": [
            0.09266732043978916,
            0.1651863937560758,
            0.3800878528265522
        ]
    },
    {
        "frame": 2,
        "rotation_matrix": [
            [
                -0.6434074964327607,
                0.7285951644713494,
                -0.23489546577806547
            ],
            [
                0.7491226493177251,
                0.5360739248188741,
                -0.38915293061787476
            ],
            [
                -0.15761360922623296,
                -0.42634942645470403,
                -0.8907211217594568
            ]
        ],
        "translation_vector": [
            0.03663857050129477,
            0.025056945667669854,
            0.428864010700996
        ],
        "camera_position": [
            0.07239760999055991,
            0.14271886448100662,
            0.40035545061610156
        ]
    },
    {
        "frame": 3,
        "rotation_matrix": [
            [
                -0.6365955593137578,
                0.721187083374799,
                -0.2731945911531823
            ],
            [
                0.7469824233270904,
                0.48854676493732685,
                -0.4509316109008757
            ],
            [
                -0.19173771956083932,
                -0.49113261879315456,
                -0.8497207762877089
            ]
        ],
        "translation_vector": [
            0.03673240344911947,
            0.025262805490265387,
            0.4207193198028219
        ],
        "camera_position": [
            0.08518057620765199,
            0.16779598450730765,
            0.3789208385400475
        ]
    },
    {
        "frame": 4,
        "rotation_matrix": [
            [
                -0.6404876895075926,
                0.7231295435747424,
                -0.2585714268797119
            ],
            [
                0.7375840190837585,
                0.4854600943674128,
                -0.46935946945708007
            ],
            [
                -0.21388158962724002,
                -0.4913371143992348,
                -0.844300009257585
            ]
        ],
        "translation_vector": [
            0.03635015191348164,
            0.025140951688199888,
            0.42011928447205493
        ],
        "camera_position": [
            0.09459404101848454,
            0.16792939939486212,
            0.3759059701626288
        ]
    },
    {
        "frame": 5,
        "rotation_matrix": [
            [
                -0.6353342609476782,
                0.7211674996260475,
                -0.27616628025373147
            ],
            [
                0.7466430432774533,
                0.48234737359623336,
                -0.45811044204449153
            ],
            [
                -0.19716628208558068,
                -0.4972508910680113,
                -0.8449065087573998
            ]
        ],
        "translation_vector": [
            0.03643216369724155,
            0.024807249509820977,
            0.4205031935398268
        ],
        "camera_position": [
            0.08753349280331697,
            0.1708561836379081,
            0.37671168034378655
        ]
    },
    {
        "frame": 6,
        "rotation_matrix": [
            [
                -0.6355982832140779,
                0.7194129821859533,
                -0.28010673579482215
            ],
            [
                0.7471896595515736,
                0.4819596951185715,
                -0.4576269932383987
            ],
            [
                -0.19422264295009675,
                -0.5001597878113823,
                -0.843870696032249
            ]
        ],
        "translation_vector": [
            0.0363595398404813,
            0.02454361224258582,
            0.4196549691687417
        ],
        "camera_position": [
            0.08627782506445462,
            0.17190798347233527,
            0.37555090241932076
        ]
    },
    {
        "frame": 7,
        "rotation_matrix": [
            [
                -0.6357345720212906,
                0.7252283892857357,
                -0.2643583501819532
            ],
            [
                0.7577084792378946,
                0.5209165928900302,
                -0.3930951077574493
            ],
            [
                -0.14737508075622519,
                -0.4502107135840517,
                -0.8806763871855741
            ]
        ],
        "translation_vector": [
            0.036185241711546294,
            0.02349213637875103,
            0.4233804719595657
        ],
        "camera_position": [
            0.0675997494690339,
            0.152130416193962,
            0.391661699131331
        ]
    },
    {
        "frame": 8,
        "rotation_matrix": [
            [
                -0.6363790991620579,
                0.721329376248988,
                -0.27332320265563537
            ],
            [
                0.745664696141579,
                0.48453381694890785,
                -0.45739604410292994
            ],
            [
                -0.19749886854808626,
                -0.4948847453631691,
                -0.8462170441021954
            ]
        ],
        "translation_vector": [
            0.036136659517652506,
            0.024372561715619454,
            0.41924834797116506
        ],
        "camera_position": [
            0.0876239303696599,
            0.1696038475031571,
            0.37579999859090785
        ]
    },
    {
        "frame": 9,
        "rotation_matrix": [
            [
                -0.6378921594379907,
                0.7255285012804518,
                -0.2582672777517095
            ],
            [
                0.7425041508422978,
                0.49038901038167493,
                -0.45629618065335625
            ],
            [
                -0.20440444933879384,
                -0.48283228177766185,
                -0.8515232285521523
            ]
        ],
        "translation_vector": [
            0.03636475248891078,
            0.024450767303870528,
            0.4208567436060407
        ],
        "camera_position": [
            0.09106698520548703,
            0.1648291698628893,
            0.37891791043958695
        ]
    },
    {
        "frame": 10,
        "rotation_matrix": [
            [
                -0.6405173830072977,
                0.7239128852122897,
                -0.2562959552726131
            ],
            [
                0.7392612972528015,
                0.4908811962840167,
                -0.4610080102545702
            ],
            [
                -0.2079187736823876,
                -0.48475332464913673,
                -0.8495787178313854
            ]
        ],
        "translation_vector": [
            0.03671857129699556,
            0.02461841287739794,
            0.4199583914325148
        ],
        "camera_position": [
            0.09263667709914478,
            0.16491046360886294,
            0.3775478185788107
        ]
    },
    {
        "frame": 11,
        "rotation_matrix": [
            [
                -0.6387218050656878,
                0.7281514030577534,
                -0.24865636923001733
            ],
            [
                0.7558637979304721,
                0.5333517338687092,
                -0.37974444954121966
            ],
            [
                -0.14389014807050565,
                -0.43050140790044644,
                -0.8910466671751718
            ]
        ],
        "translation_vector": [
            0.03675825842911236,
            0.023186245986433728,
            0.4226016225322931
        ],
        "camera_position": [
            0.06676086726486531,
            0.14279859153327673,
            0.3945027905994671
        ]
    },
    {
        "frame": 12,
        "rotation_matrix": [
            [
                -0.6196484020586035,
                0.7783339839699981,
                -0.10115368121630419
            ],
            [
                0.6766659049167412,
                0.4644591211602377,
                -0.5713151301114532
            ],
            [
                -0.3976922314421377,
                -0.4224617546813551,
                -0.8144734218389962
            ]
        ],
        "translation_vector": [
            0.03304099477016583,
            0.02395466033100174,
            0.39942101037446476
        ],
        "camera_position": [
            0.1631111306026036,
            0.131897211320572,
            0.3423456752099123
        ]
    },
    {
        "frame": 13,
        "rotation_matrix": [
            [
                -0.6388692005203344,
                0.7262083752920466,
                -0.2539045889348882
            ],
            [
                0.7569078903521712,
                0.5343097596605266,
                -0.3763024398726852
            ],
            [
                -0.13761028358787092,
                -0.4325904256767551,
                -0.8910268982829135
            ]
        ],
        "translation_vector": [
            0.03698182795150296,
            0.023238143250853063,
            0.4215895795292675
        ],
        "camera_position": [
            0.06405247847016628,
            0.1431027357421389,
            0.393782081223855
        ]
    },
    {
        "frame": 14,
        "rotation_matrix": [
            [
                -0.6405213663045579,
                0.7262020930075028,
                -0.24972564830001848
            ],
            [
                0.7395234975056404,
                0.4956513447079858,
                -0.4554500424044225
            ],
            [
                -0.20697192066646986,
                -0.47640346829204266,
                -0.8545187882398755
            ]
        ],
        "translation_vector": [
            0.03697609049763757,
            0.024467665242335644,
            0.41764553417985106
        ],
        "camera_position": [
            0.09203046099731611,
            0.15998823551011615,
            0.3772636331244435
        ]
    },
    {
        "frame": 15,
        "rotation_matrix": [
            [
                -0.6526410509946672,
                0.7198990159577598,
                -0.23623095770797073
            ],
            [
                0.7142038720752437,
                0.48045364779823385,
                -0.5089961899956617
            ],
            [
                -0.252927830950461,
                -0.5009088730901259,
                -0.8277184383534507
            ]
        ],
        "translation_vector": [
            0.036565028070348886,
            0.02401010991448738,
            0.41532597382826725
        ],
        "camera_position": [
            0.11176322257737448,
            0.17018159289661244,
            0.364631812532288
        ]
    },
    {
        "frame": 16,
        "rotation_matrix": [
            [
                -0.6356029127643656,
                0.7244649645837621,
                -0.2667572911395343
            ],
            [
                0.7595908450572569,
                0.5251107701435493,
                -0.38377132147211
            ],
            [
                -0.13795175022686784,
                -0.4465525659649665,
                -0.8840588896897356
            ]
        ],
        "translation_vector": [
            0.036029405264949424,
            0.022544559790779767,
            0.4202847312199037
        ],
        "camera_position": [
            0.0637547679740618,
            0.149738792198615,
            0.3898195148885779
        ]
    },
    {
        "frame": 17,
        "rotation_matrix": [
            [
                -0.6393147081266575,
                0.7227327810306949,
                -0.2625529112323158
            ],
            [
                0.7441438133268234,
                0.49549247566228394,
                -0.4480370427202136
            ],
            [
                -0.19371806591110824,
                -0.4818137957610785,
                -0.8545927551494694
            ]
        ],
        "translation_vector": [
            0.03616952876678378,
            0.024170954728303898,
            0.42008299734504667
        ],
        "camera_position": [
            0.08651471107116869,
            0.16428435317387236,
            0.3793257842443642
        ]
    },
    {
        "frame": 18,
        "rotation_matrix": [
            [
                -0.6357544363557094,
                0.7203011294888462,
                -0.2774573471925491
            ],
            [
                0.7465667636217728,
                0.4824809179056103,
                -0.45809412931434973
            ],
            [
                -0.19609784320421897,
                -0.49837580871672776,
                -0.8444922670910617
            ]
        ],
        "translation_vector": [
            0.03584564709664808,
            0.02381416926927287,
            0.4164170077235192
        ],
        "camera_position": [
            0.08666863897416976,
            0.17022262064843618,
            0.37251571219629925
        ]
    },
    {
        "frame": 19,
        "rotation_matrix": [
            [
                -0.6357544363557094,
                0.7203011294888462,
                -0.2774573471925491
            ],
            [
                0.7465667636217728,
                0.4824809179056103,
                -0.45809412931434973
            ],
            [
                -0.19609784320421897,
                -0.49837580871672776,
                -0.8444922670910617
            ]
        ],
        "translation_vector": [
            0.03584564709664808,
            0.02381416926927287,
            0.4164170077235192
        ],
        "camera_position": [
            0.08666863897416976,
            0.17022262064843618,
            0.37251571219629925
        ]
    },
    {
        "frame": 20,
        "rotation_matrix": [
            [
                -0.6380441480401123,
                0.7214628475288692,
                -0.2690558023669119
            ],
            [
                0.7417456996233011,
                0.48210200118748026,
                -0.4662520536591419
            ],
            [
                -0.20667119354691624,
                -0.4970603787132537,
                -0.8427443252086186
            ]
        ],
        "translation_vector": [
            0.03579741940181843,
            0.024073676695069934,
            0.41779396276198727
        ],
        "camera_position": [
            0.0913297647422938,
            0.1702363495081297,
            0.37294939582210945
        ]
    },
    {
        "frame": 21,
        "rotation_matrix": [
            [
                -0.6344343967936305,
                0.7202636962042385,
                -0.28055873555337896
            ],
            [
                0.7478715894278046,
                0.48021705707644224,
                -0.45834448160697905
            ],
            [
                -0.19539980013252684,
                -0.5006114121981736,
                -0.8433309742237142
            ]
        ],
        "translation_vector": [
            0.035861583400160824,
            0.0238345926027845,
            0.4177994046346304
        ],
        "camera_position": [
            0.08656452754043235,
            0.17187957544183696,
            0.3733289134251386
        ]
    },
    {
        "frame": 22,
        "rotation_matrix": [
            [
                -0.6332488161635146,
                0.7226980001458264,
                -0.276954034837426
            ],
            [
                0.7482498494515627,
                0.48023363892200266,
                -0.4577093126029276
            ],
            [
                -0.1977829609021485,
                -0.49707469522492675,
                -0.8448660531373156
            ]
        ],
        "translation_vector": [
            0.03573626967841566,
            0.02382767740755952,
            0.41807106880839506
        ],
        "camera_position": [
            0.08748822829142024,
            0.17054316625253754,
            0.3740175077596618
        ]
    },
    {
        "frame": 23,
        "rotation_matrix": [
            [
                -0.6356219921893846,
                0.7264678993427198,
                -0.2612069567790523
            ],
            [
                0.743563500808273,
                0.4851138120665237,
                -0.46019333937816903
            ],
            [
                -0.20760058600818812,
                -0.4867329663859448,
                -0.8485240221244155
            ]
        ],
        "translation_vector": [
            0.036112986375031055,
            0.024287283316220626,
            0.41882793690350356
        ],
        "camera_position": [
            0.09184399607364174,
            0.1658403421892151,
            0.37599537488437224
        ]
    },
    {
        "frame": 24,
        "rotation_matrix": [
            [
                -0.5392908236391126,
                0.8313205411828634,
                0.1344305223752353
            ],
            [
                0.7040818209827283,
                0.5326852171015037,
                -0.46959051187515416
            ],
            [
                -0.46198939046291165,
                -0.15859576693264937,
                -0.872589929927427
            ]
        ],
        "translation_vector": [
            0.024860522054726664,
            0.01975984069398339,
            0.3882182832004141
        ],
        "camera_position": [
            0.17884723481916076,
            0.0303769386828566,
            0.34469238527411655
        ]
    },
    {
        "frame": 25,
        "rotation_matrix": [
            [
                -0.6422209525660234,
                0.7260503822119523,
                -0.24577040215426146
            ],
            [
                0.7516900926181173,
                0.533781304905885,
                -0.387349355482537
            ],
            [
                -0.15004750162850353,
                -0.43350704841195886,
                -0.8885704171489144
            ]
        ],
        "translation_vector": [
            0.036316032086246036,
            0.024500774997904644,
            0.42740455960220786
        ],
        "camera_position": [
            0.06903691324539873,
            0.14583756448473878,
            0.39819481303182663
        ]
    },
    {
        "frame": 26,
        "rotation_matrix": [
            [
                -0.6436573214263379,
                0.7188815856048281,
                -0.2625157489610106
            ],
            [
                0.7367985887772543,
                0.48931762826000813,
                -0.4665791446794923
            ],
            [
                -0.20696157167483645,
                -0.4937383158640703,
                -0.8446238117041178
            ]
        ],
        "translation_vector": [
            0.03601423351559254,
            0.025191730704853282,
            0.41945125226220453
        ],
        "camera_position": [
            0.09142988385484056,
            0.16888242766472084,
            0.37548675515963775
        ]
    },
    {
        "frame": 27,
        "rotation_matrix": [
            [
                -0.6412321966791917,
                0.721916713388193,
                -0.2601106089200669
            ],
            [
                0.7388637061785681,
                0.48937772942807345,
                -0.4632384500793233
            ],
            [
                -0.2071272402028496,
                -0.4892296974536733,
                -0.8472028148532902
            ]
        ],
        "translation_vector": [
            0.035872679456595453,
            0.025391911444990103,
            0.42187125735310455
        ],
        "camera_position": [
            0.09162258450797249,
            0.16806862477673856,
            0.37850389093462505
        ]
    },
    {
        "frame": 28,
        "rotation_matrix": [
            [
                -0.6413710615727616,
                0.7196390119593603,
                -0.2660128828519112
            ],
            [
                0.7383184316397127,
                0.48463167761589787,
                -0.46906079622184943
            ],
            [
                -0.2086361782579995,
                -0.49724423527815403,
                -0.842151480200884
            ]
        ],
        "translation_vector": [
            0.0354450556639864,
            0.025570290357131324,
            0.42223429955688385
        ],
        "camera_position": [
            0.09194776689465889,
            0.17205375384159186,
            0.37700810255797657
        ]
    },
    {
        "frame": 29,
        "rotation_matrix": [
            [
                -0.6368777832665069,
                0.7249322013654028,
                -0.2624118758841745
            ],
            [
                0.7571032939543191,
                0.5238316654171563,
                -0.39037800730805555
            ],
            [
                -0.1455379382328208,
                -0.44729597553499106,
                -0.8824653074229832
            ]
        ],
        "translation_vector": [
            0.03485127690789595,
            0.024674389885473432,
            0.42802074994367956
        ],
        "camera_position": [
            0.06580819959017178,
            0.1532619192591806,
            0.396491190787858
        ]
    },
    {
        "frame": 30,
        "rotation_matrix": [
            [
                -0.6361260677082194,
                0.7202039078449891,
                -0.2768572865338466
            ],
            [
                0.7455716171612818,
                0.4813615264938672,
                -0.46088398159949734
            ],
            [
                -0.19866199854423366,
                -0.49959724972852,
                -0.8431702072524324
            ]
        ],
        "translation_vector": [
            0.03457566733121358,
            0.02609580175112933,
            0.42496281452911
        ],
        "camera_position": [
            0.08696215622641823,
            0.1748472076813412,
            0.37991564685259505
        ]
    },
    {
        "frame": 31,
        "rotation_matrix": [
            [
                -0.6360423955058437,
                0.7262927099669607,
                -0.26067023337549766
            ],
            [
                0.7435861127274601,
                0.4865973770223101,
                -0.45858770767855733
            ],
            [
                -0.20622745713908525,
                -0.48551198968084935,
                -0.8495577342347544
            ]
        ],
        "translation_vector": [
            0.034447285352445234,
            0.027005385937798748,
            0.43001463368551757
        ],
        "camera_position": [
            0.09050992837960957,
            0.17061769820009653,
            0.38668597782582037
        ]
    },
    {
        "frame": 32,
        "rotation_matrix": [
            [
                -0.6385473026339147,
                0.7260133103633565,
                -0.2552685164178941
            ],
            [
                0.755593788910944,
                0.5284906963410075,
                -0.387008540009392
            ],
            [
                -0.14606631527547936,
                -0.4400025648291588,
                -0.886037456592895
            ]
        ],
        "translation_vector": [
            0.034043571211868656,
            0.02649326736122611,
            0.43564518665405216
        ],
        "camera_position": [
            0.06535336948532067,
            0.15296746833505825,
            0.4049413257982606
        ]
    },
    {
        "frame": 33,
        "rotation_matrix": [
            [
                -0.6535415892854801,
                0.721973818458113,
                -0.22723819339015253
            ],
            [
                0.7118587778545402,
                0.48429182930499226,
                -0.5086437893652735
            ],
            [
                -0.25717789847817213,
                -0.49418137311055754,
                -0.8304482518525251
            ]
        ],
        "translation_vector": [
            0.03241533102155281,
            0.027592122885123645,
            0.43188163780758904
        ],
        "camera_position": [
            0.11261348408029097,
            0.17666220081233197,
            0.38005591432492075
        ]
    },
    {
        "frame": 34,
        "rotation_matrix": [
            [
                -0.6503120135708778,
                0.7290944254564024,
                -0.21334386275163633
            ],
            [
                0.7141103352440915,
                0.49091945898255696,
                -0.4990435991873301
            ],
            [
                -0.25911525254789947,
                -0.47688510519901117,
                -0.8399046864593424
            ]
        ],
        "translation_vector": [
            0.03020634219560983,
            0.027661719021891115,
            0.43436428754825146
        ],
        "camera_position": [
            0.11244043983754107,
            0.1715389071171395,
            0.3850733422863521
        ]
    },
    {
        "frame": 35,
        "rotation_matrix": [
            [
                -0.529925489398805,
                0.8455968347175727,
                0.06438143211407377
            ],
            [
                0.5415791644906137,
                0.39586524883074303,
                -0.7416081939662093
            ],
            [
                -0.6525879130623596,
                -0.35812944291665805,
                -0.6677367129648618
            ]
        ],
        "translation_vector": [
            0.015786233222417477,
            0.026986137645437752,
            0.3292402888963615
        ],
        "camera_position": [
            0.20860863051423328,
            0.09387897830919198,
            0.23884262878206852
        ]
    },
    {
        "frame": 36,
        "rotation_matrix": [
            [
                -0.5365754285108273,
                0.843837656605915,
                0.004981848277497147
            ],
            [
                0.6409045415528908,
                0.4113615003027985,
                -0.6480918798175994
            ],
            [
                -0.5489336737123176,
                -0.34455728894114057,
                -0.7615458597499104
            ]
        ],
        "translation_vector": [
            0.014372698483082823,
            0.02926202865647288,
            0.339341166933313
        ],
        "camera_position": [
            0.1752336631929611,
            0.09275697628756718,
            0.27731674127683675
        ]
    },
    {
        "frame": 37,
        "rotation_matrix": [
            [
                -0.5843506443973594,
                0.8110250725148622,
                -0.027796693052473398
            ],
            [
                0.6004318033160703,
                0.40906600879793964,
                -0.6871292818769524
            ],
            [
                -0.5459083933765838,
                -0.41821445718481176,
                -0.7260032326667771
            ]
        ],
        "translation_vector": [
            0.010453360782865951,
            0.028141773668451123,
            0.33711328372020954
        ],
        "camera_position": [
            0.17324418329892904,
            0.12099586823884075,
            0.2643729393483792
        ]
    },
    {
        "frame": 38,
        "rotation_matrix": [
            [
                -0.5839199950752895,
                0.8106449488387147,
                -0.043499497394236114
            ],
            [
                0.6115124267362874,
                0.4039747148660343,
                -0.6803359329742937
            ],
            [
                -0.5339381905224334,
                -0.4238622378452502,
                -0.7316083734009924
            ]
        ],
        "translation_vector": [
            0.008795613633703356,
            0.0280115671735161,
            0.3430310540153124
        ],
        "camera_position": [
            0.1711638935246519,
            0.1269518255793747,
            0.2704042719135768
        ]
    },
    {
        "frame": 39,
        "rotation_matrix": [
            [
                -0.6020302568245199,
                0.7486994415219852,
                -0.27750444344635267
            ],
            [
                0.7709925852301076,
                0.45467988357146005,
                -0.4459110191457916
            ],
            [
                -0.20767764296620295,
                -0.48240579364277,
                -0.8509727650588422
            ]
        ],
        "translation_vector": [
            0.019272641075305682,
            0.028401213240966675,
            0.4466596576594413
        ],
        "camera_position": [
            0.0824668131467325,
            0.18812833070198476,
            0.3981078613952911
        ]
    },
    {
        "frame": 40,
        "rotation_matrix": [
            [
                -0.5277056850261679,
                0.8494271438996505,
                -0.0004870293062186337
            ],
            [
                0.6626190775669102,
                0.41129249978953963,
                -0.6259188746644788
            ],
            [
                -0.5314721705183063,
                -0.3306236634352614,
                -0.7798880208986463
            ]
        ],
        "translation_vector": [
            0.00784313925372927,
            0.029782634710629106,
            0.35441975237087575
        ],
        "camera_position": [
            0.1727685623002855,
            0.09826800726672126,
            0.2950530522852001
        ]
    },
    {
        "frame": 41,
        "rotation_matrix": [
            [
                -0.6974106092393311,
                0.7143810178541128,
                -0.05725559754422885
            ],
            [
                0.545363248187317,
                0.477177249755812,
                -0.6891159552949403
            ],
            [
                -0.4649702889938281,
                -0.5118218768724144,
                -0.72238562880763
            ]
        ],
        "translation_vector": [
            0.01854225425638261,
            0.03551835801254111,
            0.39498140533641035
        ],
        "camera_position": [
            0.177215775928074,
            0.1719653373477344,
            0.31086680592085036
        ]
    },
    {
        "frame": 42,
        "rotation_matrix": [
            [
                -0.49891452906969136,
                0.8657929323281884,
                -0.03856022579971485
            ],
            [
                0.550199076335928,
                0.2820485070624824,
                -0.785957769897923
            ],
            [
                -0.6696008281672445,
                -0.4133415512555951,
                -0.6170765697410319
            ]
        ],
        "translation_vector": [
            0.007715159156245305,
            0.028942880409905853,
            0.3280951059254912
        ],
        "camera_position": [
            0.20761761357443315,
            0.1207723135636451,
            0.22550518253386004
        ]
    },
    {
        "frame": 43,
        "rotation_matrix": [
            [
                -0.5222967463217401,
                0.8438583403125534,
                0.12291952760512495
            ],
            [
                0.5901292167935538,
                0.461718446226966,
                -0.6622413335789177
            ],
            [
                -0.6155920859370683,
                -0.27334808925379284,
                -0.7391395036344287
            ]
        ],
        "translation_vector": [
            0.0005387602862977717,
            0.02645149752621451,
            0.3658457167633781
        ],
        "camera_position": [
            0.2098833191399289,
            0.08733544593975194,
            0.2878620723323007
        ]
    },
    {
        "frame": 44,
        "rotation_matrix": [
            [
                -0.6168770735713104,
                0.7624896408319078,
                -0.19512104890586227
            ],
            [
                0.7086741185501307,
                0.43024789561378474,
                -0.5591670072680472
            ],
            [
                -0.3424086298551645,
                -0.48321454442507955,
                -0.8057667368766048
            ]
        ],
        "translation_vector": [
            0.002189089030581713,
            0.02595435874867079,
            0.4377130289594934
        ],
        "camera_position": [
            0.13283393504199825,
            0.19867333593528508,
            0.36763455748791674
        ]
    },
    {
        "frame": 45,
        "rotation_matrix": [
            [
                -0.4849892584822246,
                0.8670482370099452,
                0.11407354581500506
            ],
            [
                0.5954602889881836,
                0.4229396674621769,
                -0.6830439824236012
            ],
            [
                -0.6404783082938649,
                -0.2633427279894584,
                -0.7214139894818365
            ]
        ],
        "translation_vector": [
            -0.008876722259466787,
            0.02241579748627601,
            0.36313427622648053
        ],
        "camera_position": [
            0.2149267947256033,
            0.09384478737871145,
            0.2782937216977238
        ]
    },
    {
        "frame": 46,
        "rotation_matrix": [
            [
                -0.5054753075781213,
                0.8626633489471057,
                0.017511705004580047
            ],
            [
                0.6861681728754424,
                0.4141977365486489,
                -0.5980079209933196
            ],
            [
                -0.5231328243969982,
                -0.29026226317132464,
                -0.8012988622337363
            ]
        ],
        "translation_vector": [
            -0.009941243960737907,
            0.01981914918109884,
            0.4230070547122273
        ],
        "camera_position": [
            0.20266455254115948,
            0.12314988511494665,
            0.35098116798701595
        ]
    },
    {
        "frame": 47,
        "rotation_matrix": [
            [
                -0.4868900290917783,
                0.8724573299586404,
                -0.04190831626833963
            ],
            [
                0.6633592946269269,
                0.33813369698152307,
                -0.6675477879505507
            ],
            [
                -0.5682363467810496,
                -0.3528226330141637,
                -0.7433866045537001
            ]
        ],
        "translation_vector": [
            -0.008224493743350785,
            0.01996999093021364,
            0.4069568376741277
        ],
        "camera_position": [
            0.2139959636423771,
            0.1440065759809681,
            0.3155125103443944
        ]
    },
    {
        "frame": 48,
        "rotation_matrix": [
            [
                -0.5016827199702667,
                0.8647341312112351,
                0.023437807098472152
            ],
            [
                0.692512385187666,
                0.4177086816778841,
                -0.5881717892016016
            ],
            [
                -0.5184023966427282,
                -0.27884465131910646,
                -0.8083963233376321
            ]
        ],
        "translation_vector": [
            -0.008937100560289674,
            0.019661813486972303,
            0.426665807858154
        ],
        "camera_position": [
            0.2030849390864607,
            0.11848878411950171,
            0.3566890604229447
        ]
    },
    {
        "frame": 49,
        "rotation_matrix": [
            [
                -0.5743092975170541,
                0.7871247403774081,
                -0.22495215907224783
            ],
            [
                0.7646546923277765,
                0.4176535286605956,
                -0.4907837930275073
            ],
            [
                -0.29235600265187234,
                -0.4538724193902417,
                -0.8417409308274529
            ]
        ],
        "translation_vector": [
            -0.006308101580184246,
            0.019827367116279915,
            0.4677867993461516
        ],
        "camera_position": [
            0.11797638806100365,
            0.20899981935646883,
            0.4020672252793918
        ]
    },
    {
        "frame": 50,
        "rotation_matrix": [
            [
                -0.5556898330492321,
                0.828675579863038,
                -0.06712371253420149
            ],
            [
                0.6088267204424521,
                0.3506229647690233,
                -0.7116133508105845
            ],
            [
                -0.5661614910261953,
                -0.4363030138736582,
                -0.6993574523544863
            ]
        ],
        "translation_vector": [
            -0.012330565337474153,
            0.019577628959589363,
            0.3931502983300571
        ],
        "camera_position": [
            0.203815205672649,
            0.1748863321388431,
            0.28805661985427794
        ]
    },
    {
        "frame": 51,
        "rotation_matrix": [
            [
                -0.5593895971108345,
                0.7964348161313654,
                -0.22972780044647734
            ],
            [
                0.7617754318579743,
                0.38469139035804567,
                -0.5212587894721683
            ],
            [
                -0.3267743411924734,
                -0.4665877386282153,
                -0.8218968378695913
            ]
        ],
        "translation_vector": [
            -0.01014028870404087,
            0.01943912241446234,
            0.47296986947201597
        ],
        "camera_position": [
            0.13407379961565014,
            0.22127995777679207,
            0.39653574732493563
        ]
    },
    {
        "frame": 52,
        "rotation_matrix": [
            [
                -0.48030715973856253,
                0.876489887086265,
                -0.03271865124637008
            ],
            [
                0.6712085634830058,
                0.3432904174061686,
                -0.6569861137224886
            ],
            [
                -0.5646096851905348,
                -0.3375161731719023,
                -0.7531923633683759
            ]
        ],
        "translation_vector": [
            -0.013489982737367187,
            0.02124095616779384,
            0.4120534526565271
        ],
        "camera_position": [
            0.21191292321617725,
            0.14360672122022322,
            0.32386915304439395
        ]
    },
    {
        "frame": 53,
        "rotation_matrix": [
            [
                -0.47312536197307936,
                0.8809531174869489,
                -0.008602130426164312
