[
    {
        "frame": 1,
        "rotation_matrix": [
            [
                -0.6429628133812435,
                0.7263969774943241,
                -0.2427884916876967
            ],
            [
                0.731937789409368,
                0.4894172304813912,
                -0.4740652349017508
            ],
            [
                -0.2255346825732217,
                -0.48251238905859717,
                -0.8463544773684138
            ]
        ],
        "translation_vector": [
            0.03659004489882911,
            0.02539802223996388,
            0.42251354252634715
        ],
        "camera_position": [
            0.10022772365277517,
            0.16485889108871998,
            0.3785201896569638
        ]
    },
    {
        "frame": 2,
        "rotation_matrix": [
            [
                -0.6468368904031199,
                0.7252763896364458,
                -0.23574604100502894
            ],
            [
                0.7420304253830678,
                0.5271821676980176,
                -0.4140891327565152
            ],
            [
                -0.17604796227007535,
                -0.44277886207128475,
                -0.8791780219519891
            ]
        ],
        "translation_vector": [
            0.036559044107510395,
            0.024601440287524666,
            0.42559739194503304
        ],
        "camera_position": [
            0.0803182748044061,
            0.148960676767803,
            0.3929817121826557
        ]
    },
    {
        "frame": 3,
        "rotation_matrix": [
            [
                -0.6460533734823886,
                0.7244488753209716,
                -0.24039314810993456
            ],
            [
                0.736765296075116,
                0.5095590783116812,
                -0.4444394719300898
            ],
            [
                -0.19947916460465837,
                -0.46424494909081093,
                -0.8629511516489783
            ]
        ],
        "translation_vector": [
            0.03640989606597546,
            0.0250841090048599,
            0.4243760580661642
        ],
        "camera_position": [
            0.08969581672507693,
            0.15785549775194987,
            0.38611686573806214
        ]
    },
    {
        "frame": 4,
        "rotation_matrix": [
            [
                -0.6443942088039285,
                0.7243003224173432,
                -0.24524507458069697
            ],
            [
                0.7292278825513634,
                0.48551119315531144,
                -0.4821883207114838
            ],
            [
                -0.23017992738206752,
                -0.48955890786200446,
                -0.8410405916264372
            ]
        ],
        "translation_vector": [
            0.03605176717505598,
            0.024943097305537867,
            0.42011512441139254
        ],
        "camera_position": [
            0.10174441678148624,
            0.1674486419607427,
            0.3742026613188848
        ]
    },
    {
        "frame": 5,
        "rotation_matrix": [
            [
                -0.6443221177728589,
                0.7249260133066628,
                -0.24358013831182218
            ],
            [
                0.7376708246179569,
                0.5051231047273683,
                -0.4479870573778311
            ],
            [
                -0.2017195158039049,
                -0.4683299310335533,
                -0.860218758596873
            ]
        ],
        "translation_vector": [
            0.036115721556513394,
            0.02461143438345011,
            0.4245241169185864
        ],
        "camera_position": [
            0.09074982041341478,
            0.1602043202053427,
            0.38500628536939635
        ]
    },
    {
        "frame": 6,
        "rotation_matrix": [
            [
                -0.6447240570994304,
                0.7230706835598816,
                -0.24799128366435802
            ],
            [
                0.7378345098314177,
                0.5038394241057604,
                -0.4491615197438524
            ],
            [
                -0.19982774156528416,
                -0.4725617645271581,
                -0.8583439010139798
            ]
        ],
        "translation_vector": [
            0.03603072378726713,
            0.024370490074707103,
            0.4236275150956678
        ],
        "camera_position": [
            0.0899010154282135,
            0.161858592273432,
            0.38349968568629234
        ]
    },
    {
        "frame": 7,
        "rotation_matrix": [
            [
                -0.6425423543372353,
                0.7254209652049973,
                -0.24678684349821564
            ],
            [
                0.7310394625723277,
                0.48384230793650274,
                -0.48112152852750295
            ],
            [
                -0.22960972767878365,
                -0.4895518811032477,
                -0.8412005282116426
            ]
        ],
        "translation_vector": [
            0.03595836970663535,
            0.02453622094920408,
            0.41994952817953923
        ],
        "camera_position": [
            0.10159232655730585,
            0.16763046445682633,
            0.3739407216114705
        ]
    },
    {
        "frame": 8,
        "rotation_matrix": [
            [
                -0.6453157274284073,
                0.7246686487671036,
                -0.24170842233485776
            ],
            [
                0.7367952582624225,
                0.5068683213094224,
                -0.4474564249789898
            ],
            [
                -0.20174330059646514,
                -0.4668402878362456,
                -0.8610225236992444
            ]
        ],
        "translation_vector": [
            0.035831490934210466,
            0.02412831772046327,
            0.4232661605158835
        ],
        "camera_position": [
            0.09073610680403543,
            0.15940185818898095,
            0.38389884165544497
        ]
    },
    {
        "frame": 9,
        "rotation_matrix": [
            [
                -0.6439225752950896,
                0.7286415003235759,
                -0.23333512601309728
            ],
            [
                0.7372995028491612,
                0.5095188716352452,
                -0.4435988757266253
            ],
            [
                -0.20433590023223866,
                -0.457681202862598,
                -0.8653177199286548
            ]
        ],
        "translation_vector": [
            0.03603913089332836,
            0.023972256550561725,
            0.42397165963094546
        ],
        "camera_position": [
            0.09216430788297263,
            0.15556993564687777,
            0.38591345102907415
        ]
    },
    {
        "frame": 10,
        "rotation_matrix": [
            [
                -0.6033681731391505,
                0.6921798111254982,
                -0.3960226719684035
            ],
            [
                0.7833510445864114,
                0.42143265558114174,
                -0.45689786359229706
            ],
            [
                -0.14935859060697626,
                -0.5859024030332156,
                -0.7964988295859581
            ]
        ],
        "translation_vector": [
            0.036895020248354365,
            0.020050510398619218,
            0.4005571313852712
        ],
        "camera_position": [
            0.06638134130121,
            0.20069945784069712,
            0.3428155861968233
        ]
    },
    {
        "frame": 11,
        "rotation_matrix": [
            [
                -0.6027029304007264,
                0.6934697826827687,
                -0.3947769473921835
            ],
            [
                0.7847562137121566,
                0.4254613574533188,
                -0.45071090330070757
            ],
            [
                -0.14459205623594018,
                -0.5814484446792281,
                -0.8006315278913075
            ]
        ],
        "translation_vector": [
            0.037036457701278225,
            0.01998796269721813,
            0.4011725255260787
        ],
        "camera_position": [
            0.06464266403331513,
            0.19907337099984668,
            0.3448213044958933
        ]
    },
    {
        "frame": 13,
        "rotation_matrix": [
            [
                -0.6496283250562864,
                0.6732139072226787,
                -0.3532224149265426
            ],
            [
                0.7434134073706465,
                0.4652703699604209,
                -0.4804789158521512
            ],
            [
                -0.15912116460775771,
                -0.5747229923701227,
                -0.8027290557934246
            ]
        ],
        "translation_vector": [
            0.03890865382692406,
            0.024916728979095585,
            0.4213260637573746
        ],
        "camera_position": [
            0.073794627169575,
            0.20435891354825791,
            0.36392604493386216
        ]
    },
    {
        "frame": 14,
        "rotation_matrix": [
            [
                -0.6453334930922061,
                0.733685310199793,
                -0.21272176261596998
            ],
            [
                0.7431132059677229,
                0.5384202225019412,
                -0.3973492508075641
            ],
            [
                -0.17699560957770732,
                -0.41449913099787483,
                -0.8926718459726521
            ]
        ],
        "translation_vector": [
            0.036738627584649665,
            0.023282797179684536,
            0.42560647149661235
        ],
        "camera_position": [
            0.08173738967728404,
            0.13692299236870592,
            0.3969934222007384
        ]
    },
    {
        "frame": 15,
        "rotation_matrix": [
            [
                -0.6509622762554357,
                0.7249690328951842,
                -0.22509557133662741
            ],
            [
                0.7368145232515299,
                0.5320878008153573,
                -0.41711740619290416
            ],
            [
                -0.18262659504563497,
                -0.4373813822815239,
                -0.8805367983313025
            ]
        ],
        "translation_vector": [
            0.036649195268513665,
            0.02348274838502499,
            0.42211545032604336
        ],
        "camera_position": [
            0.08364432092817395,
            0.14556102355050332,
            0.3897328218009061
        ]
    },
    {
        "frame": 16,
        "rotation_matrix": [
            [
                -0.6043544464131607,
                0.6923272853860596,
                -0.3942570646299338
            ],
            [
                0.7826453659463943,
                0.4233053660075443,
                -0.4563757205109111
            ],
            [
                -0.1490702326531919,
                -0.5843761605500247,
                -0.7976732217628564
            ]
        ],
        "translation_vector": [
            0.03635330929996329,
            0.019644175974144536,
            0.3993724219583656
        ],
        "camera_position": [
            0.06613040067986828,
            0.19989984953049883,
            0.34186636048499536
        ]
    },
    {
        "frame": 17,
        "rotation_matrix": [
            [
                -0.6521984416318128,
                0.7094709217134173,
                -0.2669985093144695
            ],
            [
                0.7245127850701872,
                0.47979700255613134,
                -0.49484953330077225
            ],
            [
                -0.22297627004431544,
                -0.5161839280540081,
                -0.8269436107836247
            ]
        ],
        "translation_vector": [
            0.035084538854411554,
            0.0236889358146469,
            0.4116053721521652
        ],
        "camera_position": [
            0.09749737531649143,
            0.17620673728909475,
            0.3614644110718325
        ]
    },
    {
        "frame": 18,
        "rotation_matrix": [
            [
                -0.6450054830680441,
                0.7217941235093515,
                -0.2509604950575414
            ],
            [
                0.7394772760203663,
                0.5067172304916647,
                -0.44318281394065445
            ],
            [
                -0.19272074372432826,
                -0.47143492826712025,
                -0.8605857443323803
            ]
        ],
        "translation_vector": [
            0.03566814293090615,
            0.02356033823832613,
            0.42072395881190744
        ],
        "camera_position": [
            0.08666604726356773,
            0.1606604840371593,
            0.3814618730581894
        ]
    },
    {
        "frame": 19,
        "rotation_matrix": [
            [
                -0.644547048019681,
                0.7221441552111879,
                -0.251131284358271
            ],
            [
                0.7400554486686622,
                0.5067707099899583,
                -0.4421553803722155
            ],
            [
                -0.19203394435604393,
                -0.47084102050542836,
                -0.8610642819351333
            ]
        ],
        "translation_vector": [
            0.03571952799907839,
            0.02355069077123909,
            0.42088780326482056
        ],
        "camera_position": [
            0.08641884429559016,
            0.16044179415316445,
            0.38179480967254376
        ]
    },
    {
        "frame": 20,
        "rotation_matrix": [
            [
                -0.6441571369221349,
                0.7236124167669891,
                -0.24788435459486968
            ],
            [
                0.7388074569126653,
                0.5046967574986876,
                -0.4465923472032977
            ],
            [
                -0.19805333767073496,
                -0.47081445737248523,
                -0.8597142677462868
            ]
        ],
        "translation_vector": [
            0.03556800077253013,
            0.02354285522102074,
            0.42170400744113196
        ],
        "camera_position": [
            0.08903763073221253,
            0.16092489374430816,
            0.38187576185167893
        ]
    },
    {
        "frame": 21,
        "rotation_matrix": [
            [
                -0.6443367911974782,
                0.7240024174796036,
                -0.24627342323731788
            ],
            [
                0.7385721030988635,
                0.5056125463880055,
                -0.445945289760032
            ],
            [
                -0.19834653521919415,
                -0.46922963719135113,
                -0.8605127538554056
            ]
        ],
        "translation_vector": [
            0.035563945259466406,
            0.023627284692583416,
            0.4219985131010217
        ],
        "camera_position": [
            0.0891666479661298,
            0.16031957527706464,
            0.3824300334927969
        ]
    },
    {
        "frame": 22,
        "rotation_matrix": [
            [
                -0.6436099473692611,
                0.7261860976114533,
                -0.24170226991732158
            ],
            [
                0.738069989491488,
                0.5053335262439989,
                -0.44709139766477346
            ],
            [
                -0.2025312969873334,
                -0.46614566273822067,
                -0.8612138496627731
            ]
        ],
        "translation_vector": [
            0.03536617149120176,
            0.023597350997777027,
            0.4221686705006866
        ],
        "camera_position": [
            0.09084789155307064,
            0.15918514004547885,
            0.38267576249540225
        ]
    },
    {
        "frame": 23,
        "rotation_matrix": [
            [
                -0.6416535580749342,
                0.7288150257652789,
                -0.2389756674402911
            ],
            [
                0.7408566926818655,
                0.5082890529185419,
                -0.4390599043315835
            ],
            [
                -0.19852473981412197,
                -0.4587710724336562,
                -0.8660929689010344
            ]
        ],
        "translation_vector": [
            0.035872586828559996,
            0.02373980369758949,
            0.42281624994497363
        ],
        "camera_position": [
            0.08936946653309333,
            0.15576470179798835,
            0.38519405253492317
        ]
    },
    {
        "frame": 24,
        "rotation_matrix": [
            [
                -0.5024876605662604,
                0.8641318748151311,
                0.02796880239004007
            ],
            [
                0.6377300384559231,
                0.39229127379832296,
                -0.6628785368019513
            ],
            [
                -0.5837863898975836,
                -0.3152517397734319,
                -0.7482043781883203
            ]
        ],
        "translation_vector": [
            0.024298678680017997,
            0.02853341016525273,
            0.3613362383293048
        ],
        "camera_position": [
            0.20495635155624597,
            0.08172120719366935,
            0.28858793575405634
        ]
    },
    {
        "frame": 25,
        "rotation_matrix": [
            [
                -0.648028816116035,
                0.6726037651228447,
                -0.35729935435965055
            ],
            [
                0.7446300312545238,
                0.4610024960178689,
                -0.48270365154945916
            ],
            [
                -0.15995239928534,
                -0.5788617052525309,
                -0.799583864366331
            ]
        ],
        "translation_vector": [
            0.03834025695606728,
            0.025431088471389203,
            0.4235556037980873
        ],
        "camera_position": [
            0.07365757417979268,
            0.2076685226376363,
            0.3646428547832921
        ]
    },
    {
        "frame": 26,
        "rotation_matrix": [
            [
                -0.6097561879170995,
                0.6896693871389231,
                -0.39058101303088055
            ],
            [
                0.7770998079120331,
                0.42326143680897266,
                -0.4657957112871317
            ],
            [
                -0.15592716196958034,
                -0.58754224746296,
                -0.7940282284694204
            ]
        ],
        "translation_vector": [
            0.03629000433832327,
            0.020852573148388905,
            0.40033792637555016
        ],
        "camera_position": [
            0.0683470808052727,
            0.20136124988412019,
            0.34176684026827747
        ]
    },
    {
        "frame": 27,
        "rotation_matrix": [
            [
                -0.6449918728878137,
                0.7049494540592118,
                -0.2950114423717991
            ],
            [
                0.7451139229760788,
                0.49442380875787395,
                -0.44760511516352747
            ],
            [
                -0.16967830060402034,
                -0.5085187946919718,
                -0.8441669916249722
            ]
        ],
        "translation_vector": [
            0.03665385773517854,
            0.02512475070928137,
            0.42672342781595357
        ],
        "camera_position": [
            0.07732634484412096,
            0.17873549124044222,
            0.3822851066889181
        ]
    },
    {
        "frame": 28,
        "rotation_matrix": [
            [
                -0.646911398787356,
                0.7203690082473931,
                -0.2501482242104742
            ],
            [
                0.7350132041782328,
                0.501654394414851,
                -0.45617809926378167
            ],
            [
                -0.20312860902057545,
                -0.47896906008732604,
                -0.8540066789413474
            ]
        ],
        "translation_vector": [
            0.03525571560011265,
            0.025161854967891518,
            0.42542653904970323
        ],
        "camera_position": [
            0.0907293297687039,
            0.16574646954666322,
            0.3836145475711899
        ]
    },
    {
        "frame": 29,
        "rotation_matrix": [
            [
                -0.6055500612306047,
                0.6895535689159042,
                -0.3972719458242049
            ],
            [
                0.781552767304077,
                0.42123888502366835,
                -0.46014462255181887
            ],
            [
                -0.14994797518789704,
                -0.5891295929923701,
                -0.7940037326094218
            ]
        ],
        "translation_vector": [
            0.0352944324324524,
            0.021566815888162654,
            0.40629766835273273
        ],
        "camera_position": [
            0.06544045377429591,
            0.20593979666549525,
            0.3465472074282792
        ]
    },
    {
        "frame": 30,
        "rotation_matrix": [
            [
                -0.6449579940614094,
                0.7231114945269735,
                -0.24726292156174526
            ],
            [
                0.7383278921580393,
                0.5060881331958,
                -0.4458101895424289
            ],
            [
                -0.19723364205365587,
                -0.4700899572649436,
                -0.8602989727535968
            ]
        ],
        "translation_vector": [
            0.03432071688395455,
            0.025884996258196853,
            0.42987436912353805
        ],
        "camera_position": [
            0.0878094934381447,
            0.16416182949729397,
            0.3898465139850722
        ]
    },
    {
        "frame": 31,
        "rotation_matrix": [
            [
                -0.6371051998920316,
                0.7329621071241226,
                -0.23846071750018044
            ],
            [
                0.7550889134645056,
                0.5314160688285853,
                -0.38397616404376633
            ],
            [
                -0.154718121218967,
                -0.42469225482805695,
                -0.8920195018358813
            ]
        ],
        "translation_vector": [
            0.034214301238914446,
            0.026138607507442936,
            0.43549522764368886
        ],
        "camera_position": [
            0.0694401399085724,
            0.1459831878187433,
            0.40666560508097943
        ]
    },
    {
        "frame": 32,
        "rotation_matrix": [
            [
                -0.6071207738942885,
                0.6942681941415555,
                -0.38651783983332966
            ],
            [
                0.7776279507351299,
                0.4190932033137643,
                -0.4686743615472153
            ],
            [
                -0.16339870299816509,
                -0.5851090167991182,
                -0.7943225430005663
            ]
        ],
        "translation_vector": [
            0.03438703683060453,
            0.023348358218690097,
            0.41196762982012675
        ],
        "camera_position": [
            0.07003572484773524,
            0.2073870106368664,
            0.3514691554279937
        ]
    },
    {
        "frame": 33,
        "rotation_matrix": [
            [
                -0.6477319813454543,
                0.7228793853448015,
                -0.24060065375184275
            ],
            [
                0.7290335918036985,
                0.49638456718757984,
                -0.4712880048121291
            ],
            [
                -0.22125393186131254,
                -0.48067427193633033,
                -0.8485275139524873
            ]
        ],
        "translation_vector": [
            0.03251149838292941,
            0.02777900996804479,
            0.43556944062479225
        ],
        "camera_position": [
            0.09717835718719775,
            0.17207605994245878,
            0.3905068565559114
        ]
    },
    {
        "frame": 34,
        "rotation_matrix": [
            [
                -0.64481440193719,
                0.7302974080278181,
                -0.22556613859849278
            ],
            [
                0.7338997829983805,
                0.5091065528435421,
                -0.4496683515288742
            ],
            [
                -0.2135544323335713,
                -0.4554955693303896,
                -0.8642443466700088
            ]
        ],
        "translation_vector": [
            0.030178659875034687,
            0.02765207803762568,
            0.439008531853981
        ],
        "camera_position": [
            0.09291799825699004,
            0.16384918994454037,
            0.39865218991831936
        ]
    },
    {
        "frame": 35,
        "rotation_matrix": [
            [
                -0.5921768336432717,
                0.8055839006568192,
                -0.019004649398847162
            ],
            [
                0.5818024495846646,
                0.411121657743724,
                -0.7017726784303705
            ],
            [
                -0.5575235486986291,
                -0.4266304742240018,
                -0.7121474082729577
            ]
        ],
        "translation_vector": [
            0.013765208379346517,
            0.02887321300072971,
            0.32668823127646474
        ],
        "camera_position": [
            0.17348931348065,
            0.11641572158004299,
            0.2531742121983752
        ]
    },
    {
        "frame": 36,
        "rotation_matrix": [
            [
                -0.5706654842149086,
                0.8210518099700147,
                0.014657096258357705
            ],
            [
                0.637836778362111,
                0.4544238758793222,
                -0.6218224708061437
            ],
            [
                -0.5172089996262703,
                -0.3455037863407246,
                -0.7830210625071433
            ]
        ],
        "translation_vector": [
            0.018856249367924634,
            0.026459597223584208,
            0.3884946434412061
        ],
        "camera_position": [
            0.19481663232056456,
            0.10672053988469912,
            0.3203762827457143
        ]
    },
    {
        "frame": 37,
        "rotation_matrix": [
            [
                -0.5108581668230465,
                0.8576709603980361,
                0.058518860892079416
            ],
            [
                0.541630720545438,
                0.37398034363205024,
                -0.7528445159116738
            ],
            [
                -0.667577782697736,
                -0.3529011565109462,
                -0.6555918530470088
            ]
        ],
        "translation_vector": [
            0.011849386097660664,
            0.026351221276286967,
            0.32745891791877674
        ],
        "camera_position": [
            0.21038502304151876,
            0.09554291770082157,
            0.2338243586438613
        ]
    },
    {
        "frame": 38,
        "rotation_matrix": [
            [
                -0.6031960983094322,
                0.7620383767992878,
                -0.23548243940766456
            ],
            [
                0.7444181542226453,
                0.4318886472668939,
                -0.5092286402253138
            ],
            [
                -0.28634957420612206,
                -0.4824621318270265,
                -0.8277887488392757
            ]
        ],
        "translation_vector": [
            0.020013833034025135,
            0.026941265810535284,
            0.43816497962395023
        ],
        "camera_position": [
            0.11748505397859234,
            0.1845110744759663,
            0.38114021064749404
        ]
    },
    {
        "frame": 39,
        "rotation_matrix": [
            [
                -0.6023116264366881,
                0.7550610990909163,
                -0.25904331934795877
            ],
            [
                0.7372725262024156,
                0.40178415389950384,
                -0.543137842340568
            ],
            [
                -0.3060227553079995,
                -0.5181237596509896,
                -0.7986850711756317
            ]
        ],
        "translation_vector": [
            0.01807675851604637,
            0.0286581989879027,
            0.431010018359821
        ],
        "camera_position": [
            0.12165781244210447,
            0.19815306377406733,
            0.3644892830838282
        ]
    },
    {
        "frame": 40,
        "rotation_matrix": [
            [
                -0.49077359027857836,
                0.8690521278403441,
                0.06236731661089828
            ],
            [
                0.5618192500071991,
                0.37035838672746324,
                -0.7397254867192142
            ],
            [
                -0.6659582670156008,
                -0.3279985738944611,
                -0.6700123298244425
            ]
        ],
        "translation_vector": [
            0.008293853588289418,
            0.028111644387218967,
            0.3354868633997122
        ],
        "camera_position": [
            0.21169699149284515,
            0.0924200383830257,
            0.24505796940608338
        ]
    },
    {
        "frame": 41,
        "rotation_matrix": [
            [
                -0.5315629841644265,
                0.8468685059302204,
                0.01595391894569359
            ],
            [
                0.6233262087252335,
                0.4038641304602225,
                -0.6695955507945338
            ],
            [
                -0.5735025992813254,
                -0.3459877133528363,
                -0.7425545574746943
            ]
        ],
        "translation_vector": [
            0.011317134292998014,
            0.028839804902403718,
            0.38541691422778074
        ],
        "camera_position": [
            0.2090767655434048,
            0.11211802950150147,
            0.30532353859289585
        ]
    },
    {
        "frame": 42,
        "rotation_matrix": [
            [
                -0.4848135764666132,
                0.867877389703555,
                0.10837265575316907
            ],
            [
                0.5507497219173345,
                0.3991927725155986,
                -0.7330210598470471
            ],
            [
                -0.6794339849327748,
                -0.2956923516302933,
                -0.6715173067804856
            ]
        ],
        "translation_vector": [
            0.0040273108067765545,
            0.028756387096417625,
            0.34176383310953984
        ],
        "camera_position": [
            0.21832088579459122,
            0.08608239763128203,
            0.2501429157438077
        ]
    },
    {
        "frame": 43,
        "rotation_matrix": [
            [
                -0.563884584490405,
                0.8169651653196488,
                -0.12083912457611623
            ],
            [
                0.6673189235363048,
                0.5369370173730765,
                0.5161241068433556
            ],
            [
                0.4865384154046116,
                0.21039619299964363,
                -0.8479468216267022
            ]
        ],
        "translation_vector": [
            0.006005762504137351,
            0.00532193029579848,
            0.419632121881942
        ],
        "camera_position": [
            -0.20433201553524885,
            -0.0960530410410796,
            0.3538046785650721
        ]
    },
    {
        "frame": 44,
        "rotation_matrix": [
            [
                -0.6049074663592491,
                0.7590889136377653,
                -0.2405638757899266
            ],
            [
                0.719007145381339,
                0.39083990246098743,
                -0.5746937406435394
            ],
            [
                -0.3422216855101559,
                -0.5206036801987889,
                -0.7822123280350834
            ]
        ],
        "translation_vector": [
            0.004987277058976697,
            0.023555324702020562,
            0.41274406328439556
        ],
        "camera_position": [
            0.12733036337874315,
            0.20188393079237438,
            0.33759035098836987
        ]
    },
    {
        "frame": 45,
        "rotation_matrix": [
            [
                -0.4362968034857873,
                0.8831349377598559,
                0.1723884595208724
            ],
            [
                0.5714553813812087,
                0.4199422077658842,
                -0.7050441753728427
            ],
            [
                -0.6950423342203995,
                -0.2090962071502249,
                -0.6878916555656485
            ]
        ],
        "translation_vector": [
            -0.0076339775601244955,
            0.021646250345852634,
            0.36497227676576666
        ],
        "camera_position": [
            0.23797063691478526,
            0.07396597692403425,
            0.26763895605657984
        ]
    },
    {
        "frame": 46,
        "rotation_matrix": [
            [
                -0.5090305285431331,
                0.8607408287472078,
                0.003625843166522036
            ],
            [
                0.6875886850852013,
                0.40915750434157583,
                -0.5998432601803386
            ],
            [
                -0.5177931258271997,
                -0.3028454430374399,
                -0.8001093153298207
            ]
        ],
        "translation_vector": [
            -0.00971378654386589,
            0.019949028250739676,
            0.4236096092249881
        ],
        "camera_position": [
            0.2006808036888123,
            0.12848699784758666,
            0.3509355052140526
        ]
    },
    {
        "frame": 47,
        "rotation_matrix": [
            [
                -0.5126813774991605,
                0.8563367974675266,
                -0.062008825731691614
            ],
            [
                0.71187767634498,
                0.3835959139752585,
                -0.5882893409736042
            ],
            [
                -0.47998747805253716,
                -0.3457476884731782,
                -0.80626953112977
            ]
        ],
        "translation_vector": [
            -0.009181110836817118,
            0.02012720438599666,
            0.4178195975408785
        ],
        "camera_position": [
            0.18151308286415666,
            0.14460156973753352,
            0.34814652090808873
        ]
    },
    {
        "frame": 48,
        "rotation_matrix": [
            [
                -0.5074982945860018,
                0.8614912961412104,
                0.016680157830094633
            ],
            [
                0.6739790094866631,
                0.40894830767697643,
                -0.6152345702409068
            ],
            [
                -0.5368405496641215,
                -0.30098841891520345,
                -0.7881676191745319
            ]
        ],
        "translation_vector": [
            -0.009144642581788842,
            0.019050072950775924,
            0.4230023290025714
        ],
        "camera_position": [
            0.209604562998075,
            0.1274063371001233,
            0.3452695360817314
        ]
    },
    {
        "frame": 49,
        "rotation_matrix": [
            [
                -0.5226848426835837,
                0.8512313180185275,
                -0.04696592864277338
            ],
            [
                0.6981243044514817,
                0.39575177842896114,
                -0.5966598573764197
            ],
            [
                -0.4893087070173311,
                -0.34465311995505754,
                -0.8011187278688923
            ]
        ],
        "translation_vector": [
            -0.0077976619733918905,
            0.020151591293867448,
            0.4280429115811138
        ],
        "camera_position": [
            0.1913010882362047,
            0.14618891093742942,
            0.35457061395064265
        ]
    },
    {
        "frame": 50,
        "rotation_matrix": [
            [
                -0.5262261137958562,
                0.8463366851706904,
                -0.08246388599622378
            ],
            [
                0.707504030703473,
                0.3819696116990471,
                -0.5945899951031952
            ],
            [
                -0.47172462697812323,
                -0.3712323141548515,
                -0.7997890004429818
            ]
        ],
        "translation_vector": [
            -0.008864973186936392,
            0.02014082412388575,
            0.4247136301074874
        ],
        "camera_position": [
            0.1814331840965742,
            0.1574769930091695,
            0.3509257820771261
        ]
    },
    {
        "frame": 51,
        "rotation_matrix": [
            [
                -0.5211878767088648,
                0.8482447766012683,
                -0.09404252304340491
            ],
            [
                0.7117899751490907,
                0.3712391629210141,
                -0.5962688279551106
            ],
            [
                -0.4708696512294691,
                -0.3777066095296304,
                -0.7972574795313427
            ]
        ],
        "translation_vector": [
            -0.010657701410168108,
            0.020470577960035437,
            0.427347567741132
        ],
        "camera_position": [
            0.181099583230005,
            0.16285286022759515,
            0.3519097351384832
        ]
    },
    {
        "frame": 52,
        "rotation_matrix": [
            [
                -0.5169124520390047,
                0.8494215642156149,
                -0.10622863631112706
            ],
            [
                0.7002057228858862,
                0.34815832390934676,
                -0.6232958584255861
            ],
            [
                -0.49245655906371816,
                -0.39657128960394067,
                -0.7747372133162251
            ]
        ],
        "translation_vector": [
            -0.012898146932509498,
            0.021142485620810607,
            0.4273535026413016
        ],
        "camera_position": [
            0.18898173322919598,
            0.1730711614450982,
            0.34289453290194283
        ]
    },
    {
        "frame": 53,
        "rotation_matrix": [
            [
                -0.5292689679189124,
                0.835566944877761,
                -0.1473168022517919
            ],
            [
                0.7273031023660128,
                0.35738971645477047,
                -0.5859204620604667
            ],
            [
                -0.4369262602394389,
                -0.4172534855456841,
                -0.7968657176169367
            ]
        ],
        "translation_vector": [
            -0.017188241388101544,
            0.018372916834314294,
            0.4813840199011118
        ],
        "camera_position": [
            0.18786943736148926,
            0.20865479499634668,
            0.3918313736311581
        ]
    },
    {
        "frame": 54,
        "rotation_matrix": [
            [
                -0.4900492302248794,
                0.8678547246106103,
                -0.08173083216904833
