[
    {
        "frame": 1,
        "rotation_matrix": [
            [
                -0.5660957903864848,
                0.8208652131313445,
                -0.07560329343047004
            ],
            [
                0.6878321754671799,
                0.4198134860592876,
                -0.5921516151416255
            ],
            [
                -0.4543373795966913,
                -0.38721691439499584,
                -0.8022721525191003
            ]
        ],
        "translation_vector": [
            -0.019884164210343662,
            0.018259798177190308,
            0.4620357121918596
        ],
        "camera_position": [
            0.1861040763987029,
            0.18756455198018335,
            0.37998764604222784
        ]
    },
    {
        "frame": 2,
        "rotation_matrix": [
            [
                -0.5659079606803239,
                0.8208845136543126,
                -0.07679059370235095
            ],
            [
                0.6885398067407618,
                0.4193219645204205,
                -0.591677297692019
            ],
            [
                -0.45349874814825164,
                -0.3877082734650606,
                -0.8025093021982427
            ]
        ],
        "translation_vector": [
            -0.01989432867054491,
            0.01828180927881495,
            0.4622528391543528
        ],
        "camera_position": [
            0.18578497148971523,
            0.18788423230627543,
            0.38025143759000546
        ]
    },
    {
        "frame": 3,
        "rotation_matrix": [
            [
                -0.5659079606803239,
                0.8208845136543126,
                -0.07679059370235095
            ],
            [
                0.6885398067407618,
                0.4193219645204205,
                -0.591677297692019
            ],
            [
                -0.45349874814825164,
                -0.3877082734650606,
                -0.8025093021982427
            ]
        ],
        "translation_vector": [
            -0.01989432867054491,
            0.01828180927881495,
            0.4622528391543528
        ],
        "camera_position": [
            0.18578497148971523,
            0.18788423230627543,
            0.38025143759000546
        ]
    },
    {
        "frame": 4,
        "rotation_matrix": [
            [
                -0.573868503104352,
                0.8060466862394975,
                -0.14478839990515577
            ],
            [
                0.6942014756599721,
                0.3849969034029399,
                -0.6081625568560305
            ],
            [
                -0.43446432803659196,
                -0.4495176570196908,
                -0.7804963956939456
            ]
        ],
        "translation_vector": [
            -0.01920701893534257,
            0.020269532778980283,
            0.4500667852492653
        ],
        "camera_position": [
            0.17044452065328292,
            0.20999101341967444,
            0.3608217210511581
        ]
    },
    {
        "frame": 5,
        "rotation_matrix": [
            [
                -0.5698919815862202,
                0.8154133797517618,
                -0.10160782177342675
            ],
            [
                0.6845987199738663,
                0.4027603575142362,
                -0.6075431565124806
            ],
            [
                -0.4544752159731872,
                -0.4157945580894654,
                -0.7877608542757828
            ]
        ],
        "translation_vector": [
            -0.019929681611126984,
            0.01925994932568679,
            0.45374929050033613
        ],
        "camera_position": [
            0.1816747043969464,
            0.19716027069078165,
            0.36712216758202876
        ]
    },
    {
        "frame": 6,
        "rotation_matrix": [
            [
                -0.5645982801521154,
                0.8217862380086705,
                -0.0767864640990201
            ],
            [
                0.7030323175343227,
                0.4300896165136575,
                -0.5663642664129281
            ],
            [
                -0.4324052989402333,
                -0.3737516565671539,
                -0.8205701412199421
            ]
        ],
        "translation_vector": [
            -0.019957634557979238,
            0.01764283048465031,
            0.46324466001427117
        ],
        "camera_position": [
            0.17663791954510924,
            0.18195137030181674,
            0.38858452864269355
        ]
    },
    {
        "frame": 7,
        "rotation_matrix": [
            [
                -0.5703922256146237,
                0.8131515680705895,
                -0.11591909377983159
            ],
            [
                0.6939380262108613,
                0.4015699306334899,
                -0.597655089988856
            ],
            [
                -0.43943455114154373,
                -0.4213384840663798,
                -0.7933291606311185
            ]
        ],
        "translation_vector": [
            -0.019419561902191372,
            0.019365369305507293,
            0.4571731317529405
        ],
        "camera_position": [
            0.17638253665926723,
            0.2006391314919696,
            0.37201149039430703
        ]
    },
    {
        "frame": 8,
        "rotation_matrix": [
            [
                -0.5703870371721341,
                0.8133700769935037,
                -0.11440168564132444
            ],
            [
                0.6943352215393033,
                0.4030570767276034,
                -0.5961909031759589
            ],
            [
                -0.4388134318317537,
                -0.41949268259575256,
                -0.7946500244086436
            ]
        ],
        "translation_vector": [
            -0.019452606561180266,
            0.019343540650894855,
            0.45708050658097843
        ],
        "camera_position": [
            0.1760466495112952,
            0.19976754501596045,
            0.3725260677018511
        ]
    },
    {
        "frame": 9,
        "rotation_matrix": [
            [
                -0.5673829752045212,
                0.8190734993230652,
                -0.08482430167549004
            ],
            [
                0.6906582227399726,
                0.41725782733517836,
                -0.5906666783298252
            ],
            [
                -0.4484058193308025,
                -0.3937188187453014,
                -0.8024448348366859
            ]
        ],
        "translation_vector": [
            -0.019820407890240914,
            0.01845461482683086,
            0.4613135057207001
        ],
        "camera_position": [
            0.1828640670248736,
            0.190161846905327,
            0.37939791368738723
        ]
    },
    {
        "frame": 10,
        "rotation_matrix": [
            [
                -0.5705144121763293,
                0.8129288962140185,
                -0.11687563988853783
            ],
            [
                0.6952160807416433,
                0.40225850482029524,
                -0.5957035306072727
            ],
            [
                -0.4372503934558854,
                -0.42111127389325304,
                -0.7946555155680196
            ]
        ],
        "translation_vector": [
            -0.019402554804560046,
            0.019394315973902145,
            0.45708462388535764
        ],
        "camera_position": [
            0.17530775414742414,
            0.20045485715671016,
            0.3725103939429444
        ]
    },
    {
        "frame": 11,
        "rotation_matrix": [
            [
                -0.5675236231307874,
                0.8173289052010286,
                -0.09945047969412599
            ],
            [
                0.6857760727898803,
                0.4023852447755044,
                -0.6064629360281188
            ],
            [
                -0.45566228193410163,
                -0.4123828021509204,
                -0.7888677387957769
            ]
        ],
        "translation_vector": [
            -0.019536732269099265,
            0.018662573798475007,
            0.4620861654007545
        ],
        "camera_position": [
            0.1866693329275216,
            0.19901477939380502,
            0.3739000903323515
        ]
    },
    {
        "frame": 12,
        "rotation_matrix": [
            [
                -0.5716697974610795,
                0.8119614928189294,
                -0.11794989126770716
            ],
            [
                0.6941964718250426,
                0.4020256925059553,
                -0.5970482401538167
            ],
            [
                -0.4373612936423056,
                -0.4231948448934161,
                -0.7934867497817254
            ]
        ],
        "translation_vector": [
            -0.019443266758242456,
            0.01942429153934696,
            0.45632076841098285
        ],
        "camera_position": [
            0.1749776385640965,
            0.201090716454086,
            0.3713883912641082
        ]
    },
    {
        "frame": 13,
        "rotation_matrix": [
            [
                -0.5705075465513461,
                0.8133368479280914,
                -0.11403644650005704
            ],
            [
                0.7023736289108324,
                0.4112105514064759,
                -0.5810139136222215
            ],
            [
                -0.42566703506213843,
                -0.41156901512915045,
                -0.8058650762050862
            ]
        ],
        "translation_vector": [
            -0.019557662213240554,
            0.01886938281386672,
            0.4567538607974751
        ],
        "camera_position": [
            0.17001391091100684,
            0.1961334146706233,
            0.3768150724941988
        ]
    },
    {
        "frame": 14,
        "rotation_matrix": [
            [
                -0.5705075465513461,
                0.8133368479280914,
                -0.11403644650005704
            ],
            [
                0.7023736289108324,
                0.4112105514064759,
                -0.5810139136222215
            ],
            [
                -0.42566703506213843,
                -0.41156901512915045,
                -0.8058650762050862
            ]
        ],
        "translation_vector": [
            -0.019557662213240554,
            0.01886938281386672,
            0.4567538607974751
        ],
        "camera_position": [
            0.17001391091100684,
            0.1961334146706233,
            0.3768150724941988
        ]
    },
    {
        "frame": 15,
        "rotation_matrix": [
            [
                -0.5688621690427302,
                0.8162095619361621,
                -0.1009840761505415
            ],
            [
                0.6881904354881315,
                0.40517528888928345,
                -0.6018528971236587
            ],
            [
                -0.4503218372837986,
                -0.4118676198458235,
                -0.7921965075584972
            ]
        ],
        "translation_vector": [
            -0.019658689593899697,
            0.01914629743927191,
            0.456661713560854
        ],
        "camera_position": [
            0.18128535829225018,
            0.19637217686458286,
            0.3713038545946342
        ]
    },
    {
        "frame": 16,
        "rotation_matrix": [
            [
                -0.5712123341032129,
                0.8123683732041966,
                -0.11736309294631903
            ],
            [
                0.6934676930901664,
                0.4011445154207022,
                -0.5984861204640357
            ],
            [
                -0.4391116350184337,
                -0.4232501671180491,
                -0.7924899166714875
            ]
        ],
        "translation_vector": [
            -0.01942461061476415,
            0.01944676058272329,
            0.45584525890330624
        ],
        "camera_position": [
            0.17558567958474866,
            0.2009155599855767,
            0.37061165515909417
        ]
    },
    {
        "frame": 17,
        "rotation_matrix": [
            [
                -0.5681514000494203,
                0.8169303962844868,
                -0.09913987214211403
            ],
            [
                0.6846072055570745,
                0.40236443346146256,
                -0.6077958841457954
            ],
            [
                -0.4566365740074012,
                -0.41319195334820724,
                -0.7878803519361781
            ]
        ],
        "translation_vector": [
            -0.019541814272372143,
            0.01865984488324002,
            0.4614370647396407
        ],
        "camera_position": [
            0.1868316669627435,
            0.19911832628975848,
            0.37296120091390944
        ]
    },
    {
        "frame": 18,
        "rotation_matrix": [
            [
                -0.5712123343368755,
                0.8123683729323586,
                -0.11736309369069042
            ],
            [
                0.6934676933955913,
                0.4011445154773803,
                -0.5984861200721497
            ],
            [
                -0.4391116342321342,
                -0.4232501675860859,
                -0.7924899168572017
            ]
        ],
        "translation_vector": [
            -0.019424610599409437,
            0.019446760580664836,
            0.45584525897903316
        ],
        "camera_position": [
            0.17558567925929028,
            0.20091556021295,
            0.37061165528225404
        ]
    },
    {
        "frame": 19,
        "rotation_matrix": [
            [
                -0.5681029064678734,
                0.8182464537669211,
                -0.08793081689949503
            ],
            [
                0.6916732899113766,
                0.4168459671794704,
                -0.589769022303973
            ],
            [
                -0.4459228046264593,
                -0.3958688931250717,
                -0.8027706221393526
            ]
        ],
        "translation_vector": [
            -0.019799069693315408,
            0.018490126113590154,
            0.4610790620167019
        ],
        "camera_position": [
            0.18156863309102925,
            0.19101984198504762,
            0.3793046806988829
        ]
    },
    {
        "frame": 20,
        "rotation_matrix": [
            [
                -0.5654495791285681,
                0.8209152067890759,
                -0.07978092958705033
            ],
            [
                0.7002765251796574,
                0.42673551597036863,
                -0.5722845338568986
            ],
            [
                -0.4357517203014003,
                -0.3794667609579946,
                -0.8161650663820514
            ]
        ],
        "translation_vector": [
            -0.020040453290346663,
            0.017881413281830613,
            0.46078400020905563
        ],
        "camera_position": [
            0.17693362094158283,
            0.1836730907944886,
            0.3847102143902563
        ]
    },
    {
        "frame": 21,
        "rotation_matrix": [
            [
                -0.5777603325452002,
                0.8045146930624265,
                -0.137655754634267
            ],
            [
                0.7086096199337615,
                0.41071599749420606,
                -0.5737462644232812
            ],
            [
                -0.4050498792427792,
                -0.4290320245028444,
                -0.8073822621759787
            ]
        ],
        "translation_vector": [
            -0.018938859583833213,
            0.0185329978449249,
            0.45827602854638155
        ],
        "camera_position": [
            0.1615498676522645,
            0.20423988441698107,
            0.37803013190296636
        ]
    },
    {
        "frame": 22,
        "rotation_matrix": [
            [
                -0.5679523630054608,
                0.817143226499096,
                -0.09852441698970013
            ],
            [
                0.6837516218698986,
                0.4017945915705621,
                -0.6091344890702942
            ],
            [
                -0.45816354388667424,
                -0.4133256023660913,
                -0.7869231941440735
            ]
        ],
        "translation_vector": [
            -0.019582039657139148,
            0.018703774346374255,
            0.4607836008955986
        ],
        "camera_position": [
            0.18720384581102956,
            0.19893991509312842,
            0.37206510801544834
        ]
    },
    {
        "frame": 23,
        "rotation_matrix": [
            [
                -0.5677558752163626,
                0.8173523945325551,
                -0.09792001485498542
            ],
            [
                0.6829030786897301,
                0.4012299541410228,
                -0.6104571311861967
            ],
            [
                -0.4596701548647579,
                -0.41346050240850263,
                -0.7859731303770621
            ]
        ],
        "translation_vector": [
            -0.019622002944918324,
            0.018747425540738723,
            0.46013280618071556
        ],
        "camera_position": [
            0.18756613620067802,
            0.19876280362069385,
            0.3711751348559142
        ]
    },
    {
        "frame": 25,
        "rotation_matrix": [
            [
                -0.5678687710612411,
                0.8171891914723362,
                -0.09862496739763907
            ],
            [
                0.6848229641072034,
                0.40257968539482525,
                -0.6074101618666155
            ],
            [
                -0.45666461072084374,
                -0.412469904657532,
                -0.7882423555398346
            ]
        ],
        "translation_vector": [
            -0.019622460063431452,
            0.01869419792089032,
            0.4619806606063866
        ],
        "camera_position": [
            0.18702502022316383,
            0.19906247699017307,
            0.37357250543130416
        ]
    },
    {
        "frame": 27,
        "rotation_matrix": [
            [
                -0.568089952667242,
                0.8169455932691632,
                -0.09936651003545369
            ],
            [
                0.6855533883406995,
                0.4029738428950381,
                -0.6063238686353949
            ],
            [
                -0.4552915081715415,
                -0.41256754547649593,
                -0.7889852108920563
            ]
        ],
        "translation_vector": [
            -0.019576467487452533,
            0.01871669028986935,
            0.46176166224623383
        ],
        "camera_position": [
            0.18628367868480364,
            0.19895844782134195,
            0.3737262532807647
        ]
    },
    {
        "frame": 28,
        "rotation_matrix": [
            [
                -0.5727133874338424,
                0.812871168989456,
                -0.10601810449054722
            ],
            [
                0.6888022215482174,
                0.40706132726139777,
                -0.5998771336185678
            ],
            [
                -0.44446695652690965,
                -0.41658317113621357,
                -0.7930369386616253
            ]
        ],
        "translation_vector": [
            -0.019329673180475397,
            0.018450420012483325,
            0.4629297121841386
        ],
        "camera_position": [
            0.18197790736208697,
            0.20105080909042855,
            0.3761390515261479
        ]
    },
    {
        "frame": 29,
        "rotation_matrix": [
            [
                -0.5779366379746572,
                0.8011544135020544,
                -0.15537325449616282
            ],
            [
                0.6962364674988369,
                0.38472434507797937,
                -0.606004917165745
            ],
            [
                -0.425727640412613,
                -0.4584089702770876,
                -0.7801392133191416
            ]
        ],
        "translation_vector": [
            -0.018860851520892268,
            0.02027288338208537,
            0.4515975080427452
        ],
        "camera_position": [
            0.16724244368597124,
            0.21432733129792836,
            0.36166391979265344
        ]
    },
    {
        "frame": 30,
        "rotation_matrix": [
            [
                -0.5618533409847695,
                0.8236637705761135,
                -0.07680375163097103
            ],
            [
                0.6953112844422223,
                0.41991009607158936,
                -0.5832818606338243
            ],
            [
                -0.4481774659122873,
                -0.38112137732943874,
                -0.8086306046588593
            ]
        ],
        "translation_vector": [
            -0.019743418547812537,
            0.017775555243621736,
            0.46206033104077815
        ],
        "camera_position": [
            0.18363257844278308,
            0.1848988732306364,
            0.3824879152001836
        ]
    },
    {
        "frame": 31,
        "rotation_matrix": [
            [
                -0.6246601831741807,
                0.7433957576678135,
                -0.23908660154491446
            ],
            [
                0.7134616975395235,
                0.4188472248568038,
                -0.5617289456435159
            ],
            [
                -0.31744615559307165,
                -0.5214688386771085,
                -0.7920215834104064
            ]
        ],
        "translation_vector": [
            -0.014678764775531886,
            0.01821402546212109,
            0.4603444973112349
        ],
        "camera_position": [
            0.12397034150118916,
            0.24333854784794048,
            0.3713246270084141
        ]
    },
    {
        "frame": 32,
        "rotation_matrix": [
            [
                -0.5776671735115522,
                0.811471923112221,
                -0.08839657599549858
            ],
            [
                0.6825561417870459,
                0.42080415152603556,
                -0.5975290615252414
            ],
            [
                -0.4476804105117359,
                -0.4055085499209695,
                -0.7969598898219635
            ]
        ],
        "translation_vector": [
            -0.0182389592016137,
            0.018081935451002833,
            0.4619776510692297
        ],
        "camera_position": [
            0.18394036037065264,
            0.19452733717447,
            0.3773698782737963
        ]
    },
    {
        "frame": 33,
        "rotation_matrix": [
            [
                -0.57705764627121,
                0.8093543443715252,
                -0.10931613845571636
            ],
            [
                0.683149487132056,
                0.40499766918651603,
                -0.6076871449888488
            ],
            [
                -0.44756144953641813,
                -0.4253497774778161,
                -0.7866170069916061
            ]
        ],
        "translation_vector": [
            -0.018324817575698985,
            0.01897296474711227,
            0.45480711883452424
        ],
        "camera_position": [
            0.18001828613011517,
            0.2005993710061608,
            0.36728544305995503
        ]
    },
    {
        "frame": 34,
        "rotation_matrix": [
            [
                -0.5769501045830805,
                0.8088964658285994,
                -0.11320372958332137
            ],
            [
                0.6842048358348972,
                0.4029433014621685,
                -0.6078654772455078
            ],
            [
                -0.44608555170697217,
                -0.42816258988469424,
                -0.7859290535293355
            ]
        ],
        "translation_vector": [
            -0.0183315158413117,
            0.018824448942375158,
            0.4532024932700396
        ],
        "camera_position": [
            0.17871093526522955,
            0.2012874660329722,
            0.3655525432709456
        ]
    },
    {
        "frame": 35,
        "rotation_matrix": [
            [
                -0.5739486338885387,
                0.81372981407329,
                -0.09179736023290075
            ],
            [
                0.6959455407127215,
                0.42562646196660214,
                -0.5783614088404159
            ],
            [
                -0.43155853602907446,
                -0.3958357040010939,
                -0.8105993618418413
            ]
        ],
        "translation_vector": [
            -0.018625111845094584,
            0.01775531521191413,
            0.45454316210675033
        ],
        "camera_position": [
            0.1731153916556218,
            0.1875230893754631,
            0.3770116501522506
        ]
    },
    {
        "frame": 36,
        "rotation_matrix": [
            [
                -0.3240185939806127,
                0.8246607109050496,
                0.4636234060575513
            ],
            [
                0.888984772578087,
                0.0977777316353936,
                0.44737633969681945
            ],
            [
                0.3236016453590957,
                0.5571124007647067,
                -0.764792617665123
            ]
        ],
        "translation_vector": [
            -0.04128246643608396,
            0.022348969401687662,
            0.23419139227625504
        ],
        "camera_position": [
            -0.10902890008111923,
            -0.09861213220284462,
            0.18824896550622727
        ]
    },
    {
        "frame": 37,
        "rotation_matrix": [
            [
                -0.57131917850789,
                0.8174272006351101,
                -0.0735334477018256
            ],
            [
                0.6771621593989384,
                0.4188619389547825,
                -0.6049843683709574
            ],
            [
                -0.46373031618305516,
                -0.39543324058162715,
                -0.7928346272053691
            ]
        ],
        "translation_vector": [
            -0.01851478835337716,
            0.01752508780445181,
            0.4595471819475258
        ],
        "camera_position": [
            0.19066078001194064,
            0.1895141307135919,
            0.373585866637573
        ]
    },
    {
        "frame": 38,
        "rotation_matrix": [
            [
                -0.5625427443987393,
                0.8235380526199252,
                -0.0730118936291626
            ],
            [
                0.6654210931295732,
                0.39858082971704867,
                -0.6311482321929718
            ],
            [
                -0.49067344491278375,
                -0.40363151273042464,
                -0.7722183450219053
            ]
        ],
        "translation_vector": [
            -0.01819731126569024,
            0.017499487144430205,
            0.4576140706276139
        ],
        "camera_position": [
            0.2026577791904801,
            0.19271867775116652,
            0.3630941304998167
        ]
    },
    {
        "frame": 39,
        "rotation_matrix": [
            [
                -0.5802006420266324,
                0.8038736739184753,
                -0.1309745447508655
            ],
            [
                0.6856698554000134,
                0.3953000610327092,
                -0.6112239451651593
            ],
            [
                -0.43957259285311284,
                -0.44443782256728515,
                -0.780545294959903
            ]
        ],
        "translation_vector": [
            -0.017830643481390893,
            0.0191741636133225,
            0.44873604452482607
        ],
        "camera_position": [
            0.1737595698106137,
            0.2061893073731887,
            0.35964315574915756
        ]
    },
    {
        "frame": 40,
        "rotation_matrix": [
            [
                -0.5716129800168035,
                0.818067509393821,
                -0.0634361974782538
            ],
            [
                0.6864337351054415,
                0.434414055411642,
                -0.5831750644274871
            ],
            [
                -0.44951899669035345,
                -0.3768951824247715,
                -0.8098658488166397
            ]
        ],
        "translation_vector": [
            -0.0190581247944865,
            0.01709285385055849,
            0.45814277231464084
        ],
        "camera_position": [
            0.18331689633225554,
            0.1808372604726797,
            0.37979333635732593
        ]
    },
    {
        "frame": 41,
        "rotation_matrix": [
            [
                -0.5694233835141693,
                0.8189241246211351,
                -0.07155619065310087
            ],
            [
                0.6819210507896792,
                0.42195753329105734,
                -0.5974408092763882
            ],
            [
                -0.45906501804992167,
                -0.3889924397882736,
                -0.7987140858845495
            ]
        ],
        "translation_vector": [
            -0.01956302828422537,
            0.018190667624006673,
            0.4513079731172998
        ],
        "camera_position": [
            0.18363545788705135,
            0.18390033613185344,
            0.36993402660569924
        ]
    },
    {
        "frame": 42,
        "rotation_matrix": [
            [
                -0.5700825322298713,
                0.8186064282190207,
                -0.06992440292826826
            ],
            [
                0.6897515314579105,
                0.43062766324407475,
                -0.5820675566464896
            ],
            [
                -0.4463728612918182,
                -0.38005701062793784,
                -0.8101283462357743
            ]
        ],
        "translation_vector": [
            -0.019113228014952903,
            0.016895757472874695,
            0.4581808599467599
        ],
        "camera_position": [
            0.181969509425673,
            0.18250527871607708,
            0.37968329355850394
        ]
    },
    {
        "frame": 43,
        "rotation_matrix": [
            [
                -0.5716073079190759,
                0.8142169417689792,
                -0.10156700876700828
            ],
            [
                0.689372909609891,
                0.40941491899680227,
                -0.5976156085635942
            ],
            [
                -0.44500570449096466,
                -0.41161899353554215,
                -0.795323661870617
            ]
        ],
        "translation_vector": [
            -0.018945618461968655,
            0.01817369255964301,
            0.450044687564734
        ],
        "camera_position": [
            0.17691454795805595,
            0.1932322039982603,
            0.36686782146185754
        ]
    },
    {
        "frame": 44,
        "rotation_matrix": [
            [
                -0.5735461182807966,
                0.8116100046030781,
                -0.11105877107739853
            ],
            [
                0.6941505788076883,
                0.4095356740711976,
                -0.5919759332979689
            ],
            [
                -0.4349710612741748,
                -0.4166170088837486,
                -0.798267150622382
            ]
        ],
        "translation_vector": [
            -0.019076594365157604,
            0.018103425940991957,
            0.4534931727143823
        ],
        "camera_position": [
            0.17374859637267237,
            0.1970017252602416,
            0.3706068721501866
        ]
    },
    {
        "frame": 45,
        "rotation_matrix": [
            [
                -0.5666743892109938,
                0.818976320685052,
                -0.09032121992932848
            ],
            [
                0.6861239616687032,
                0.40835066894127936,
                -0.6020661428773866
            ],
            [
                -0.4561951839250291,
                -0.4031470170203231,
                -0.7933211435674863
            ]
        ],
        "translation_vector": [
            -0.019821908183689337,
            0.018669802819407527,
            0.45000028268673387
        ],
        "camera_position": [
            0.18124559493957568,
            0.19002611858638685,
            0.3664448561100159
        ]
    },
    {
        "frame": 46,
        "rotation_matrix": [
            [
                -0.568563520828658,
                0.8154109453713686,
                -0.10881412110333363
            ],
            [
                0.6896979002363405,
                0.4003954816005719,
                -0.6033243445472993
            ],
            [
                -0.44838859172876244,
                -0.4180770843784869,
                -0.7900374815950699
            ]
        ],
        "translation_vector": [
            -0.019669894527122703,
            0.018631026454935105,
            0.4525263432303723
        ],
        "camera_position": [
            0.17887428544934753,
            0.19777016266379197,
            0.36661296210015254
        ]
    },
    {
        "frame": 47,
        "rotation_matrix": [
            [
                -0.5685994102694089,
                0.8154901626293812,
                -0.10803011291295392
            ],
            [
                0.6959624761200686,
                0.4068772862699289,
                -0.5916815915257472
            ],
            [
                -0.43855551812068594,
                -0.4116147088872351,
                -0.7989007378602009
            ]
        ],
        "translation_vector": [
            -0.019486313977219654,
            0.018269398433312233,
            0.45710148983368937
        ],
        "camera_position": [
            0.1766696583011074,
            0.19660719076781538,
            0.3738832755471554
        ]
    },
    {
        "frame": 48,
        "rotation_matrix": [
            [
                -0.5903990272171276,
                0.8021026728359412,
                -0.0897791227987253
            ],
            [
                0.6304402039223534,
                0.3888477796181534,
                -0.6718203283351682
            ],
            [
                -0.5039584684668081,
                -0.45324243679897297,
                -0.7352531234514534
            ]
        ],
        "translation_vector": [
            -0.02092838867049606,
            0.017150998844895186,
            0.4428675958994082
        ],
        "camera_position": [
            0.20001809584151245,
            0.21084397701643393,
            0.3352632404593016
        ]
    },
    {
        "frame": 49,
        "rotation_matrix": [
            [
                -0.5679942874002791,
                0.8167678440357583,
                -0.10135471587365136
            ],
            [
                0.6890226706145149,
                0.40453768465315343,
                -0.6013293781902791
            ],
            [
                -0.4501446976916322,
                -0.4113873486686792,
                -0.7925466550907042
            ]
        ],
        "translation_vector": [
            -0.01884278244465819,
            0.016870715932209814,
            0.4614148930320465
        ],
        "camera_position": [
            0.1853765690002452,
            0.19838558791199692,
            0.37392788234177676
        ]
    },
    {
        "frame": 50,
        "rotation_matrix": [
            [
                -0.5690933733239905,
                0.8142061974277417,
                -0.11489560700470061
            ],
            [
                0.6924745444043239,
                0.3992097574818779,
                -0.6009247664086448
            ],
            [
                -0.443409221589657,
                -0.4215445855440649,
                -0.7910046931641664
            ]
        ],
        "translation_vector": [
            -0.01802839434636828,
            0.017686483081542758,
            0.4534780920392842
        ],
        "camera_position": [
            0.17856908873090585,
            0.19877944814680765,
            0.36726016145282603
        ]
    },
    {
        "frame": 51,
        "rotation_matrix": [
            [
                -0.5701554895434999,
                0.8173582582880193,
                -0.08275382378952306
            ],
            [
                0.6837619097000968,
                0.4162865204235765,
                -0.5993122589743243
            ],
            [
                -0.45540352280882573,
                -0.39828508699423615,
                -0.7962264884386258
            ]
        ],
        "translation_vector": [
            -0.017895753436255737,
            0.016890834223560764,
            0.4612489732627898
        ],
        "camera_position": [
            0.18830173618950052,
            0.19130440269540458,
            0.37590059226499106
        ]
    },
    {
        "frame": 52,
        "rotation_matrix": [
            [
                -0.576373385488443,
                0.8121660694514704,
                -0.09044333105508853
            ],
            [
                0.6823435608005947,
                0.41740887261808635,
                -0.6001475635988736
            ],
            [
                -0.44966763896744455,
                -0.40762250758691954,
                -0.7947596528347396
            ]
        ],
        "translation_vector": [
            -0.017479200395733887,
            0.017559429642787006,
            0.46210339066692435
        ],
        "camera_position": [
            0.18573683098423965,
            0.19523029461961505,
            0.3762185021505357
        ]
    },
    {
        "frame": 53,
        "rotation_matrix": [
            [
                -0.6221343173985061,
                0.7431715356174776,
                -0.24626197384706985
            ],
            [
                0.739292047958188,
                0.4541293837887299,
                -0.49720596396810846
            ],
            [
                -0.2576745213265813,
                -0.4913884119793914,
                -0.8319502807448826
            ]
        ],
        "translation_vector": [
            -0.017628864471427537,
            0.018821108431579924,
            0.4907320655219575
        ],
        "camera_position": [
            0.10156733272130672,
            0.24569410229037025,
            0.4132813280807644
        ]
    },
    {
        "frame": 54,
        "rotation_matrix": [
            [
                -0.578068682732347,
                0.810307769361871,
                -0.09611408302573549
            ],
            [
                0.6917410375337723,
                0.4241596528620406,
                -0.5844509610528954
            ],
            [
                -0.43281743846082404,
                -0.40433885269133085,
                -0.805716548898227
            ]
        ],
        "translation_vector": [
            -0.018453087023214427,
            0.01819368689981722,
            0.461941302547149
        ],
        "camera_position": [
            0.17668377972721447,
            0.19401646814656742,
            0.3810534683373039
        ]
    },
    {
        "frame": 55,
        "rotation_matrix": [
            [
                -0.5724160999181904,
                0.8117248717257535,
