[
    {
        "frame": 1,
        "rotation_matrix": [
            [
                -0.6617522583051133,
                0.748750043572484,
                0.03817487234145239
            ],
            [
                0.5019356133936211,
                0.4802884225913028,
                -0.7192938698000478
            ],
            [
                -0.5569062655737067,
                -0.4568330147602758,
                -0.69365626068665
            ]
        ],
        "translation_vector": [
            -0.003558069518006767,
            0.01399006081538852,
            0.41435808963584053
        ],
        "camera_position": [
            0.22138194601381753,
            0.18523729574431178,
            0.29762087687433164
        ]
    },
    {
        "frame": 2,
        "rotation_matrix": [
            [
                -0.6463061109719048,
                0.7630720831533497,
                -0.0030670559791333707
            ],
            [
                0.5941165548580691,
                0.5006738675722147,
                -0.629564291851006
            ],
            [
                -0.47886734088257754,
                -0.40871343780488445,
                -0.7769423373672991
            ]
        ],
        "translation_vector": [
            0.001067700149288681,
            0.015410296501090617,
            0.44513853068647974
        ],
        "camera_position": [
            0.20469685337881377,
            0.17340383424954972,
            0.3555520175838487
        ]
    },
    {
        "frame": 3,
        "rotation_matrix": [
            [
                -0.6402483823701464,
                0.7678459460015901,
                0.022239875928928343
            ],
            [
                0.5830882995583886,
                0.5046336166551079,
                -0.636673344706446
            ],
            [
                -0.5000900356840934,
                -0.39466126760870435,
                -0.7708128437298984
            ]
        ],
        "translation_vector": [
            0.0013538646179648314,
            0.014304917283514858,
            0.4497995447606495
        ],
        "camera_position": [
            0.21746605012747425,
            0.1692601569019845,
            0.3557887159568863
        ]
    },
    {
        "frame": 4,
        "rotation_matrix": [
            [
                -0.6372369599444356,
                0.7691993090446845,
                0.04755501914576174
            ],
            [
                0.5794167733605029,
                0.5188713607850163,
                -0.628529007847378
            ],
            [
                -0.508139016047063,
                -0.37296773844702136,
                -0.7763309902666755
            ]
        ],
        "translation_vector": [
            0.0010362698729306501,
            0.012700240636867243,
            0.4524081684863524
        ],
        "camera_position": [
            0.22318785859910178,
            0.16134676224352332,
            0.3591516712590087
        ]
    },
    {
        "frame": 5,
        "rotation_matrix": [
            [
                -0.6408730222614594,
                0.7674248918816389,
                0.018460895371516878
            ],
            [
                0.5896469230389421,
                0.5075251097090605,
                -0.6282792127434381
            ],
            [
                -0.4915264748598708,
                -0.3917617877425788,
                -0.7777688770943252
            ]
        ],
        "translation_vector": [
            0.0007370718675278615,
            0.013010839917332555,
            0.4509660414286902
        ],
        "camera_position": [
            0.21446231637691363,
            0.16950228734659972,
            0.3589081849034302
        ]
    },
    {
        "frame": 6,
        "rotation_matrix": [
            [
                -0.6318193278380495,
                0.7734607566260645,
                0.05062405485252211
            ],
            [
                0.580058064963215,
                0.515134106816684,
                -0.6310067299683156
            ],
            [
                -0.5141371200773251,
                -0.369317356691521,
                -0.7741238349288709
            ]
        ],
        "translation_vector": [
            0.00022087172308737175,
            0.01187276829622458,
            0.4530150194963101
        ],
        "camera_position": [
            0.22616449349556106,
            0.16101940604016154,
            0.358170339448908
        ]
    },
    {
        "frame": 7,
        "rotation_matrix": [
            [
                -0.601354488262262,
                0.7929348930266238,
                0.09811745444970416
            ],
            [
                0.610873612275989,
                0.5354466896920542,
                -0.5832068863814155
            ],
            [
                -0.514981756251343,
                -0.29077671488390766,
                -0.8063762724743362
            ]
        ],
        "translation_vector": [
            -0.0021983712504198257,
            0.01024486988777028,
            0.44446817723982357
        ],
        "camera_position": [
            0.22131268141885113,
            0.12549858005278636,
            0.36459916925576735
        ]
    },
    {
        "frame": 8,
        "rotation_matrix": [
            [
                -0.6416604166573155,
                0.766980509910328,
                -0.0035787026774617148
            ],
            [
                0.595295205472284,
                0.4950745292736287,
                -0.632870309626077
            ],
            [
                -0.48362746824066105,
                -0.4082182111104167,
                -0.7742495489704464
            ]
        ],
        "translation_vector": [
            0.0005018165678793171,
            0.012951108034641366,
            0.4488460823622718
        ],
        "camera_position": [
            0.20968655775206013,
            0.17643049756490983,
            0.3557170444303201
        ]
    },
    {
        "frame": 9,
        "rotation_matrix": [
            [
                -0.6303538564320671,
                0.7744390540860693,
                0.053834628144860064
            ],
            [
                0.5790224628208926,
                0.5152199528004491,
                -0.6318871638078521
            ],
            [
                -0.5170947720003065,
                -0.36714105156271704,
                -0.7731884925601088
            ]
        ],
        "translation_vector": [
            0.00015457485695870822,
            0.01217060929827194,
            0.4520283810370382
        ],
        "camera_position": [
            0.22679189331729002,
            0.15956792559591376,
            0.35718527283976764
        ]
    },
    {
        "frame": 10,
        "rotation_matrix": [
            [
                -0.6460252434092245,
                0.763291013331817,
                -0.006181734784029169
            ],
            [
                0.5905866063866542,
                0.4946902193395346,
                -0.6375649357096879
            ],
            [
                -0.48358954210647226,
                -0.4155338925487198,
                -0.7703718186100538
            ]
        ],
        "translation_vector": [
            0.0011337373381723583,
            0.012754748799671149,
            0.4489806757222966
        ],
        "camera_position": [
            0.21032199851814282,
            0.17939166685900473,
            0.35402104873895135
        ]
    },
    {
        "frame": 11,
        "rotation_matrix": [
            [
                -0.6332939116008725,
                0.7723178878668188,
                0.04963770351458935
            ],
            [
                0.5823606499821051,
                0.5178081880560791,
                -0.6266823387765924
            ],
            [
                -0.5097007895635304,
                -0.36796706437263593,
                -0.7776923200439221
            ]
        ],
        "translation_vector": [
            0.0010724981024185063,
            0.011099080225178602,
            0.4543062876124955
        ],
        "camera_position": [
            0.22577581244409187,
            0.16059424688911056,
            0.36021287203485913
        ]
    },
    {
        "frame": 12,
        "rotation_matrix": [
            [
                -0.6212566153901847,
                0.7822200866428175,
                0.04660422605767933
            ],
            [
                0.6044794788526571,
                0.5162387509486189,
                -0.6067141927341325
            ],
            [
                -0.4986429358568636,
                -0.3487539076075179,
                -0.793552729469526
            ]
        ],
        "translation_vector": [
            -0.001003048693580046,
            0.01087945158641855,
            0.4418358251636474
        ],
        "camera_position": [
            0.21311875716473494,
            0.1492601808848346,
            0.3572674890307391
        ]
    },
    {
        "frame": 13,
        "rotation_matrix": [
            [
                -0.6074148942535955,
                0.7903416370073713,
                0.08004525627045045
            ],
            [
                0.6092128963060999,
                0.5281219931092831,
                -0.5915630206230031
            ],
            [
                -0.5098105463927033,
                -0.3105595872079739,
                -0.8022754823500381
            ]
        ],
        "translation_vector": [
            -0.0012024181630551289,
            0.009806835375982882,
            0.44480883675268434
        ],
        "camera_position": [
            0.22006341882082836,
            0.1339107644228704,
            0.36275683308709417
        ]
    },
    {
        "frame": 14,
        "rotation_matrix": [
            [
                -0.6355511278898283,
                0.7713531247835791,
                0.03300182910954533
            ],
            [
                0.5847559050740893,
                0.5088359307623438,
                -0.6317804421206806
            ],
            [
                -0.5041183346387533,
                -0.3822307581184804,
                -0.7744445443214264
            ]
        ],
        "translation_vector": [
            0.0010790944600894891,
            0.011036913772832451,
            0.4521832407130914
        ],
        "camera_position": [
            0.2221857814585904,
            0.16639000173016663,
            0.3571281379759189
        ]
    },
    {
        "frame": 15,
        "rotation_matrix": [
            [
                -0.5929691985903536,
                0.7996081572863146,
                0.09494379560718111
            ],
            [
                0.5659370538752023,
                0.49772571543682154,
                -0.6572551736152108
            ],
            [
                -0.572802566836227,
                -0.33599986159831785,
                -0.7476639033895784
            ]
        ],
        "translation_vector": [
            -0.0004152385232582113,
            0.011024959780754507,
            0.43093864843598706
        ],
        "camera_position": [
            0.24035710706129476,
            0.13963994834773638,
            0.3294829081873603
        ]
    },
    {
        "frame": 16,
        "rotation_matrix": [
            [
                -0.6335311135370381,
                0.772559658763316,
                0.04230723143896073
            ],
            [
                0.5836441795636921,
                0.5130785126427272,
                -0.6293726332831391
            ],
            [
                -0.5079348381849249,
                -0.3740347758108016,
                -0.7759511496493949
            ]
        ],
        "translation_vector": [
            0.0007731378103445425,
            0.01084125342079202,
            0.4520009504795749
        ],
        "camera_position": [
            0.22374940204096008,
            0.16290436491563737,
            0.3575211360605026
        ]
    },
    {
        "frame": 17,
        "rotation_matrix": [
            [
                -0.6411542672864989,
                0.7673012365947692,
                0.01303908970943285
            ],
            [
                0.6005722890132955,
                0.5122686919770785,
                -0.6139166986566039
            ],
            [
                -0.47773855947541355,
                -0.38578439514867746,
                -0.7892631178828299
            ]
        ],
        "translation_vector": [
            0.0010179715959970472,
            0.009969494045702113,
            0.4536771424827705
        ],
        "camera_position": [
            0.21140433949005896,
            0.16913341146660402,
            0.3641778014369766
        ]
    },
    {
        "frame": 18,
        "rotation_matrix": [
            [
                -0.6356987601643056,
                0.7716595709526549,
                0.020702484940924804
            ],
            [
                0.5919595197714632,
                0.5045228828008842,
                -0.6285225434956357
            ],
            [
                -0.49545031363145103,
                -0.3872959685917855,
                -0.7775158001192306
            ]
        ],
        "translation_vector": [
            0.0002170899670901242,
            0.010359442635053607,
            0.4543275915130896
        ],
        "camera_position": [
            0.21910238084215894,
            0.1705651491997246,
            0.3597535297639493
        ]
    },
    {
        "frame": 19,
        "rotation_matrix": [
            [
                -0.6400429264010675,
                0.7682415105467122,
                -0.012248830020191587
            ],
            [
                0.6089498631523942,
                0.49748233566527345,
                -0.6178117754362603
            ],
            [
                -0.468535075027087,
                -0.4028849800798358,
                -0.7862306126674491
            ]
        ],
        "translation_vector": [
            0.00019752168559049272,
            0.010295224078919307,
            0.4490898027780835
        ],
        "camera_position": [
            0.20427147150222094,
            0.17565809976722366,
            0.35945108085717986
        ]
    },
    {
        "frame": 20,
        "rotation_matrix": [
            [
                -0.6012349364255785,
                0.7948603988176015,
                0.0819359360284247
            ],
            [
                0.6173128986593996,
                0.5271370196324872,
                -0.583996016837194
            ],
            [
                -0.5073867719699248,
                -0.3005386978818233,
                -0.8076107693099676
            ]
        ],
        "translation_vector": [
            -0.0023834289613572112,
            0.008148851651268586,
            0.4442196764870397
        ],
        "camera_position": [
            0.21892779570463683,
            0.13110413506680055,
            0.3637107800593672
        ]
    },
    {
        "frame": 21,
        "rotation_matrix": [
            [
                -0.6042870245828065,
                0.7931837906438751,
                0.07547626236554225
            ],
            [
                0.62140093697348,
                0.5284564977562191,
                -0.5784415316241679
            ],
            [
                -0.49869636799293027,
                -0.30264369188708573,
                -0.8122245553488362
            ]
        ],
        "translation_vector": [
            -0.002321729900852152,
            0.007910538929894495,
            0.44542239492767344
        ],
        "camera_position": [
            0.21581192301647084,
            0.1324654608754515,
            0.3665340264122627
        ]
    },
    {
        "frame": 22,
        "rotation_matrix": [
            [
                -0.6041081450537082,
                0.7932665589590426,
                0.07603627763802934
            ],
            [
                0.6199480598661238,
                0.5277720905995029,
                -0.5806212392364396
            ],
            [
                -0.5007172377180525,
                -0.3036194770127727,
                -0.8106154828465181
            ]
        ],
        "translation_vector": [
            -0.002489909287786438,
            0.007766613836512594,
            0.445556765552557
        ],
        "camera_position": [
            0.21677888123319428,
            0.13315587188803718,
            0.36587399702824536
        ]
    },
    {
        "frame": 23,
        "rotation_matrix": [
            [
                -0.6303225483863463,
                0.7760668517621399,
                0.020340270198371646
            ],
            [
                0.5942715788086281,
                0.4991956128258582,
                -0.6305910170274516
            ],
            [
                -0.49953455898070015,
                -0.38538809235810073,
                -0.7758487240774077
            ]
        ],
        "translation_vector": [
            -0.0004739741863040286,
            0.009491180988197137,
            0.4518373787390625
        ],
        "camera_position": [
            0.2197692899918183,
            0.16976262519306926,
            0.35655214802033736
        ]
    },
    {
        "frame": 24,
        "rotation_matrix": [
            [
                -0.6502168269669308,
                0.7585063415383062,
                0.04343049361025941
            ],
            [
                0.5010408352092632,
                0.47107685711783,
                -0.7259784267736826
            ],
            [
                -0.5711183409608381,
                -0.45028293831119326,
                -0.6863447501685853
            ]
        ],
        "translation_vector": [
            -0.005547309834983813,
            0.009751360466107322,
            0.4088903473282261
        ],
        "camera_position": [
            0.22503199280952674,
            0.18373037648935417,
            0.2879599430177675
        ]
    },
    {
        "frame": 25,
        "rotation_matrix": [
            [
                -0.6358998596241077,
                0.771769421212463,
                -0.0018245578698012077
            ],
            [
                0.6013239063495975,
                0.4939764860264969,
                -0.6280101837592879
            ],
            [
                -0.4837777673503616,
                -0.40044873796067104,
                -0.7782029812865056
            ]
        ],
        "translation_vector": [
            -0.0006909777306099095,
            0.009834740393954546,
            0.45234688542490586
        ],
        "camera_position": [
            0.2124821091452256,
            0.17681688437127882,
            0.3581927512065031
        ]
    },
    {
        "frame": 26,
        "rotation_matrix": [
            [
                -0.6399878731902677,
                0.7675359489478777,
                -0.03611217581479312
            ],
            [
                0.6101382819296963,
                0.4790552608976002,
                -0.6310604835752353
            ],
            [
                -0.4670618792978891,
                -0.4259044776461177,
                -0.7748926227728018
            ]
        ],
        "translation_vector": [
            -0.0007275345407945569,
            0.01090792129879138,
            0.4490243194419179
        ],
        "camera_position": [
            0.2026011888448934,
            0.18657438005283167,
            0.35480291781548756
        ]
    },
    {
        "frame": 27,
        "rotation_matrix": [
            [
                -0.6034918043893004,
                0.7944793123532116,
                0.06782524808443352
            ],
            [
                0.6251375635407769,
                0.5242255732570532,
                -0.5782651424680688
            ],
            [
                -0.49497542230422703,
                -0.30657816390943926,
                -0.8130246987199523
            ]
        ],
        "translation_vector": [
            -0.0034252418628559498,
            0.008010776634065681,
            0.44657344798143683
        ],
        "camera_position": [
            0.21396793822509255,
            0.13543149755947434,
            0.3679399137721132
        ]
    },
    {
        "frame": 28,
        "rotation_matrix": [
            [
                -0.6379917540247817,
                0.7696301989978516,
                -0.025216633139854533
            ],
            [
                0.60430997114194,
                0.4801148691339143,
                -0.6358452415603599
            ],
            [
                -0.4772588192739975,
                -0.4209026837964474,
                -0.7714045308384815
            ]
        ],
        "translation_vector": [
            -0.0015153206779705767,
            0.010915068155358072,
            0.448794384901866
        ],
        "camera_position": [
            0.20662823161583932,
            0.18482451111390577,
            0.3531041047904347
        ]
    },
    {
        "frame": 29,
        "rotation_matrix": [
            [
                -0.6280992735565407,
                0.7778507283382302,
                0.020965375776035827
            ],
            [
                0.5956275559005787,
                0.4979460560535368,
                -0.6302995636303659
            ],
            [
                -0.5007186008225063,
                -0.3834031425072199,
                -0.7760688842531568
            ]
        ],
        "translation_vector": [
            -0.001936506257247407,
            0.009704906121961997,
            0.4537277728358212
        ],
        "camera_position": [
            0.2201931078815808,
            0.17063444702288652,
            0.35828160409448767
        ]
    },
    {
        "frame": 30,
        "rotation_matrix": [
            [
                -0.6338813291655909,
                0.7733750780269438,
                -0.00924387484134756
            ],
            [
                0.606618211768987,
                0.48971705208106886,
                -0.6262519892592953
            ],
            [
                -0.4798007979208251,
                -0.40257694617035195,
                -0.7795659027476081
            ]
        ],
        "translation_vector": [
            -0.002572328623522088,
            0.010000603521413848,
            0.453077202743253
        ],
        "camera_position": [
            0.20968970408424867,
            0.1794903454341732,
            0.35944265813613735
        ]
    },
    {
        "frame": 31,
        "rotation_matrix": [
            [
                -0.6294230318369625,
                0.7769681356866626,
                -0.012131080774529374
            ],
            [
                0.6109733873482116,
                0.48518356071208,
                -0.6255465069577159
            ],
            [
                -0.4801439023307683,
                -0.401145146477356,
                -0.7800925615029554
            ]
        ],
        "translation_vector": [
            -0.0032450244864838857,
            0.010178916900202395,
            0.4530839216598422
        ],
        "camera_position": [
            0.20928394174036424,
            0.17933505360046068,
            0.35977541728080425
        ]
    },
    {
        "frame": 32,
        "rotation_matrix": [
            [
                -0.6013872786440777,
                0.7973344360927619,
                0.05090322294028518
            ],
            [
                0.6331333946252293,
                0.5144610477702718,
                -0.5783354864933058
            ],
            [
                -0.4873145244043158,
                -0.31557507402796037,
                -0.8142093876619472
            ]
        ],
        "translation_vector": [
            -0.006525387912671805,
            0.008147888920989919,
            0.44901881090470097
        ],
        "camera_position": [
            0.20973040243414146,
            0.1427102895114262,
            0.3706397076541169
        ]
    },
    {
        "frame": 33,
        "rotation_matrix": [
            [
                -0.6234380132646964,
                0.7816377420929874,
                -0.019169865736225422
            ],
            [
                0.6157261958747398,
                0.4757002755247832,
                -0.6281643889773338
            ],
            [
                -0.4818778842509687,
                -0.40342494717285654,
                -0.7778444681736754
            ]
        ],
        "translation_vector": [
            -0.006888000075778703,
            0.009615327520998659,
            0.4558296639372774
        ],
        "camera_position": [
            0.20943958391772058,
            0.184702964969485,
            0.360472546823478
        ]
    },
    {
        "frame": 34,
        "rotation_matrix": [
            [
                -0.5946190726179823,
                0.8038104507270678,
                0.017802184722077535
            ],
            [
                0.6584328145278446,
                0.49954388895012536,
                -0.562958374807166
            ],
            [
                -0.46140479758220077,
                -0.3230242441590614,
                -0.8262935013986226
            ]
        ],
        "translation_vector": [
            -0.011326580646592003,
            0.008111045837300292,
            0.45682403810191763
        ],
        "camera_position": [
            0.19870522321167156,
            0.1526178401352781,
            0.38223855302978443
        ]
    },
    {
        "frame": 35,
        "rotation_matrix": [
            [
                -0.5213865947518299,
                0.8451688463111919,
                0.11766749779824398
            ],
            [
                0.5825531593989326,
                0.4533049765631527,
                -0.674645399226439
            ],
            [
                -0.6235285360650409,
                -0.2832034947667279,
                -0.7287029197584562
            ]
        ],
        "translation_vector": [
            -0.015503572014521304,
            0.011890366118507903,
            0.4090409993609965
        ],
        "camera_position": [
            0.24003861055425563,
            0.12355501446044705,
            0.30791541785812787
        ]
    },
    {
        "frame": 36,
        "rotation_matrix": [
            [
                -0.5066926219066306,
                0.8543043889625355,
                0.11587319752528302
            ],
            [
                0.6009114702989418,
                0.44634143906670287,
                -0.663087267737082
            ],
            [
                -0.6181973728256601,
                -0.2663518927494485,
                -0.7395192204806025
            ]
        ],
        "translation_vector": [
            -0.019131852804203146,
            0.011341754277412549,
            0.4166985106469736
        ],
        "camera_position": [
            0.24109256564442175,
            0.12227056791059232,
            0.3178939995832389
        ]
    },
    {
        "frame": 37,
        "rotation_matrix": [
            [
                -0.539195370158598,
                0.8418686506985055,
                0.022924392480723477
            ],
            [
                0.6255095952884394,
                0.4185526531003505,
                -0.6584462185970468
            ],
            [
                -0.5639202949013495,
                -0.34069172510311296,
                -0.7522785717037537
            ]
        ],
        "translation_vector": [
            -0.021163601372603372,
            0.01099352622745039,
            0.44025662067789445
        ],
        "camera_position": [
            0.22998177134763462,
            0.16320739054886568,
            0.338919430264371
        ]
    },
    {
        "frame": 38,
        "rotation_matrix": [
            [
                -0.5530388735048355,
                0.8318362313896678,
                -0.04686671035967446
            ],
            [
                0.6586850376042322,
                0.40208948397559574,
                -0.6359701786346198
            ],
            [
                -0.5101784252874807,
                -0.382586632050408,
                -0.7702891946194702
            ]
        ],
        "translation_vector": [
            -0.023105744799689666,
            0.010702068773574804,
            0.459145861043272
        ],
        "camera_position": [
            0.21441864471624514,
            0.19058007496341728,
            0.3593984018564039
        ]
    },
    {
        "frame": 39,
        "rotation_matrix": [
            [
                -0.5451820126361016,
                0.8366803794998969,
                -0.052369033387663105
            ],
            [
                0.6725940194290412,
                0.39926484846640053,
                -0.6230608845108071
            ],
            [
                -0.5003937031241864,
                -0.3749046856722534,
                -0.7804182330870113
            ]
        ],
        "translation_vector": [
            -0.024261337405751548,
            0.009832486735643105,
            0.46822127694300253
        ],
        "camera_position": [
            0.21445486212042417,
            0.19191156931864228,
            0.3702641167394216
        ]
    },
    {
        "frame": 40,
        "rotation_matrix": [
            [
                -0.5304846342536924,
                0.843549274934847,
                -0.08372976518311923
            ],
            [
                0.6728050574158633,
                0.3588940319799113,
                -0.6469377315668328
            ],
            [
                -0.5156737413678955,
                -0.39952433538659005,
                -0.7579319876463457
            ]
        ],
        "translation_vector": [
            -0.02408931645494785,
            0.01145847975937811,
            0.4532020980195613
        ],
        "camera_position": [
            0.21321608612009552,
            0.19727341243511737,
            0.348892297050002
        ]
    },
    {
        "frame": 41,
        "rotation_matrix": [
            [
                -0.511397971689346,
                0.8585411824120645,
                -0.03713694460395478
            ],
            [
                0.6745373129381161,
                0.37426915445229525,
                -0.6363348281210055
            ],
            [
                -0.532420442889122,
                -0.35047059524025403,
                -0.7705185486837376
            ]
        ],
        "translation_vector": [
            -0.02457949055033711,
            0.009605282450096182,
            0.46295681076977935
        ],
        "camera_position": [
            0.227438647202082,
            0.17976029298031385,
            0.3619161785155565
        ]
    },
    {
        "frame": 42,
        "rotation_matrix": [
            [
                -0.5071812798252879,
                0.8606147899365825,
                -0.04592747257573346
            ],
            [
                0.6786104893163286,
                0.3659355992027109,
                -0.6368507996587628
            ],
            [
                -0.5312767199724037,
                -0.3541656682663701,
                -0.7696179092489983
            ]
        ],
        "translation_vector": [
            -0.02360483133967385,
            0.008578877121302723,
            0.46885109461096286
        ],
        "camera_position": [
            0.2312960271303957,
            0.1832263116653223,
            0.3652155536944618
        ]
    },
    {
        "frame": 43,
        "rotation_matrix": [
            [
                -0.5005295577774107,
                0.8624377990027203,
                -0.07530740098086677
            ],
            [
                0.6957374695866128,
                0.3489603427551974,
                -0.6278344149514203
            ],
            [
                -0.5151888345105772,
                -0.36664386267264637,
                -0.7746952579951131
            ]
        ],
        "translation_vector": [
            -0.022780687757362014,
            0.008198546966409044,
            0.46794006208762906
        ],
        "camera_position": [
            0.22397105131797865,
            0.1883533103128211,
            0.3659427226757686
        ]
    },
    {
        "frame": 44,
        "rotation_matrix": [
            [
                -0.4837635058420129,
                0.8715906445683307,
                -0.07938903398081174
            ],
            [
                0.6967169382523647,
                0.32862227242717335,
                -0.637646383207065
            ],
            [
                -0.5296776173935381,
                -0.3637817345136535,
                -0.7662274279001909
            ]
        ],
        "translation_vector": [
            -0.022350659402441245,
            0.007709755306159102,
            0.4600444751414955
        ],
        "camera_position": [
            0.2274913110260203,
            0.1843028054469301,
            0.3556403952349513
        ]
    },
    {
        "frame": 45,
        "rotation_matrix": [
            [
                -0.47004820406885167,
                0.8796557493331352,
                -0.07252894950850791
            ],
            [
                0.7088432430339895,
                0.32725331116452494,
                -0.62485720539729
            ],
            [
                -0.525923894358018,
                -0.34512466297993694,
                -0.7773628652992638
            ]
        ],
        "translation_vector": [
            -0.02312723210288986,
            0.006245943842223805,
            0.46893908178213545
        ],
        "camera_position": [
            0.2313279591035568,
            0.1801424394399341,
            0.36676125742982496
        ]
    },
    {
        "frame": 46,
        "rotation_matrix": [
            [
                -0.46334012491580034,
                0.8803425898998865,
                -0.10155221834785613
            ],
            [
                0.7185475413539859,
                0.30614856147374514,
                -0.6244697663792045
            ],
            [
                -0.5186572658867822,
                -0.36231199637317646,
                -0.7744189162378016
            ]
        ],
        "translation_vector": [
            -0.023694458864965712,
            0.006137370767705277,
            0.4682597622850243
        ],
        "camera_position": [
            0.2274777418257273,
            0.18863642334641245,
            0.36405559525574127
        ]
    },
    {
        "frame": 47,
        "rotation_matrix": [
            [
                -0.4472768043120474,
                0.8757743225647566,
                -0.1815565924461127
            ],
            [
                0.7477127757324603,
                0.2547481588087426,
                -0.6132120192804563
            ],
            [
                -0.49078413312867175,
                -0.41002769603990996,
                -0.7687705920164619
            ]
        ],
        "translation_vector": [
            -0.025364333091783535,
            0.007336969307191534,
            0.4626626158599341
        ],
        "camera_position": [
            0.21023664732091812,
            0.21004883863336696,
            0.35557546897697573
        ]
    },
    {
        "frame": 48,
        "rotation_matrix": [
            [
                -0.3946799309079604,
                0.9164965149981452,
                -0.06528315352939057
            ],
            [
                0.7160238985260876,
                0.26226640316482697,
                -0.6469359400361732
            ],
            [
                -0.5757929566067914,
                -0.30207693021354454,
                -0.7597446935351183
            ]
        ],
        "translation_vector": [
            -0.02741069055123592,
            0.007290544681932546,
            0.44332605590320856
        ],
        "camera_position": [
            0.2392253667908989,
            0.15712831148397688,
            0.3397416775358947
        ]
    },
    {
        "frame": 49,
        "rotation_matrix": [
            [
                -0.40349721057368804,
                0.9003104735799352,
                -0.16319023322958326
            ],
            [
                0.7685453896993739,
                0.2367026262036389,
                -0.594398730415988
            ],
            [
                -0.4965158456999037,
                -0.3652573310839546,
                -0.7874383131765534
            ]
        ],
        "translation_vector": [
            -0.02985601478588296,
            0.007804253978398532,
            0.4740889910322291
        ],
        "camera_position": [
            0.21734795421928957,
            0.1981968749595576,
            0.37308246403438255
        ]
    },
    {
        "frame": 50,
        "rotation_matrix": [
            [
                -0.3540685387869765,
                0.9321629299229451,
                -0.07554959906396386
            ],
            [
                0.7157013153326742,
                0.21807468651649564,
                -0.6634870445847545
            ],
            [
                -0.6020025723137197,
                -0.28899083580314866,
                -0.7443636206515349
            ]
        ],
        "translation_vector": [
            -0.030599119739540617,
            0.010610301641389094,
            0.42814421607920955
        ],
        "camera_position": [
            0.23931592694575968,
            0.14993928175419646,
            0.32342302529189904
        ]
    },
    {
        "frame": 51,
        "rotation_matrix": [
            [
                -0.36460116192375347,
                0.9094862727176396,
                -0.19975162693210885
            ],
            [
                0.7906348750090935,
                0.18904805224067633,
                -0.5823721562397723
            ],
            [
                -0.49189682570962406,
                -0.37026416742939355,
                -0.7879987050589702
            ]
        ],
        "translation_vector": [
            -0.034888055098858436,
            0.01067318489793304,
            0.4733055478596918
        ],
        "camera_position": [
            0.211658678948907,
            0.20496054699605132,
            0.3722109787471246
        ]
    },
    {
        "frame": 52,
        "rotation_matrix": [
            [
                -0.3347692896652186,
                0.9340275619987517,
                -0.12458746375022525
            ],
            [
                0.7644857714548023,
                0.19191502259936155,
                -0.6154105372382268
            ],
            [
                -0.5509001978037412,
                -0.30126589174241997,
                -0.7782980370863359
            ]
        ],
        "translation_vector": [
            -0.03596765763031817,
            0.011966512924694285,
            0.46494711809805966
        ],
        "camera_position": [
            0.23495036326781835,
            0.17137093811575382,
            0.36475062827132515
        ]
    },
    {
        "frame": 53,
        "rotation_matrix": [
            [
                -0.32199061613365376,
