[
    {
        "frame": 1,
        "rotation_matrix": [
            [
                -0.6957285814763114,
                0.7057147215175148,
                0.1338972469859475
            ],
            [
                0.48111908162143163,
                0.5962453503278713,
                -0.6426631399980427
            ],
            [
                -0.5333724498103642,
                -0.3826985942564333,
                -0.7543577504986876
            ]
        ],
        "translation_vector": [
            0.001555836255352244,
            -0.005684109802902248,
            0.3896750107105914
        ],
        "camera_position": [
            0.2116590885317414,
            0.1514192263068647,
            0.29009307445981436
        ]
    },
    {
        "frame": 4,
        "rotation_matrix": [
            [
                -0.7239734112527623,
                0.6886294446746596,
                0.04064465187584457
            ],
            [
                0.5570462736542389,
                0.6183574378492571,
                -0.554376702310287
            ],
            [
                -0.40689304344872435,
                -0.3787130404192225,
                -0.8312728097378519
            ]
        ],
        "translation_vector": [
            0.012849723850274533,
            -0.011611802096474302,
            0.45848590852524623
        ],
        "camera_position": [
            0.2023258961959816,
            0.17196613840091673,
            0.37416728429827495
        ]
    },
    {
        "frame": 5,
        "rotation_matrix": [
            [
                -0.671819574864455,
                0.7225406090977281,
                0.16307521894397997
            ],
            [
                0.4999871736662188,
                0.6047918994326418,
                -0.6198706192020424
            ],
            [
                -0.5465082661755531,
                -0.33490569804848214,
                -0.767572073760145
            ]
        ],
        "translation_vector": [
            0.008269941283486905,
            -0.00864425268402917,
            0.4078622984511587
        ],
        "camera_position": [
            0.2327780414700893,
            0.1358480133582203,
            0.3063567694814885
        ]
    },
    {
        "frame": 9,
        "rotation_matrix": [
            [
                -0.7498983144049722,
                0.6615518178889674,
                0.0013077845327016668
            ],
            [
                0.564898260771219,
                0.6413635503870979,
                -0.519175067980454
            ],
            [
                -0.3442999753561323,
                -0.38858974315164274,
                -0.8546669166915888
            ]
        ],
        "translation_vector": [
            0.007259460600367013,
            -0.013613131279703742,
            0.4852404317067186
        ],
        "camera_position": [
            0.18020216012968168,
            0.19248791157607634,
            0.4076418514530207
        ]
    },
    {
        "frame": 10,
        "rotation_matrix": [
            [
                -0.7414118702735983,
                0.6704139055261434,
                0.029217013786284274
            ],
            [
                0.5592433957041537,
                0.6413596147953595,
                -0.5252662837750341
            ],
            [
                -0.3708844334542663,
                -0.373099235843134,
                -0.8504361805771067
            ]
        ],
        "translation_vector": [
            0.006450562685159608,
            -0.013885196269750306,
            0.4886294073946169
        ],
        "camera_position": [
            0.19377276898728146,
            0.18688811571774094,
            0.4080662353193327
        ]
    },
    {
        "frame": 11,
        "rotation_matrix": [
            [
                -0.7548977684237571,
                0.6558424175679507,
                0.00028731073290905185
            ],
            [
                0.580417617732373,
                0.6682850030984508,
                -0.4653069348930665
            ],
            [
                -0.30536003054543415,
                -0.35109240657173035,
                -0.8851493511227144
            ]
        ],
        "translation_vector": [
            0.0058487462201181496,
            -0.015126422676235646,
            0.5045464119413595
        ],
        "camera_position": [
            0.16726315544620046,
            0.18341531955993648,
            0.4395588193622489
        ]
    },
    {
        "frame": 12,
        "rotation_matrix": [
            [
                -0.6538274036116256,
                0.7355899946305006,
                0.17724865609076118
            ],
            [
                0.5106511388617486,
                0.601845439564934,
                -0.6140174926287454
            ],
            [
                -0.55834141944305,
                -0.31094923488311155,
                -0.7691329096196104
            ]
        ],
        "translation_vector": [
            0.003287009385658908,
            -0.009685060445444532,
            0.42982006937120776
        ],
        "camera_position": [
            0.2470811715965139,
            0.13706323995303726,
            0.32405934604154435
        ]
    },
    {
        "frame": 14,
        "rotation_matrix": [
            [
                -0.7565602927080906,
                0.6537480746107133,
                -0.015165040066987129
            ],
            [
                0.5514622351440458,
                0.625381863032638,
                -0.5520751113750365
            ],
            [
                -0.35143410009186826,
                -0.426041054750139,
                -0.8336564597962446
            ]
        ],
        "translation_vector": [
            0.009818062667265122,
            -0.013085438351429708,
            0.465372430421675
        ],
        "camera_position": [
            0.17819182273929843,
            0.20003261735817002,
            0.38088547931058025
        ]
    },
    {
        "frame": 16,
        "rotation_matrix": [
            [
                -0.7707927916124127,
                0.6368309411749133,
                0.018022895456005494
            ],
            [
                0.4938998299542768,
                0.6151860036024083,
                -0.6144990959658401
            ],
            [
                -0.4024194706639832,
                -0.4647499686218089,
                -0.7887116306334954
            ]
        ],
        "translation_vector": [
            0.009106412560236496,
            -0.014746086970606066,
            0.46144519307499465
        ],
        "camera_position": [
            0.19999677734383123,
            0.21772898003304655,
            0.3547216096441436
        ]
    },
    {
        "frame": 17,
        "rotation_matrix": [
            [
                -0.7392478265247361,
                0.6734311702940642,
                -0.0017634780465554667
            ],
            [
                0.5702120017564095,
                0.6245432132550516,
                -0.5336703550226518
            ],
            [
                -0.3582888834884527,
                -0.3955202063781595,
                -0.8456907486281118
            ]
        ],
        "translation_vector": [
            0.008209801283605943,
            -0.015259511443147694,
            0.4815856538016446
        ],
        "camera_position": [
            0.18731702052557556,
            0.19447834540349257,
            0.3991434610070649
        ]
    },
    {
        "frame": 18,
        "rotation_matrix": [
            [
                -0.6982411241083976,
                0.7158504217343777,
                -0.0041840538422580065
            ],
            [
                0.6607585212163221,
                0.6422336901319237,
                -0.3885023344840436
            ],
            [
                -0.27542241964636893,
                -0.2740329559783752,
                -0.9214382398152864
            ]
        ],
        "translation_vector": [
            0.01199828950710971,
            -0.015602521653457527,
            0.5023227408159505
        ],
        "camera_position": [
            0.15703814300673147,
            0.13908446997406176,
            0.4568479675197464
        ]
    },
    {
        "frame": 19,
        "rotation_matrix": [
            [
                -0.7103114576638347,
                0.703790527751476,
                -0.011684440884235175
            ],
            [
                0.6403485932015016,
                0.6392113993531414,
                -0.42586672342630427
            ],
            [
                -0.29225213822371954,
                -0.3099801283700254,
                -0.9047104551840697
            ]
        ],
        "translation_vector": [
            0.011910573181161418,
            -0.01570022527256982,
            0.49645095815702556
        ],
        "camera_position": [
            0.16360268780876433,
            0.15554314612058362,
            0.4425973372251586
        ]
    },
    {
        "frame": 20,
        "rotation_matrix": [
            [
                -0.25415669853769407,
                0.766498260947008,
                -0.5898175892202878
            ],
            [
                0.25838351346999755,
                -0.5338652928459817,
                -0.8051247164640853
            ],
            [
                -0.9320098350099743,
                -0.3570269808567506,
                -0.06236507343853703
            ]
        ],
        "translation_vector": [
            0.015347416115702103,
            0.009749837073360898,
            0.07841904939402103
        ],
        "camera_position": [
            0.07446877673963657,
            0.021439048308458403,
            0.021792620557823113
        ]
    },
    {
        "frame": 22,
        "rotation_matrix": [
            [
                -0.40858513931114754,
                0.9127005575620968,
                0.005989671103448002
            ],
            [
                0.3579826611653869,
                0.16628643032288493,
                -0.9188020664949659
            ],
            [
                -0.8395871594057627,
                -0.373264671937098,
                -0.39467313874224164
            ]
        ],
        "translation_vector": [
            -0.015024146789636915,
            0.027817268133173898,
            0.1634852263700719
        ],
        "camera_position": [
            0.12116335403111711,
            0.07011017232018346,
            0.09017178057234676
        ]
    },
    {
        "frame": 23,
        "rotation_matrix": [
            [
                -0.7531916128869318,
                0.6576665437963689,
                -0.013308322498388425
            ],
            [
                0.5884816450753336,
                0.6646418158975989,
                -0.4603700793598251
            ],
            [
                -0.29392473132795643,
                -0.3545785861149562,
                -0.8876273309123076
            ]
        ],
        "translation_vector": [
            0.012365888792840623,
            -0.01432745783957189,
            0.5027849847616725
        ],
        "camera_position": [
            0.1655262712456441,
            0.17966678526895524,
            0.4398543303801947
        ]
    },
    {
        "frame": 25,
        "rotation_matrix": [
            [
                -0.7413852276484367,
                0.671039384971015,
                -0.007354457314947216
            ],
            [
                0.5713881797247866,
                0.6254642152371628,
                -0.5313285833912518
            ],
            [
                -0.3519424559433977,
                -0.3981214127316959,
                -0.8471339023017838
            ]
        ],
        "translation_vector": [
            0.012280980430333533,
            -0.010855185545494922,
            0.4838570714925392
        ],
        "camera_position": [
            0.18559730824816836,
            0.19118236941648556,
            0.40421437871781146
        ]
    },
    {
        "frame": 26,
        "rotation_matrix": [
            [
                -0.6707981432427861,
                0.7226739951995509,
                0.1666497755304529
            ],
            [
                0.5240981509520319,
                0.6209005534472666,
                -0.5829267800483522
            ],
            [
                -0.5247389629050733,
                -0.3036853624908492,
                -0.7952510430160464
            ]
        ],
        "translation_vector": [
            0.007229807523826473,
            -0.00855795996177799,
            0.43678716531653194
        ],
        "camera_position": [
            0.23853419659331865,
            0.13273471681938154,
            0.3411619389487183
        ]
    },
    {
        "frame": 27,
        "rotation_matrix": [
            [
                -0.7418098066517916,
                0.670464415314131,
                -0.013988515028834053
            ],
            [
                0.5731223145890758,
                0.6230023959163773,
                -0.5323521646452786
            ],
            [
                -0.3482083044318328,
                -0.40292118643716623,
                -0.8464074044127771
            ]
        ],
        "translation_vector": [
            0.010570129336860351,
            -0.01172942785356668,
            0.4855762170647256
        ],
        "camera_position": [
            0.18364509365643422,
            0.1958695115552577,
            0.40489897963551813
        ]
    },
    {
        "frame": 28,
        "rotation_matrix": [
            [
                -0.7227470115021442,
                0.691083934620875,
                0.00630497213711162
            ],
            [
                0.5700677721685121,
                0.6012942837336503,
                -0.559882058548107
            ],
            [
                -0.39071663965020603,
                -0.401058823189525,
                -0.82854832559259
            ]
        ],
        "translation_vector": [
            0.007962855290277846,
            -0.010905323169125968,
            0.4735102046224485
        ],
        "camera_position": [
            0.1969802191380382,
            0.19095975255315212,
            0.3861701868251347
        ]
    },
    {
        "frame": 30,
        "rotation_matrix": [
            [
                -0.7573336772711388,
                0.6489626418076508,
                -0.07275431814682363
            ],
            [
                0.5999218576144385,
                0.6474052791830319,
                -0.4700640054741285
            ],
            [
                -0.257952449159561,
                -0.3996422075106367,
                -0.8796286943640533
            ]
        ],
        "translation_vector": [
            0.008519311074132079,
            -0.016204559335516282,
            0.5121458332186579
        ],
        "camera_position": [
            0.14828270252759237,
            0.2096372939944768,
            0.44350080719820145
        ]
    },
    {
        "frame": 31,
        "rotation_matrix": [
            [
                -0.7479350680609924,
                0.6633667971721933,
                -0.023186771532597572
            ],
            [
                0.5900705048239778,
                0.6484850388799621,
                -0.4809199036072754
            ],
            [
                -0.30399002171350076,
                -0.3733786908198716,
                -0.8764578825820806
            ]
        ],
        "translation_vector": [
            0.00743993989707414,
            -0.016351968578589393,
            0.5052931748919439
        ],
        "camera_position": [
            0.16881748951440767,
            0.1943343020001452,
            0.4351767071829754
        ]
    },
    {
        "frame": 32,
        "rotation_matrix": [
            [
                -0.7480884358104805,
                0.6635784723440908,
                0.005225251009429194
            ],
            [
                0.595332154634913,
                0.6745875811232618,
                -0.43647591119329754
            ],
            [
                -0.29316090780385606,
                -0.3234118217315963,
                -0.8997007700896278
            ]
        ],
        "translation_vector": [
            0.006866261743244846,
            -0.01771200167855448,
            0.5077915279592353
        ],
        "camera_position": [
            0.164545720441197,
            0.17161777600805725,
            0.4490936887371036
        ]
    },
    {
        "frame": 33,
        "rotation_matrix": [
            [
                -0.7523177847961435,
                0.658406625425759,
                -0.02277424586869453
            ],
            [
                0.5634240810460036,
                0.625102525177079,
                -0.5401852810977964
            ],
            [
                -0.34142532943074055,
                -0.41922255260506125,
                -0.8412378948968045
            ]
        ],
        "translation_vector": [
            0.010228167180496763,
            -0.01513416569128298,
            0.4696790097617939
        ],
        "camera_position": [
            0.1765820961073895,
            0.19962614552982463,
            0.3871694666952556
        ]
    },
    {
        "frame": 34,
        "rotation_matrix": [
            [
                -0.7465499683639528,
                0.6651949076934155,
                -0.013374584648865623
            ],
            [
                0.5948508380261471,
                0.6583285248413857,
                -0.4612548469986584
            ],
            [
                -0.29801950479015904,
                -0.35230567432119764,
                -0.8871668876855778
            ]
        ],
        "translation_vector": [
            0.008378360955147648,
            -0.017690453620818076,
            0.5066007043836063
        ],
        "camera_position": [
            0.16775493731416166,
            0.18455118996324668,
            0.44139161982693154
        ]
    },
    {
        "frame": 35,
        "rotation_matrix": [
            [
                -0.7477405417173159,
                0.6636927028845161,
                -0.019901718773520205
            ],
            [
                0.5952144371364767,
                0.6567037946155146,
                -0.46309815370166424
            ],
            [
                -0.2942853310931451,
                -0.35812305465500055,
                -0.8860835297126165
            ]
        ],
        "translation_vector": [
            0.008708636213824419,
            -0.01770936927270066,
            0.5055741361687683
        ],
        "camera_position": [
            0.16583572467839344,
            0.1869077056937613,
            0.43995305572324905
        ]
    },
    {
        "frame": 37,
        "rotation_matrix": [
            [
                -0.7347633336486143,
                0.6780293309716008,
                -0.01997673316082152
            ],
            [
                0.5872156898909997,
                0.6210566205858961,
                -0.5191015387881874
            ],
            [
                -0.33955938666367713,
                -0.39314742828693433,
                -0.8544790942790568
            ]
        ],
        "translation_vector": [
            0.008593677424558382,
            -0.01496516078133056,
            0.48680987667310305
        ],
        "camera_position": [
            0.18040295943024728,
            0.1948554979053288,
            0.40837209811671166
        ]
    },
    {
        "frame": 40,
        "rotation_matrix": [
            [
                -0.6939638318947969,
                0.7134258212548461,
                0.0971483277711889
            ],
            [
                0.5634585536213468,
                0.6221096279333945,
                -0.5435936618316227
            ],
            [
                -0.44825066466524044,
                -0.3224952843057106,
                -0.8337074626196824
            ]
        ],
        "translation_vector": [
            0.005022886573381785,
            -0.01020131686633422,
            0.4679528821494676
        ],
        "camera_position": [
            0.21899391131568846,
            0.15367547823193026,
            0.38410247378033624
        ]
    },
    {
        "frame": 41,
        "rotation_matrix": [
            [
                -0.7123334666553324,
                0.6895848427141739,
                0.13059011058140826
            ],
            [
                0.47591915047818706,
                0.6113528061091132,
                -0.6322568375831407
            ],
            [
                -0.5158313624537744,
                -0.38822737044337974,
                -0.7636736962523337
            ]
        ],
        "translation_vector": [
            -0.002983446001615161,
            -0.004565517043557001,
            0.39934509583949807
        ],
        "camera_position": [
            0.2060423334360752,
            0.15988517725491538,
            0.30247237459536525
        ]
    },
    {
        "frame": 42,
        "rotation_matrix": [
            [
                -0.7514839421903241,
                0.6590943350484283,
                -0.029437087783268256
            ],
            [
                0.5674035954822342,
                0.6228858253703847,
                -0.5385781358229166
            ],
            [
                -0.3366378535814458,
                -0.4214355301344737,
                -0.8420611910522608
            ]
        ],
        "translation_vector": [
            0.009665017622868324,
            -0.007126277142033048,
            0.4793348326695875
        ],
        "camera_position": [
            0.17266883003407588,
            0.20007742797408448,
            0.4000757130242666
        ]
    },
    {
        "frame": 43,
        "rotation_matrix": [
            [
                -0.7486949642417696,
                0.6615655486482815,
                -0.04227144852868876
            ],
            [
                0.6019572515500758,
                0.6517564997000574,
                -0.46136854292962776
            ],
            [
                -0.27767484190198805,
                -0.370869909726345,
                -0.886200988621813
            ]
        ],
        "translation_vector": [
            0.007953038053259347,
            -0.007132414340207589,
            0.5214239219345416
        ],
        "camera_position": [
            0.15503411316113455,
            0.1927675842786792,
            0.45913190993645686
        ]
    },
    {
        "frame": 44,
        "rotation_matrix": [
            [
                -0.7487552907925941,
                0.6624560826476943,
                -0.02274759488757594
            ],
            [
                0.5927367492871639,
                0.6538034124615157,
                -0.47032355235323153
            ],
            [
                -0.29669624290608027,
                -0.3656405836566128,
                -0.8822008291929155
            ]
        ],
        "translation_vector": [
            0.008224749326793726,
            -0.005370517973835687,
            0.5225313022666298
        ],
        "camera_position": [
            0.16437470212300972,
            0.18912137809781313,
            0.4586387603131813
        ]
    },
    {
        "frame": 45,
        "rotation_matrix": [
            [
                -0.6676569251583031,
                0.7277539573398906,
                0.1568706724161303
            ],
            [
                0.5170883403231539,
                0.6049175193502868,
                -0.605553006007683
            ],
            [
                -0.535587414517935,
                -0.323185662366423,
                -0.7801904569082925
            ]
        ],
        "translation_vector": [
            0.004360761902510731,
            -0.0002924317341276018,
            0.45079837336719
        ],
        "camera_position": [
            0.24450464118385967,
            0.1426949062379999,
            0.35084743032331644
        ]
    },
    {
        "frame": 46,
        "rotation_matrix": [
            [
                -0.6672063560364658,
                0.7273839633156394,
                0.1604626074067522
            ],
            [
                0.5126589017307781,
                0.604706662923428,
                -0.6095167776954167
            ],
            [
                -0.5403855373163989,
                -0.32441088410724506,
                -0.776363992810088
            ]
        ],
        "translation_vector": [
            0.0033275736715572424,
            0.0002957500259214909,
            0.45058421108502467
        ],
        "camera_position": [
            0.2455577504338336,
            0.1435751565461818,
            0.34946367067028017
        ]
    },
    {
        "frame": 47,
        "rotation_matrix": [
            [
                -0.6042700682628607,
                0.7437996906182225,
                0.28569162542474763
            ],
            [
                0.5054116321906492,
                0.6350040139008751,
                -0.5842336727510333
            ],
            [
                -0.6159681539235464,
                -0.20864305060560742,
                -0.7596389344853278
            ]
        ],
        "translation_vector": [
            -0.0012839052363195478,
            -0.0003075398141560612,
            0.42751546109755056
        ],
        "camera_position": [
            0.26271551804067433,
            0.09034838731843686,
            0.32494451520286083
        ]
    },
    {
        "frame": 48,
        "rotation_matrix": [
            [
                -0.6908614793653796,
                0.7068515336596315,
                0.15189248069640032
            ],
            [
                0.4805762941985397,
                0.6059319439860589,
                -0.6339502383560358
            ],
            [
                -0.5401452043510875,
                -0.3649758740249866,
                -0.7583111298116488
            ]
        ],
        "translation_vector": [
            -0.004630335829018151,
            0.0020388534563577994,
            0.4125754738999193
        ],
        "camera_position": [
            0.21867191836065433,
            0.15261764773168313,
            0.3148564185757822
        ]
    },
    {
        "frame": 49,
        "rotation_matrix": [
            [
                -0.7358057480172748,
                0.6770685569544723,
                -0.012964195629788705
            ],
            [
                0.5711699647530266,
                0.6102080466049556,
                -0.5490091176133526
            ],
            [
                -0.36380595452626274,
                -0.4113688236147147,
                -0.8357158119893872
            ]
        ],
        "translation_vector": [
            0.002542843430954415,
            -0.002820850697752282,
            0.5110374365638043
        ],
        "camera_position": [
            0.18940068641416222,
            0.21022449556401374,
            0.4255663594220975
        ]
    },
    {
        "frame": 50,
        "rotation_matrix": [
            [
                -0.6378898427258587,
                0.7456335417881781,
                0.1926841195002758
            ],
            [
                0.5093462762676473,
                0.5961299780972092,
                -0.6206411362986686
            ],
            [
                -0.5776356285751951,
                -0.2977577380593801,
                -0.760050925942664
            ]
        ],
        "translation_vector": [
            -0.0042022015417162726,
            -0.00010536852318505273,
            0.43890195900319623
        ],
        "camera_position": [
            0.2508985363560682,
            0.13388257029689857,
            0.33433214180249704
        ]
    },
    {
        "frame": 51,
        "rotation_matrix": [
            [
                -0.653139202688891,
                0.7409533950836547,
                0.15619618505240593
            ],
            [
                0.5221856033938186,
                0.5900949766112478,
                -0.6157191845203508
            ],
            [
                -0.5483898043537585,
                -0.32058693811847305,
                -0.7723293582330462
            ]
        ],
        "translation_vector": [
            -0.0029101888150316405,
            -0.0011129716211024788,
            0.46239398221903344
        ],
        "camera_position": [
            0.2522525647986527,
            0.15105054420956324,
            0.3568897299497993
        ]
    },
    {
        "frame": 52,
        "rotation_matrix": [
            [
                -0.7239972754817896,
                0.6897600389160938,
                -0.007683346238100408
            ],
            [
                0.5824304783276941,
                0.6052963934854534,
                -0.5425781178304899
            ],
            [
                -0.36959800190195746,
                -0.3973000940699262,
                -0.8399702091396507
            ]
        ],
        "translation_vector": [
            -0.00017986419622759086,
            -0.003836316265845802,
            0.5166800115482783
        ],
        "camera_position": [
            0.19306806622063133,
            0.20772318872715712,
            0.43191293414066384
        ]
    },
    {
        "frame": 53,
        "rotation_matrix": [
            [
                -0.6503780930497568,
                0.745783597696079,
                0.1442746044474037
            ],
            [
                0.5283960914322597,
                0.5806274668154087,
                -0.6194104578860715
            ],
            [
                -0.5457159578389411,
                -0.3266168553320764,
                -0.7716965227166134
            ]
        ],
        "translation_vector": [
            -0.004071300130749434,
            -0.0014321409202709063,
            0.4628944539980329
        ],
        "camera_position": [
            0.2507177435912515,
            0.15505698012896643,
            0.35691434268785555
        ]
    },
    {
        "frame": 54,
        "rotation_matrix": [
            [
                -0.6324381990072581,
                0.7573007520300313,
                0.1628419338229706
            ],
            [
                0.5580567754276372,
                0.5912439444949815,
                -0.5822398419013626
            ],
            [
                -0.5372099774164322,
                -0.2773556725087208,
                -0.796542071137157
            ]
        ],
        "translation_vector": [
            -0.009633261680356373,
            0.000614354618075436,
            0.4280258634420859
        ],
        "camera_position": [
            0.22350447700854936,
            0.12564744407343195,
            0.3428670084631806
        ]
    },
    {
        "frame": 56,
        "rotation_matrix": [
            [
                -0.6344125146997384,
                0.7595788875265311,
                0.1433899397318783
            ],
            [
                0.5263722303907153,
                0.5603530659012534,
                -0.6394815998983624
            ],
            [
                -0.5660857145926383,
                -0.3302186475034731,
                -0.7553162308431609
            ]
        ],
        "translation_vector": [
            -0.017202172667107357,
            -0.000852316283066409,
            0.4222508144777935
        ],
        "camera_position": [
            0.2285655160538626,
            0.1529790980839514,
            0.3208544715835009
        ]
    },
    {
        "frame": 57,
        "rotation_matrix": [
            [
                -0.5202945126614701,
                0.8349038690627303,
                0.17952478803342553
            ],
            [
                0.5222286151506484,
                0.47739197691638013,
                -0.7066641167440906
            ],
            [
                -0.6757002986622095,
                -0.2739204807968053,
                -0.6843951173027522
            ]
        ],
        "translation_vector": [
            -0.015037494774167572,
            -0.0018693346304008286,
            0.4269110309944241
        ],
        "camera_position": [
            0.2816162051652366,
            0.1303869427901409,
            0.2935544364916626
        ]
    },
    {
        "frame": 58,
        "rotation_matrix": [
            [
                -0.6563649449588285,
                0.7532020374641804,
                -0.043263723707068824
            ],
            [
                0.6617324872755417,
                0.5472171084287136,
                -0.5125071233915115
            ],
            [
                -0.3623467597665516,
                -0.36502072133335745,
                -0.8575923849265199
            ]
        ],
        "translation_vector": [
            -0.017570885566374726,
            -0.007928286113466175,
            0.529359453050074
        ],
        "camera_position": [
            0.18552517371653302,
            0.21080009000741948,
            0.44915115077674156
        ]
    },
    {
        "frame": 59,
        "rotation_matrix": [
            [
                -0.597092226356629,
                0.8009448214711459,
                0.04436514603873734
            ],
            [
                0.631112514554584,
                0.5031844000531548,
                -0.590340963779185
            ],
            [
                -0.4951543872339962,
                -0.3244886014973428,
                -0.8059337939937898
            ]
        ],
        "translation_vector": [
            -0.018967879612895748,
            -0.004862242115474128,
            0.4948471398719653
        ],
        "camera_position": [
            0.23676878069834023,
            0.17821108570403904,
            0.39678516493648314
        ]
    },
    {
        "frame": 60,
        "rotation_matrix": [
            [
                -0.6234979594880321,
                0.77957692615241,
                -0.05924618743024729
            ],
            [
                0.7009685918477707,
                0.5238470716565312,
                -0.4839703283878362
            ],
            [
                -0.34625615916141284,
                -0.34328422877789816,
                -0.8730765204236968
            ]
        ],
        "translation_vector": [
            -0.018823852459260514,
            -0.007562198637641831,
            0.5460447106217287
        ],
        "camera_position": [
            0.18263557436253314,
            0.20608461401418116,
            0.471963694696429
        ]
    },
    {
        "frame": 61,
        "rotation_matrix": [
            [
                -0.6098260442670407,
                0.7902729926886635,
                -0.05983972560529416
            ],
            [
                0.7103078847806067,
                0.5115048181197748,
                -0.48355509495687976
            ],
            [
                -0.35153222405935103,
                -0.33738911966327567,
                -0.8732660976934385
            ]
        ],
        "translation_vector": [
            -0.015500999647478553,
            -0.006015969703763621,
            0.5457375570204115
        ],
        "camera_position": [
            0.18666461459008005,
            0.19945313280051982,
            0.4727374784170912
        ]
    },
    {
        "frame": 62,
        "rotation_matrix": [
            [
                -0.5492471510645063,
                0.8322043004622828,
                0.0759181752915987
            ],
            [
                0.6387066702475648,
                0.47664427442367163,
                -0.6040397545198493
            ],
            [
                -0.5388704449390334,
                -0.28327766934796283,
                -0.7933299475123792
            ]
        ],
        "translation_vector": [
            -0.012128242374473557,
            -0.001580078898372094,
            0.48991595680825906
        ],
        "camera_position": [
            0.25834903398830705,
            0.14962856144215336,
            0.3886313238608428
        ]
    },
    {
        "frame": 63,
        "rotation_matrix": [
            [
                -0.6097868118704237,
                0.7702877147950583,
                -0.18659282007813505
            ],
            [
                0.7388846505733077,
                0.46733661999928,
                -0.4854337820494251
            ],
            [
                -0.2867220208077247,
                -0.4338816889930419,
                -0.8541294765669194
            ]
        ],
        "translation_vector": [
            -0.007330471303602774,
            -0.00268435719114272,
            0.5573444390584118
        ],
        "camera_position": [
            0.15731632945223545,
            0.24872261697494558,
            0.4733734230237355
        ]
    },
    {
        "frame": 64,
        "rotation_matrix": [
            [
                -0.5382254295069204,
                0.8424232114830358,
                0.025229343762752016
            ],
            [
                0.6645168848455206,
                0.4425929396566367,
                -0.6021036451652666
            ],
            [
                -0.5183924158273305,
                -0.3073021681028373,
                -0.7980192232596903
            ]
        ],
        "translation_vector": [
            -0.008019859469372089,
            3.8495927879522115e-05,
            0.4995931949001856
        ],
        "camera_position": [
            0.25464324973363994,
            0.16026514970619643,
            0.3989104876700552
        ]
    },
    {
        "frame": 65,
        "rotation_matrix": [
            [
                -0.542472608121902,
                0.8356833205878851,
                0.08577212326057476
            ],
            [
                0.5418338776767353,
                0.4260826087161138,
                -0.7244788882717452
            ],
            [
                -0.6419809330807371,
                -0.3465357099071856,
                -0.6839396781295183
            ]
        ],
        "translation_vector": [
            -0.011128618607929809,
            0.000672722320506407,
            0.44683919382859727
        ],
        "camera_position": [
            0.28046076808656994,
            0.16385910291831543,
            0.3070529527686196
        ]
    },
    {
        "frame": 66,
        "rotation_matrix": [
            [
                -0.512531305645272,
                0.8586602872197318,
                0.0037645564520981667
            ],
            [
                0.69450060231836,
                0.41711519702834654,
                -0.5862455337036179
            ],
            [
                -0.5049560120574744,
                -0.297854702094381,
                -0.8101246831983824
            ]
        ],
        "translation_vector": [
            -0.0034780395512824724,
            0.0017419737978782977,
            0.4969398227140402
        ],
        "camera_position": [
            0.24794034510607607,
            0.1502757135494705,
            0.40361753407994044
        ]
    },
    {
        "frame": 67,
        "rotation_matrix": [
            [
