[
    {
        "frame": 1,
        "rotation_matrix": [
            [
                -0.6431720193091253,
                0.7263552487837358,
                -0.2423588375573283
            ],
            [
                0.7299752250608352,
                0.48604666473359603,
                -0.4805151511645909
            ],
            [
                -0.23122699750505998,
                -0.48596984707455265,
                -0.8428329510401992
            ]
        ],
        "translation_vector": [
            0.0365413753206831,
            0.025398309651300122,
            0.4214964625898431
        ],
        "camera_position": [
            0.10242361485311705,
            0.1659477880094108,
            0.3763115052644887
        ]
    },
    {
        "frame": 2,
        "rotation_matrix": [
            [
                -0.6475496157866794,
                0.7273062016607715,
                -0.22738773959979694
            ],
            [
                0.7357306466198966,
                0.5190144982900737,
                -0.43511419902017856
            ],
            [
                -0.19844372179233252,
                -0.44905416108804064,
                -0.871189100993994
            ]
        ],
        "translation_vector": [
            0.036447482471210976,
            0.02472534651657323,
            0.4243171377678803
        ],
        "camera_position": [
            0.08961343012901304,
            0.15120008298205256,
            0.3887065257866314
        ]
    },
    {
        "frame": 3,
        "rotation_matrix": [
            [
                -0.6469970982140357,
                0.725110457551769,
                -0.23581683411427945
            ],
            [
                0.7319736386730878,
                0.5040283671593022,
                -0.4584430143282884
            ],
            [
                -0.21356345003370103,
                -0.46922300609389533,
                -0.8568666310237032
            ]
        ],
        "translation_vector": [
            0.03632277515564903,
            0.025080741072098088,
            0.4229121320748021
        ],
        "camera_position": [
            0.09546086280862756,
            0.15946067284333962,
            0.38244290621211696
        ]
    },
    {
        "frame": 4,
        "rotation_matrix": [
            [
                -0.644615920883838,
                0.7235882018151639,
                -0.2467598604655533
            ],
            [
                0.7277192637752249,
                0.48183758357675044,
                -0.48811598640421827
            ],
            [
                -0.23429679398900496,
                -0.49421924006134776,
                -0.83716925115514
            ]
        ],
        "translation_vector": [
            0.036020569718167555,
            0.02493815691956338,
            0.41903995126243965
        ],
        "camera_position": [
            0.10325117266031987,
            0.16901740572856028,
            0.3718685060239036
        ]
    },
    {
        "frame": 5,
        "rotation_matrix": [
            [
                -0.6451891232475372,
                0.7253824535865723,
                -0.23989850202074722
            ],
            [
                0.7333287402673234,
                0.4998436979716233,
                -0.4608527273392151
            ],
            [
                -0.21438272771148023,
                -0.473261633377117,
                -0.8544375181557797
            ]
        ],
        "translation_vector": [
            0.036035158030191985,
            0.02460003685834085,
            0.42303475484832403
        ],
        "camera_position": [
            0.09590092263687024,
            0.16177067431397424,
            0.3814385405365763
        ]
    },
    {
        "frame": 6,
        "rotation_matrix": [
            [
                -0.6457209269377467,
                0.7233127687914971,
                -0.24466941577940485
            ],
            [
                0.7332645966575995,
                0.4980126062783806,
                -0.46293247377601615
            ],
            [
                -0.21299651594151722,
                -0.4783326065521691,
                -0.8519568074179481
            ]
        ],
        "translation_vector": [
            0.03594856312727409,
            0.024361198430459204,
            0.42207017745604825
        ],
        "camera_position": [
            0.0952490124443733,
            0.1637556894784058,
            0.37965866468380177
        ]
    },
    {
        "frame": 7,
        "rotation_matrix": [
            [
                -0.6427326747941202,
                0.724931022195845,
                -0.24772912991831014
            ],
            [
                0.7295505872691394,
                0.48051495140199796,
                -0.4866840064090753
            ],
            [
                -0.2337747834289441,
                -0.49353864543439974,
                -0.8377165129657694
            ]
        ],
        "translation_vector": [
            0.03592668203513554,
            0.024533940120085612,
            0.41898147692902016
        ],
        "camera_position": [
            0.103139806048107,
            0.16895025920931445,
            0.3718280638022863
        ]
    },
    {
        "frame": 8,
        "rotation_matrix": [
            [
                -0.6462431814096498,
                0.7251755042988287,
                -0.23767675201094798
            ],
            [
                0.7321976421888275,
                0.5014324096695688,
                -0.4609253207473972
            ],
            [
                -0.2150729254338071,
                -0.4718962030975761,
                -0.8550190701074656
            ]
        ],
        "translation_vector": [
            0.035748850144005875,
            0.024121100413199738,
            0.4217747449037627
        ],
        "camera_position": [
            0.09615336605980435,
            0.16101460874717927,
            0.3802401467175164
        ]
    },
    {
        "frame": 9,
        "rotation_matrix": [
            [
                -0.6447662229285123,
                0.7280125326580174,
                -0.23296838854951799
            ],
            [
                0.7340259350368092,
                0.5046685070364576,
                -0.4544399021861203
            ],
            [
                -0.21326613529540459,
                -0.464012338519626,
                -0.859773287115685
            ]
        ],
        "translation_vector": [
            0.035978636998847985,
            0.02395360798599937,
            0.4225042572651198
        ],
        "camera_position": [
            0.09572109047722234,
            0.15776565822454028,
            0.38252523444319503
        ]
    },
    {
        "frame": 10,
        "rotation_matrix": [
            [
                -0.6473875038485426,
                0.7267060806332543,
                -0.22975572295681224
            ],
            [
                0.730236335959506,
                0.5050826997380344,
                -0.46005038862039266
            ],
            [
                -0.2182757739768404,
                -0.4656068500312179,
                -0.8576514138616098
            ]
        ],
        "translation_vector": [
            0.03630292487290504,
            0.024119421177740952,
            0.42143890506978
        ],
        "camera_position": [
            0.09787908535763189,
            0.1576609824556613,
            0.38088462662512534
        ]
    },
    {
        "frame": 11,
        "rotation_matrix": [
            [
                -0.6485619559539515,
                0.7263531677498917,
                -0.22754881891339837
            ],
            [
                0.7292823797156992,
                0.5073693853950414,
                -0.45904631291413833
            ],
            [
                -0.2179784391296339,
                -0.4636673187357031,
                -0.8587770476736394
            ]
        ],
        "translation_vector": [
            0.03650199647037402,
            0.024015400097230237,
            0.4204376927193711
        ],
        "camera_position": [
            0.09780615010455047,
            0.156245198125817,
            0.3803924075368643
        ]
    },
    {
        "frame": 12,
        "rotation_matrix": [
            [
                -0.632074399473273,
                0.7603694558467426,
                -0.1493996122680032
            ],
            [
                0.6951089724676924,
                0.47113351405034143,
                -0.5430071162825449
            ],
            [
                -0.34249886120308476,
                -0.4470699079046867,
                -0.8263310641145503
            ]
        ],
        "translation_vector": [
            0.03410203707900789,
            0.02420770757976054,
            0.40221241576542727
        ],
        "camera_position": [
            0.14248532422736399,
            0.1424818579581848,
            0.35060040212137916
        ]
    },
    {
        "frame": 13,
        "rotation_matrix": [
            [
                -0.6504863644392969,
                0.6776616160537925,
                -0.34299012202381074
            ],
            [
                0.7389351397002268,
                0.46023367187165165,
                -0.49209737511161655
            ],
            [
                -0.17561989919924315,
                -0.5735500862199389,
                -0.8001237089365296
            ]
        ],
        "translation_vector": [
            0.038779493334075994,
            0.024929778202935463,
            0.42035523781986667
        ],
        "camera_position": [
            0.08062678698839812,
            0.20334188541078738,
            0.3619050535217843
        ]
    },
    {
        "frame": 14,
        "rotation_matrix": [
            [
                -0.646446931349171,
                0.7303679165047537,
                -0.22061067854876276
            ],
            [
                0.7416712595860512,
                0.5337394128827897,
                -0.4062585160209885
            ],
            [
                -0.17896957186427204,
                -0.42624517085363034,
                -0.8867270981935077
            ]
        ],
        "translation_vector": [
            0.03678892541674999,
            0.02329540005298552,
            0.4245906963525251
        ],
        "camera_position": [
            0.08249337438719737,
            0.14167660995541329,
            0.39407606055154554
        ]
    },
    {
        "frame": 15,
        "rotation_matrix": [
            [
                -0.6518783395242915,
                0.7236886112955714,
                -0.22655997956422036
            ],
            [
                0.7331825188377412,
                0.525188256282989,
                -0.43199616842418737
            ],
            [
                -0.19364406660106537,
                -0.4477187614379377,
                -0.8729546873272869
            ]
        ],
        "translation_vector": [
            0.03661819680788253,
            0.023557379776529132,
            0.42072512311067317
        ],
        "camera_position": [
            0.0880696740501079,
            0.14949429982145854,
            0.3857468840178585
        ]
    },
    {
        "frame": 16,
        "rotation_matrix": [
            [
                -0.6454271442929862,
                0.7240770741868472,
                -0.24317934132408472
            ],
            [
                0.7345030175104152,
                0.5009964935812741,
                -0.45772025374388065
            ],
            [
                -0.20959274481216003,
                -0.4740410362577094,
                -0.8551935320533135
            ]
        ],
        "translation_vector": [
            0.03586204916563391,
            0.0233734132814448,
            0.4192377506693034
        ],
        "camera_position": [
            0.09384768828838581,
            0.16105901203440087,
            0.37794880691764227
        ]
    },
    {
        "frame": 17,
        "rotation_matrix": [
            [
                -0.6504512731280059,
                0.7208213453800604,
                -0.23943627404935086
            ],
            [
                0.713791749004422,
                0.47234121120182626,
                -0.517102619654551
            ],
            [
                -0.2596429863088242,
                -0.5072576941209179,
                -0.8217512710156065
            ]
        ],
        "translation_vector": [
            0.03485287223023146,
            0.023709170383133762,
            0.40995950471847403
        ],
        "camera_position": [
            0.11218979498989198,
            0.17163360053973203,
            0.35748986004901384
        ]
    },
    {
        "frame": 18,
        "rotation_matrix": [
            [
                -0.6459733519232382,
                0.7224442946504535,
                -0.24656169558969393
            ],
            [
                0.7349570535724896,
                0.5013154943932706,
                -0.45664089226138616
            ],
            [
                -0.20629240899534035,
                -0.4761901051137445,
                -0.8548019804508294
            ]
        ],
        "translation_vector": [
            0.035588740808256414,
            0.023557422499920076,
            0.41934485898596313
        ],
        "camera_position": [
            0.09218334552035883,
            0.16216728882153694,
            0.3779889186604029
        ]
    },
    {
        "frame": 19,
        "rotation_matrix": [
            [
                -0.6455054683562018,
                0.7231975492941303,
                -0.2455768617300997
            ],
            [
                0.7353070752166779,
                0.5015199103535259,
                -0.4558522618736097
            ],
            [
                -0.20650955294740078,
                -0.4748295317416086,
                -0.8555061193980493
            ]
        ],
        "translation_vector": [
            0.035637128011847145,
            0.023553738929256912,
            0.4196044406545198
        ],
        "camera_position": [
            0.09233705557997726,
            0.16165522739434487,
            0.3784628459312428
        ]
    },
    {
        "frame": 20,
        "rotation_matrix": [
            [
                -0.6450267083554233,
                0.724148747920628,
                -0.24402691735370993
            ],
            [
                0.7345133442477237,
                0.4994520232490526,
                -0.4593885322844407
            ],
            [
                -0.21078589286333302,
                -0.4755588999875983,
                -0.8540568131057752
            ]
        ],
        "translation_vector": [
            0.03549177868567111,
            0.023533101376392706,
            0.4202832107803268
        ],
        "camera_position": [
            0.09419754002660227,
            0.16241443920947896,
            0.3784175258463751
        ]
    },
    {
        "frame": 21,
        "rotation_matrix": [
            [
                -0.645152243902523,
                0.7243556611298382,
                -0.24307911958186493
            ],
            [
                0.7345503736545783,
                0.5004587565707425,
                -0.4582322353737081
            ],
            [
                -0.21027203987087503,
                -0.4741834129963017,
                -0.8549478113240129
            ]
        ],
        "translation_vector": [
            0.03549016057021255,
            0.023613097821626933,
            0.4205275090097846
        ],
        "camera_position": [
            0.09397672404162048,
            0.16188228918305753,
            0.3789762730135829
        ]
    },
    {
        "frame": 22,
        "rotation_matrix": [
            [
                -0.6445005596836768,
                0.7264683089081208,
                -0.23845927266433242
            ],
            [
                0.7336376401928117,
                0.4996981925523546,
                -0.4605187610209078
            ],
            [
                -0.21539461799160586,
                -0.4717472973023636,
                -0.8550202605951309
            ]
        ],
        "translation_vector": [
            0.03528701190160101,
            0.02358369589461427,
            0.4205644159787045
        ],
        "camera_position": [
            0.09602792363759258,
            0.16098050050468088,
            0.378866346153386
        ]
    },
    {
        "frame": 23,
        "rotation_matrix": [
            [
                -0.6426362210241421,
                0.7294406342482901,
                -0.23438227009580365
            ],
            [
                0.7359337189047718,
                0.5025876409449609,
                -0.45365981147592477
            ],
            [
                -0.2131202684091837,
                -0.4640280425543604,
                -0.8598009809929076
            ]
        ],
        "translation_vector": [
            0.035783751357132215,
            0.02373802515036067,
            0.42126063398944896
        ],
        "camera_position": [
            0.09530550100390929,
            0.15744418704859134,
            0.3813563712479742
        ]
    },
    {
        "frame": 24,
        "rotation_matrix": [
            [
                -0.6284893133934548,
                0.7663148135370463,
                -0.133277115454627
            ],
            [
                0.6779840138728603,
                0.45573701924654364,
                -0.5767507661209664
            ],
            [
                -0.3812333404662677,
                -0.4528414466918399,
                -0.8059750394863184
            ]
        ],
        "translation_vector": [
            0.03252521476823785,
            0.024262577579072627,
            0.3974860005445335
        ],
        "camera_position": [
            0.15552702593987233,
            0.14401622685084084,
            0.33869212199479165
        ]
    },
    {
        "frame": 25,
        "rotation_matrix": [
            [
                -0.6490302524141409,
                0.6779584729491216,
                -0.34515509616364004
            ],
            [
                0.7394754229954069,
                0.45562846652279254,
                -0.4955590774870869
            ],
            [
                -0.17870598825165462,
                -0.5768665438821909,
                -0.7970502871917279
            ]
        ],
        "translation_vector": [
            0.038202322967679385,
            0.025453105464259763,
            0.42268294326946876
        ],
        "camera_position": [
            0.08150849048287777,
            0.20633490068860996,
            0.36269880524460885
        ]
    },
    {
        "frame": 26,
        "rotation_matrix": [
            [
                -0.5821315606541204,
                0.810981385021897,
                0.05858360895646364
            ],
            [
                0.6028570684279058,
                0.4788385663606153,
                -0.6381825619775442
            ],
            [
                -0.5456062693343153,
                -0.33618866803281233,
                -0.7676529022607901
            ]
        ],
        "translation_vector": [
            0.027896887042807014,
            0.023591522088661804,
            0.36375440986469887
        ],
        "camera_position": [
            0.20048402906568194,
            0.08836972383650016,
            0.29265852612867066
        ]
    },
    {
        "frame": 27,
        "rotation_matrix": [
            [
                -0.6464382344072264,
                0.7060348720744658,
                -0.2891926148975117
            ],
            [
                0.7409705511747655,
                0.4905994059146409,
                -0.4585573739544109
            ],
            [
                -0.18187977179508472,
                -0.5107122304497845,
                -0.8402932620703167
            ]
        ],
        "translation_vector": [
            0.03659157769065437,
            0.025155429833379317,
            0.42623168117483856
        ],
        "camera_position": [
            0.08253768307175918,
            0.17950556377555588,
            0.38027683165279497
        ]
    },
    {
        "frame": 28,
        "rotation_matrix": [
            [
                -0.6475832452716495,
                0.7203744810096372,
                -0.24838789735720734
            ],
            [
                0.7319725701206118,
                0.49749353234749594,
                -0.4655280247884514
            ],
            [
                -0.21178313680381783,
                -0.483281276672816,
                -0.8494628364931738
            ]
        ],
        "translation_vector": [
            0.03519913660707173,
            0.025138496417365826,
            0.4241651933599292
        ],
        "camera_position": [
            0.0942247164559443,
            0.16712829702127163,
            0.3807582824071485
        ]
    },
    {
        "frame": 29,
        "rotation_matrix": [
            [
                -0.5769732319781817,
                0.8148209246535508,
                0.05629165415391216
            ],
            [
                0.6014371371188786,
                0.47048399113657047,
                -0.6456920196025737
            ],
            [
                -0.552607690568,
                -0.3386911200946015,
                -0.7615202331482505
            ]
        ],
        "translation_vector": [
            0.02687772084989324,
            0.0242852821722408,
            0.3669106179245223
        ],
        "camera_position": [
            0.20365928409932169,
            0.09094300232169514,
            0.2935776808323358
        ]
    },
    {
        "frame": 30,
        "rotation_matrix": [
            [
                -0.6459407572427166,
                0.7246195021417987,
                -0.2401814215306369
            ],
            [
                0.7327139597708714,
                0.5002106638049799,
                -0.4614320588913076
            ],
            [
                -0.21422136048862092,
                -0.47404205396942684,
                -0.8540452797005854
            ]
        ],
        "translation_vector": [
            0.034228495886909266,
            0.025886606778713378,
            0.42843861640161496
        ],
        "camera_position": [
            0.09492280568602317,
            0.1653465293097674,
            0.3860719370418339
        ]
    },
    {
        "frame": 31,
        "rotation_matrix": [
            [
                -0.6430682840752975,
                0.729353107971056,
                -0.2334678262832237
            ],
            [
                0.7347648978619981,
                0.5017063219379404,
                -0.45652087728531165
            ],
            [
                -0.21583263628631288,
                -0.4651180607334704,
                -0.8585344854420444
            ]
        ],
        "translation_vector": [
            0.03407435160593187,
            0.026486392610444328,
            0.43206422972902475
        ],
        "camera_position": [
            0.09570442500448959,
            0.16282025177998943,
            0.39098889714041196
        ]
    },
    {
        "frame": 32,
        "rotation_matrix": [
            [
                -0.6482372465569144,
                0.7242317464296835,
                -0.23511029250060633
            ],
            [
                0.7294512501509194,
                0.5021059871772151,
                -0.46453250832859294
            ],
            [
                -0.2183789042686376,
                -0.4726287709230196,
                -0.8537755554396161
            ]
        ],
        "translation_vector": [
            0.0338009306944352,
            0.027317075517688288,
            0.4334116941688831
        ],
        "camera_position": [
            0.09663251822739152,
            0.16664706208131996,
            0.3906729262358579
        ]
    },
    {
        "frame": 33,
        "rotation_matrix": [
            [
                -0.6482499525428833,
                0.722484309977334,
                -0.24039222297055535
            ],
            [
                0.726597305685227,
                0.49256404380435725,
                -0.4789958435331858
            ],
            [
                -0.22765841605158937,
                -0.4851773743567138,
                -0.8442597710498865
            ]
        ],
        "translation_vector": [
            0.03247228804319105,
            0.02774352005366998,
            0.4343075158745298
        ],
        "camera_position": [
            0.09976555340503274,
            0.1735900011681181,
            0.38776348021580587
        ]
    },
    {
        "frame": 34,
        "rotation_matrix": [
            [
                -0.6452270880829067,
                0.7305875937023444,
                -0.22343628338358756
            ],
            [
                0.7294528780708182,
                0.5021826795827457,
                -0.46444704219242594
            ],
            [
                -0.2271134154519559,
                -0.4626600525821428,
                -0.8569510909418553
            ]
        ],
        "translation_vector": [
            0.03013314858233041,
            0.027706756234214293,
            0.43755845719582404
        ],
        "camera_position": [
            0.09860734631112447,
            0.16651206121229756,
            0.39456735695240525
        ]
    },
    {
        "frame": 35,
        "rotation_matrix": [
            [
                -0.585733943620775,
                0.8101241920078823,
                -0.02478993372380006
            ],
            [
                0.6038693191679632,
                0.41579875744718864,
                -0.6800391449563723
            ],
            [
                -0.5406085392019582,
                -0.4132918905918059,
                -0.7327565902214563
            ]
        ],
        "translation_vector": [
            0.014927234395374687,
            0.029129681541097987,
            0.33309599549494584
        ],
        "camera_position": [
            0.17122740644849677,
            0.11346087463357979,
            0.26425765475469876
        ]
    },
    {
        "frame": 36,
        "rotation_matrix": [
            [
                -0.5618314261314862,
                0.8264601419297083,
                0.03618124393365629
            ],
            [
                0.625307657910312,
                0.45290845735758534,
                -0.6355031567291325
            ],
            [
                -0.5416048204824073,
                -0.33442123595175355,
                -0.7712500602105137
            ]
        ],
        "translation_vector": [
            0.018036458560013444,
            0.026292698831171267,
            0.3795781886358147
        ],
        "camera_position": [
            0.19927380002401066,
            0.10012440721510565,
            0.3088062124392484
        ]
    },
    {
        "frame": 37,
        "rotation_matrix": [
            [
                -0.521128818371194,
                0.8524380686299308,
                0.0421199930379455
            ],
            [
                0.5649312369680609,
                0.38151587487331173,
                -0.7316408509080039
            ],
            [
                -0.6397479598723077,
                -0.3574842323377702,
                -0.6803878096123529
            ]
        ],
        "translation_vector": [
            0.012530152107137012,
            0.026499026046399945,
            0.3375225338867273
        ],
        "camera_position": [
            0.2074890482637277,
            0.09986800615596567,
            0.24850621757130598
        ]
    },
    {
        "frame": 38,
        "rotation_matrix": [
            [
                -0.6029244102061797,
                0.7568208029549451,
                -0.2523973609057008
            ],
            [
                0.7496021570777275,
                0.42910910063261287,
                -0.5039464116934346
            ],
            [
                -0.2730911234037982,
                -0.49303919922142364,
                -0.8260348578293466
            ]
        ],
        "translation_vector": [
            0.020183868034643948,
            0.026889122290183743,
            0.4373906499144864
        ],
        "camera_position": [
            0.11146070661128303,
            0.18883679748531945,
            0.3799449550345354
        ]
    },
    {
        "frame": 39,
        "rotation_matrix": [
            [
                -0.5922701225085276,
                0.7819429187732712,
                -0.19437431353980728
            ],
            [
                0.7282509420377801,
                0.4162775613147437,
                -0.5443928336844048
            ],
            [
                -0.34477045610785717,
                -0.4639808872423383,
                -0.8159994294538402
            ]
        ],
        "translation_vector": [
            0.016959352187799332,
            0.028415910429766506,
            0.4302634253968213
        ],
        "camera_position": [
            0.1376927214791856,
            0.1745438546170717,
            0.3698605900788272
        ]
    },
    {
        "frame": 40,
        "rotation_matrix": [
            [
                -0.5085756140283377,
                0.8606404291967547,
                0.02547344593346612
            ],
            [
                0.5943813405602951,
                0.3723334661209443,
                -0.7127963327628093
            ],
            [
                -0.6229459581773089,
                -0.34736989166936927,
                -0.7009083332021135
            ]
        ],
        "translation_vector": [
            0.009320535568436296,
            0.028384291766541586,
            0.3500451188290347
        ],
        "camera_position": [
            0.20592829566298193,
            0.10300508353824604,
            0.26534433370438143
        ]
    },
    {
        "frame": 41,
        "rotation_matrix": [
            [
                -0.5331807928542067,
                0.8458008369249895,
                0.01841701355667691
            ],
            [
                0.629277909770059,
                0.41104997043213565,
                -0.6595811050076904
            ],
            [
                -0.5654445635133342,
                -0.3400865567245017,
                -0.7514077318796283
            ]
        ],
        "translation_vector": [
            0.01132126843130818,
            0.02877368245408878,
            0.38762220212021314
        ],
        "camera_position": [
            0.2071085070131651,
            0.11042214039280236,
            0.3100323930353663
        ]
    },
    {
        "frame": 42,
        "rotation_matrix": [
            [
                -0.500670013349575,
                0.8617561466768165,
                0.0818894461897347
            ],
            [
                0.5800174746025207,
                0.4041909809416795,
                -0.7072548197652082
            ],
            [
                -0.642580163783672,
                -0.3066039702778291,
                -0.702199927742535
            ]
        ],
        "translation_vector": [
            0.004782544271864293,
            0.028955526485470173,
            0.3532126815291475
        ],
        "camera_position": [
            0.21256722790402,
            0.09247146093243702,
            0.26811321521140147
        ]
    },
    {
        "frame": 43,
        "rotation_matrix": [
            [
                -0.5178261853777288,
                0.8485564264888867,
                0.10866477258780993
            ],
            [
                0.5994056690993661,
                0.4505106651527858,
                -0.661629038385662
            ],
            [
                -0.6103842114510264,
                -0.27747456036185564,
                -0.7419157517961885
            ]
        ],
        "translation_vector": [
            0.0017473683799937281,
            0.026486131053155153,
            0.3700366372682787
        ],
        "camera_position": [
            0.21089341704387962,
            0.08926072805742714,
            0.291870125962645
        ]
    },
    {
        "frame": 44,
        "rotation_matrix": [
            [
                -0.6010054324811007,
                0.7648070525129289,
                -0.23208326642541655
            ],
            [
                0.7250312470452045,
                0.39951141268827106,
                -0.5609993956680317
            ],
            [
                -0.3363363806314752,
                -0.5054313044898457,
                -0.7946175403962665
            ]
        ],
        "translation_vector": [
            0.004583219676260482,
            0.023958543070629206,
            0.42117691453603473
        ],
        "camera_position": [
            0.12704096660438435,
            0.19979900721523638,
            0.34917898067723374
        ]
    },
    {
        "frame": 45,
        "rotation_matrix": [
            [
                -0.47281207764015837,
                0.8726347906433949,
                0.12229988305945089
            ],
            [
                0.6208612769241488,
                0.42840524989559525,
                -0.6565060675104291
            ],
            [
                -0.6252839467423679,
                -0.2344727361990113,
                -0.744340326682383
            ]
        ],
        "translation_vector": [
            -0.007049183221642634,
            0.02182888096506551,
            0.38709336355267376
        ],
        "camera_position": [
            0.22515762024550728,
            0.087562595436719,
            0.3033221077675796
        ]
    },
    {
        "frame": 46,
        "rotation_matrix": [
            [
                -0.5054753075781213,
                0.8626633489471057,
                0.017511705004580047
            ],
            [
                0.6861681728754424,
                0.4141977365486489,
                -0.5980079209933196
            ],
            [
                -0.5231328243969982,
                -0.29026226317132464,
                -0.8012988622337363
            ]
        ],
        "translation_vector": [
            -0.009941243960737907,
            0.01981914918109884,
            0.4230070547122273
        ],
        "camera_position": [
            0.20266455254115948,
            0.12314988511494665,
            0.35098116798701595
        ]
    },
    {
        "frame": 47,
        "rotation_matrix": [
            [
                -0.5124454107140863,
                0.8565171478233777,
                -0.06146605992397225
            ],
            [
                0.7065447041208079,
                0.37987102963718367,
                -0.5970699975055063
            ],
            [
                -0.48805151584326734,
                -0.34939429921922244,
                -0.7998308205840765
            ]
        ],
        "translation_vector": [
            -0.009194780546574669,
            0.020198056531889788,
            0.41698108350718416
        ],
        "camera_position": [
            0.1845255969138945,
            0.14589364413683967,
            0.3450088088206364
        ]
    },
    {
        "frame": 48,
        "rotation_matrix": [
            [
                -0.5048330454759287,
                0.8628669891002212,
                0.024579571123554744
            ],
            [
                0.6705315799874514,
                0.4099185976834606,
                -0.6183479146182649
            ],
            [
                -0.5436276266296913,
                -0.29568108223953693,
                -0.7855200195861498
            ]
        ],
        "translation_vector": [
            -0.009291838847320044,
            0.018984912879526257,
            0.42192860409701816
        ],
        "camera_position": [
            0.21195123472004365,
            0.1249916584318969,
            0.3434010360563274
        ]
    },
    {
        "frame": 49,
        "rotation_matrix": [
            [
                -0.5808982754218446,
                0.7849554697302946,
                -0.21541147637119815
            ],
            [
                0.7328279843247577,
                0.3891536760658296,
                -0.5581420623774593
            ],
            [
                -0.3542884968531146,
                -0.482083319504983,
                -0.801296033967857
            ]
        ],
        "translation_vector": [
            -0.002576240787013568,
            0.0193282512188961,
            0.4347377639236363
        ],
        "camera_position": [
            0.13836177169427552,
            0.20408039862983154,
            0.35858660421411026
        ]
    },
    {
        "frame": 50,
        "rotation_matrix": [
            [
                -0.5224438598039352,
                0.8499417837860681,
                -0.06820100826031011
            ],
            [
                0.696132696954483,
                0.3789737602413342,
                -0.60973613742292
            ],
            [
                -0.49239382772740364,
                -0.36602985291243767,
                -0.7896647802661932
            ]
        ],
        "translation_vector": [
            -0.009166685306891667,
            0.02017899885932701,
            0.42188497302026823
        ],
        "camera_position": [
            0.18889721737499704,
            0.15456633240609682,
            0.34482639215887156
        ]
    },
    {
        "frame": 51,
        "rotation_matrix": [
            [
                -0.5167481870024533,
                0.852385769240095,
                -0.08006129918162383
            ],
            [
                0.7047857168010655,
                0.37044016292643356,
                -0.6050216352199702
            ],
            [
                -0.48605391123093167,
                -0.36906989322892464,
                -0.7921735979500351
            ]
        ],
        "translation_vector": [
            -0.010890673462589269,
            0.020503998092595635,
            0.42636880502853464
        ],
        "camera_position": [
            0.18715956455097138,
            0.1590474400309129,
            0.3492915513212629
        ]
    },
    {
        "frame": 52,
        "rotation_matrix": [
            [
                -0.5100069436261644,
                0.8564611849456347,
                -0.07979446180417327
            ],
            [
                0.6979859331788876,
                0.3578467594786984,
                -0.6202913297918903
            ],
            [
                -0.5027012577440957,
                -0.37204829714986404,
                -0.7803021914940331
            ]
        ],
        "translation_vector": [
            -0.01339604871476095,
            0.020911572432185943,
            0.4270320948607257
        ],
        "camera_position": [
            0.19324150992358313,
            0.16286662104664398,
            0.34511641603261534
        ]
    },
    {
        "frame": 53,
        "rotation_matrix": [
            [
                -0.5171287662413165,
                0.8455017037617499,
