[
    {
        "frame": 1,
        "rotation_matrix": [
            [
                -0.695728581476311,
                0.7057147215175152,
                0.13389724698594785
            ],
            [
                0.4811190816214326,
                0.5962453503278715,
                -0.6426631399980418
            ],
            [
                -0.533372449810364,
                -0.38269859425643205,
                -0.7543577504986884
            ]
        ],
        "translation_vector": [
            0.0015558362553522915,
            -0.005684109802902276,
            0.3896750107105918
        ],
        "camera_position": [
            0.21165908853174156,
            0.15141922630686436,
            0.29009307445981486
        ]
    },
    {
        "frame": 4,
        "rotation_matrix": [
            [
                -0.7239734112527623,
                0.6886294446746596,
                0.04064465187584457
            ],
            [
                0.5570462736542389,
                0.6183574378492571,
                -0.554376702310287
            ],
            [
                -0.40689304344872435,
                -0.3787130404192225,
                -0.8312728097378519
            ]
        ],
        "translation_vector": [
            0.012849723850274533,
            -0.011611802096474302,
            0.45848590852524623
        ],
        "camera_position": [
            0.2023258961959816,
            0.17196613840091673,
            0.37416728429827495
        ]
    },
    {
        "frame": 5,
        "rotation_matrix": [
            [
                -0.6800999034817468,
                0.7144681167531045,
                0.16431503713108858
            ],
            [
                0.5152269409736013,
                0.6252526086129075,
                -0.5861743552201334
            ],
            [
                -0.5215412932636341,
                -0.31399758847167336,
                -0.7933474609872208
            ]
        ],
        "translation_vector": [
            0.009554723971519838,
            -0.010384539949324057,
            0.42643427910899145
        ],
        "camera_position": [
            0.23425164702078266,
            0.1335657503324121,
            0.3306534167758239
        ]
    },
    {
        "frame": 9,
        "rotation_matrix": [
            [
                -0.7498983144049722,
                0.6615518178889674,
                0.0013077845327016668
            ],
            [
                0.564898260771219,
                0.6413635503870979,
                -0.519175067980454
            ],
            [
                -0.3442999753561323,
                -0.38858974315164274,
                -0.8546669166915888
            ]
        ],
        "translation_vector": [
            0.007259460600367013,
            -0.013613131279703742,
            0.4852404317067186
        ],
        "camera_position": [
            0.18020216012968168,
            0.19248791157607634,
            0.4076418514530207
        ]
    },
    {
        "frame": 10,
        "rotation_matrix": [
            [
                -0.7562512353728638,
                0.6542751447734931,
                -0.0028467400025359024
            ],
            [
                0.5789041531051167,
                0.6670927026761186,
                -0.46888944065090565
            ],
            [
                -0.3048836671825256,
                -0.356246208355817,
                -0.8832522790898639
            ]
        ],
        "translation_vector": [
            0.005782100540481845,
            -0.014911998317956157,
            0.5036488774720206
        ],
        "camera_position": [
            0.16655965517018295,
            0.18558760353407924,
            0.43787340047482737
        ]
    },
    {
        "frame": 11,
        "rotation_matrix": [
            [
                -0.7599326540654505,
                0.6498452107711357,
                -0.014267561910100784
            ],
            [
                0.5528403884050179,
                0.634638769897014,
                -0.5400010524913754
            ],
            [
                -0.34186234983283714,
                -0.4182521174858803,
                -0.8415434035065263
            ]
        ],
        "translation_vector": [
            0.008508497622504977,
            -0.0131316315242584,
            0.46937835552569024
        ],
        "camera_position": [
            0.1741883690333277,
            0.19912312714711405,
            0.3880325595139483
        ]
    },
    {
        "frame": 12,
        "rotation_matrix": [
            [
                -0.7543882091442731,
                0.6552079383554904,
                -0.04001234084684721
            ],
            [
                0.584723480279285,
                0.64303128409818,
                -0.4945798411592669
            ],
            [
                -0.298323451163627,
                -0.39650135584508783,
                -0.8682106848564063
            ]
        ],
        "translation_vector": [
            0.006781392715060764,
            -0.015380367800614568,
            0.505839574673116
        ],
        "camera_position": [
            0.16501287254579472,
            0.20601291251471063,
            0.4318398430873516
        ]
    },
    {
        "frame": 14,
        "rotation_matrix": [
            [
                -0.7155828649391844,
                0.6938936073181542,
                0.08032947857684897
            ],
            [
                0.54391905434699,
                0.6256570767441795,
                -0.5592005763929472
            ],
            [
                -0.4382844119104686,
                -0.35646161650720193,
                -0.8251314381559869
            ]
        ],
        "translation_vector": [
            0.006290866453247205,
            -0.01283461090197891,
            0.46244687593275513
        ],
        "camera_position": [
            0.2141658827223014,
            0.16850943406537597,
            0.37389699197298576
        ]
    },
    {
        "frame": 15,
        "rotation_matrix": [
            [
                -0.6507006202432584,
                0.7294430757410301,
                0.2109537913110463
            ],
            [
                0.5299154158125062,
                0.6352052087550338,
                -0.5618754264556622
            ],
            [
                -0.5438550863045203,
                -0.2538250224543269,
                -0.7998715541115106
            ]
        ],
        "translation_vector": [
            0.0030983656600386262,
            -0.011726244148143081,
            0.42507715531432255
        ],
        "camera_position": [
            0.2394103989899606,
            0.11308370847768409,
            0.3327648244242529
        ]
    },
    {
        "frame": 16,
        "rotation_matrix": [
            [
                -0.758556276300925,
                0.651291964592444,
                -0.020276896749488627
            ],
            [
                0.5531828253656657,
                0.6272200680354857,
                -0.5482551850863071
            ],
            [
                -0.3443561200340921,
                -0.42709924269527366,
                -0.8360652483414137
            ]
        ],
        "translation_vector": [
            0.010355010244103298,
            -0.014223280570410227,
            0.46456708894089244
        ],
        "camera_position": [
            0.17569945278695173,
            0.2005932439096066,
            0.3808203787385097
        ]
    },
    {
        "frame": 17,
        "rotation_matrix": [
            [
                -0.7429364240935589,
                0.6693376304476577,
                0.005710185792999839
            ],
            [
                0.5700930141143719,
                0.637203493024178,
                -0.5186189966977471
            ],
            [
                -0.3507697606879281,
                -0.3820456058437292,
                -0.854986391729384
            ]
        ],
        "translation_vector": [
            0.008357515194670833,
            -0.015935511692917844,
            0.48492954375761776
        ],
        "camera_position": [
            0.18539244635987243,
            0.1898253656334259,
            0.40629597880972634
        ]
    },
    {
        "frame": 18,
        "rotation_matrix": [
            [
                -0.7360038721277542,
                0.6767117811414367,
                -0.018959574819510105
            ],
            [
                0.585539470694248,
                0.6222877185537077,
                -0.5195204746651682
            ],
            [
                -0.33976731519092934,
                -0.3934706604076165,
                -0.8542476285751934
            ]
        ],
        "translation_vector": [
            0.008793825748664923,
            -0.015068051085364919,
            0.47995334985111593
        ],
        "camera_position": [
            0.17836768955455906,
            0.1922733391783024,
            0.4023375770821197
        ]
    },
    {
        "frame": 19,
        "rotation_matrix": [
            [
                -0.7447220954774004,
                0.6668800853305175,
                0.025689536728234236
            ],
            [
                0.610281815044815,
                0.6960856350636461,
                -0.37818103453722623
            ],
            [
                -0.27008351807053266,
                -0.2659619154082071,
                -0.9253751416690649
            ]
        ],
        "translation_vector": [
            0.01026235156637319,
            -0.020182819920349204,
            0.46287777532465363
        ],
        "camera_position": [
            0.14497546593309263,
            0.13031307285859137,
            0.4204391921416743
        ]
    },
    {
        "frame": 20,
        "rotation_matrix": [
            [
                -0.6946397160788963,
                0.27786761358835116,
                -0.6635248707957713
            ],
            [
                0.4997153625696212,
                0.8498923540126054,
                -0.16723499335612646
            ],
            [
                0.5174555258741975,
                -0.44774163968702574,
                -0.7292236987595996
            ]
        ],
        "translation_vector": [
            0.01727266359051172,
            -0.018100115187808755,
            0.4620183208427651
        ],
        "camera_position": [
            -0.2180307494191396,
            0.21744847623224217,
            0.34534857805367536
        ]
    },
    {
        "frame": 21,
        "rotation_matrix": [
            [
                -0.7348899739532985,
                0.6716238214336284,
                0.09411784456632058
            ],
            [
                0.583924539604796,
                0.69720548100074,
                -0.4158565249095575
            ],
            [
                -0.3449186255194804,
                -0.25065107170210943,
                -0.904546948490976
            ]
        ],
        "translation_vector": [
            0.008628832539527644,
            -0.016920410040533716,
            0.4889177558508537
        ],
        "camera_position": [
            0.1848583255032092,
            0.1285494326145384,
            0.4344004740787005
        ]
    },
    {
        "frame": 22,
        "rotation_matrix": [
            [
                -0.7031925875526364,
                0.7030196186112665,
                0.10622429410778522
            ],
            [
                0.5541946800300441,
                0.6355509720865378,
                -0.5375343882080975
            ],
            [
                -0.44540817396790633,
                -0.3191212586580941,
                -0.8365244651742404
            ]
        ],
        "translation_vector": [
            0.009515479225975376,
            -0.012630714598286949,
            0.4590731846989828
        ],
        "camera_position": [
            0.21816603820847075,
            0.14783790688205933,
            0.376225731798054
        ]
    },
    {
        "frame": 23,
        "rotation_matrix": [
            [
                -0.71064032579772,
                0.6996187509125585,
                0.07432315064407524
            ],
            [
                0.5556901848939676,
                0.6229365020459436,
                -0.5505983407451142
            ],
            [
                -0.4315075268898779,
                -0.34997673892748354,
                -0.8314550718151075
            ]
        ],
        "translation_vector": [
            0.010136252467893658,
            -0.01138772592846286,
            0.4666938628674343
        ],
        "camera_position": [
            0.21491319186347166,
            0.1633343140694273,
            0.38101155804590314
        ]
    },
    {
        "frame": 24,
        "rotation_matrix": [
            [
                -0.6221747822549203,
                0.3908133938318966,
                0.6783534709335817
            ],
            [
                0.6670445630457481,
                0.7182193551881517,
                0.19802148556210653
            ],
            [
                -0.40981714365940053,
                0.5756959692708569,
                -0.7075479204464805
            ]
        ],
        "translation_vector": [
            -0.005021667487789389,
            -0.010899131847281853,
            0.4076812242229047
        ],
        "camera_position": [
            0.17122060659947455,
            -0.22490993517147098,
            0.2940187302539438
        ]
    },
    {
        "frame": 25,
        "rotation_matrix": [
            [
                -0.7413852276484367,
                0.671039384971015,
                -0.007354457314947216
            ],
            [
                0.5713881797247866,
                0.6254642152371628,
                -0.5313285833912518
            ],
            [
                -0.3519424559433977,
                -0.3981214127316959,
                -0.8471339023017838
            ]
        ],
        "translation_vector": [
            0.012280980430333533,
            -0.010855185545494922,
            0.4838570714925392
        ],
        "camera_position": [
            0.18559730824816836,
            0.19118236941648556,
            0.40421437871781146
        ]
    },
    {
        "frame": 26,
        "rotation_matrix": [
            [
                -0.6157527944244526,
                0.7512983939301103,
                0.23748519835247506
            ],
            [
                0.5008373244029463,
                0.605869312281066,
                -0.6181297201404945
            ],
            [
                -0.6082848597847688,
                -0.26167365116515773,
                -0.7493439995372749
            ]
        ],
        "translation_vector": [
            0.004966389992949443,
            -0.006928732032038311,
            0.40393730558588253
        ],
        "camera_position": [
            0.25223718341893714,
            0.10616641488037129,
            0.297225696825572
        ]
    },
    {
        "frame": 27,
        "rotation_matrix": [
            [
                -0.6625982923034155,
                0.7315200559537796,
                0.1607541936435152
            ],
            [
                0.5167932569073208,
                0.601891068231357,
                -0.60881185238006
            ],
            [
                -0.5421145936531515,
                -0.32032101042656447,
                -0.776856626172155
            ]
        ],
        "translation_vector": [
            0.006304373758401502,
            -0.008089116057255236,
            0.42721954945268287
        ],
        "camera_position": [
            0.2399596203713132,
            0.13710438861491436,
            0.3259501335717053
        ]
    },
    {
        "frame": 28,
        "rotation_matrix": [
            [
                -0.7180555029401373,
                0.6947684562875702,
                0.04114713653674204
            ],
            [
                0.5610712057388105,
                0.6128323075539353,
                -0.5564491575237734
            ],
            [
                -0.4118196168083593,
                -0.37647490615697954,
                -0.8298621862971645
            ]
        ],
        "translation_vector": [
            0.007766869952086236,
            -0.011682882147234838,
            0.4745367722789163
        ],
        "camera_position": [
            0.20755552420394835,
            0.1804146581901143,
            0.3869796089351211
        ]
    },
    {
        "frame": 29,
        "rotation_matrix": [
            [
                -0.6504420511308965,
                0.7326800165243867,
                0.20026265629531753
            ],
            [
                0.5294594397999064,
                0.6264018071243942,
                -0.5720956892321971
            ],
            [
                -0.5446079688430949,
                -0.26608413973237416,
                -0.7953624273596791
            ]
        ],
        "translation_vector": [
            0.0035986166750984006,
            -0.010825471792443392,
            0.4276375427667618
        ],
        "camera_position": [
            0.2409671534094399,
            0.11793202825314483,
            0.3332129597643948
        ]
    },
    {
        "frame": 30,
        "rotation_matrix": [
            [
                -0.7573336772711388,
                0.6489626418076508,
                -0.07275431814682363
            ],
            [
                0.5999218576144385,
                0.6474052791830319,
                -0.4700640054741285
            ],
            [
                -0.257952449159561,
                -0.3996422075106367,
                -0.8796286943640533
            ]
        ],
        "translation_vector": [
            0.008519311074132079,
            -0.016204559335516282,
            0.5121458332186579
        ],
        "camera_position": [
            0.14828270252759237,
            0.2096372939944768,
            0.44350080719820145
        ]
    },
    {
        "frame": 31,
        "rotation_matrix": [
            [
                -0.7479350681187624,
                0.6633667970969953,
                -0.02318677182050055
            ],
            [
                0.5900705048372218,
                0.6484850388082594,
                -0.4809199036877093
            ],
            [
                -0.3039900215456557,
                -0.3733786910780038,
                -0.8764578825303293
            ]
        ],
        "translation_vector": [
            0.0074399398995508865,
            -0.016351968578046293,
            0.5052931748804669
        ],
        "camera_position": [
            0.16881748942828614,
            0.1943343021236842,
            0.435176707147912
        ]
    },
    {
        "frame": 32,
        "rotation_matrix": [
            [
                -0.7480884358104805,
                0.6635784723440908,
                0.005225251009429194
            ],
            [
                0.595332154634913,
                0.6745875811232618,
                -0.43647591119329754
            ],
            [
                -0.29316090780385606,
                -0.3234118217315963,
                -0.8997007700896278
            ]
        ],
        "translation_vector": [
            0.006866261743244846,
            -0.01771200167855448,
            0.5077915279592353
        ],
        "camera_position": [
            0.164545720441197,
            0.17161777600805725,
            0.4490936887371036
        ]
    },
    {
        "frame": 33,
        "rotation_matrix": [
            [
                -0.7523177847961435,
                0.658406625425759,
                -0.02277424586869453
            ],
            [
                0.5634240810460036,
                0.625102525177079,
                -0.5401852810977964
            ],
            [
                -0.34142532943074055,
                -0.41922255260506125,
                -0.8412378948968045
            ]
        ],
        "translation_vector": [
            0.010228167180496763,
            -0.01513416569128298,
            0.4696790097617939
        ],
        "camera_position": [
            0.1765820961073895,
            0.19962614552982463,
            0.3871694666952556
        ]
    },
    {
        "frame": 34,
        "rotation_matrix": [
            [
                -0.7465499683639528,
                0.6651949076934155,
                -0.013374584648865623
            ],
            [
                0.5948508380261471,
                0.6583285248413857,
                -0.4612548469986584
            ],
            [
                -0.29801950479015904,
                -0.35230567432119764,
                -0.8871668876855778
            ]
        ],
        "translation_vector": [
            0.008378360955147648,
            -0.017690453620818076,
            0.5066007043836063
        ],
        "camera_position": [
            0.16775493731416166,
            0.18455118996324668,
            0.44139161982693154
        ]
    },
    {
        "frame": 35,
        "rotation_matrix": [
            [
                -0.7295145249587541,
                0.6827629707435726,
                0.040537435237254754
            ],
            [
                0.5965195361385828,
                0.6641232061767862,
                -0.45067151010739037
            ],
            [
                -0.33462367053036335,
                -0.30459004054446215,
                -0.8917689758686999
            ]
        ],
        "translation_vector": [
            0.008801585530481583,
            -0.017779616439807036,
            0.4630472235378741
        ],
        "camera_position": [
            0.17197333460768582,
            0.1468380317819546,
            0.40456158801972986
        ]
    },
    {
        "frame": 37,
        "rotation_matrix": [
            [
                -0.7535956228013915,
                0.6516854677193905,
                -0.08602144184993758
            ],
            [
                0.6097458772392214,
                0.6441348141643477,
                -0.46184446123260314
            ],
            [
                -0.24556791827182006,
                -0.40049518392212946,
                -0.8827797036468523
            ]
        ],
        "translation_vector": [
            0.00927446185566355,
            -0.017109032035697892,
            0.5121484106535092
        ],
        "camera_position": [
            0.14318857465599058,
            0.21008946307869586,
            0.4450103130783795
        ]
    },
    {
        "frame": 38,
        "rotation_matrix": [
            [
                -0.40225993255291165,
                0.9154817056871084,
                -0.008955066429099767
            ],
            [
                0.35976401613798636,
                0.14906962222699327,
                -0.9210581417160202
            ],
            [
                -0.841876950245577,
                -0.3737264966273118,
                -0.3893221113215665
            ]
        ],
        "translation_vector": [
            -0.01591786721942462,
            0.0276379138531089,
            0.16561431029676196
        ],
        "camera_position": [
            0.12308062339012052,
            0.07234699883427201,
            0.08979089296589282
        ]
    },
    {
        "frame": 40,
        "rotation_matrix": [
            [
                -0.7511013053505308,
                0.659116529317131,
                -0.03757964717328155
            ],
            [
                0.5694494499581666,
                0.6180173269962308,
                -0.5420165195589297
            ],
            [
                -0.33402717410873967,
                -0.42850902477471076,
                -0.8395271661140906
            ]
        ],
        "translation_vector": [
            0.00997292420858604,
            -0.010250579820326528,
            0.4670533044245973
        ],
        "camera_position": [
            0.16933635886676526,
            0.19989827274600397,
            0.386922732463174
        ]
    },
    {
        "frame": 41,
        "rotation_matrix": [
            [
                -0.7314816449300309,
                0.6817734688953022,
                -0.01093344597658441
            ],
            [
                0.5865959731014984,
                0.6210282624212644,
                -0.5198356101837698
            ],
            [
                -0.34762014825317966,
                -0.3866637226124174,
                -0.8541963463653688
            ]
        ],
        "translation_vector": [
            0.007334483234612133,
            -0.009325787939770385,
            0.492645275961369
        ],
        "camera_position": [
            0.18208893337855334,
            0.1912791781331734,
            0.41604810929245706
        ]
    },
    {
        "frame": 42,
        "rotation_matrix": [
            [
                -0.7451692696169085,
                0.6663750211680001,
                -0.025828100626071687
            ],
            [
                0.6004837294836506,
                0.6536330481784227,
                -0.4606333997382186
            ],
            [
                -0.29007249136036506,
                -0.3587592082335044,
                -0.8872146190542962
            ]
        ],
        "translation_vector": [
            0.007262894880403066,
            -0.008962085059190354,
            0.5152385482572942
        ],
        "camera_position": [
            0.16025020167151766,
            0.18586467686977043,
            0.45318652338443355
        ]
    },
    {
        "frame": 43,
        "rotation_matrix": [
            [
                -0.690616062205773,
                0.7127224487543694,
                0.12278503844103728
            ],
            [
                0.5526182935517586,
                0.6295636966901805,
                -0.5461342082691183
            ],
            [
                -0.46654311296528017,
                -0.3093157979337129,
                -0.8286502645225525
            ]
        ],
        "translation_vector": [
            0.005334098068122706,
            -0.005101442300615582,
            0.4762522051691214
        ],
        "camera_position": [
            0.22869515049822647,
            0.14672228229579595,
            0.3912054962046215
        ]
    },
    {
        "frame": 44,
        "rotation_matrix": [
            [
                -0.7487552907925941,
                0.6624560826476943,
                -0.02274759488757594
            ],
            [
                0.5927367492871639,
                0.6538034124615157,
                -0.47032355235323153
            ],
            [
                -0.29669624290608027,
                -0.3656405836566128,
                -0.8822008291929155
            ]
        ],
        "translation_vector": [
            0.008224749326793726,
            -0.005370517973835687,
            0.5225313022666298
        ],
        "camera_position": [
            0.16437470212300972,
            0.18912137809781313,
            0.4586387603131813
        ]
    },
    {
        "frame": 45,
        "rotation_matrix": [
            [
                -0.6676569251583031,
                0.7277539573398906,
                0.1568706724161303
            ],
            [
                0.5170883403231539,
                0.6049175193502868,
                -0.605553006007683
            ],
            [
                -0.535587414517935,
                -0.323185662366423,
                -0.7801904569082925
            ]
        ],
        "translation_vector": [
            0.004360761902510731,
            -0.0002924317341276018,
            0.45079837336719
        ],
        "camera_position": [
            0.24450464118385967,
            0.1426949062379999,
            0.35084743032331644
        ]
    },
    {
        "frame": 46,
        "rotation_matrix": [
            [
                -0.6295728581055348,
                0.738743889638387,
                0.24061479975008768
            ],
            [
                0.5027616882468137,
                0.6234815648759635,
                -0.5987498835833147
            ],
            [
                -0.5923417097993707,
                -0.25598477255838054,
                -0.7639391959116852
            ]
        ],
        "translation_vector": [
            -6.10218510760802e-05,
            0.0003480079473719579,
            0.42341148955019403
        ],
        "camera_position": [
            0.2505909029045274,
            0.10821499683111167,
            0.3236836853451962
        ]
    },
    {
        "frame": 47,
        "rotation_matrix": [
            [
                -0.7545637814194728,
                0.6559017016202886,
                -0.02065084941488271
            ],
            [
                0.5787565284009246,
                0.6503219513352306,
                -0.4920591838842643
            ],
            [
                -0.30931275531936286,
                -0.3832418523897779,
                -0.870316782541619
            ]
        ],
        "translation_vector": [
            0.005598905852011569,
            -0.0029991289412943157,
            0.5271470977368469
        ],
        "camera_position": [
            0.16901381828538528,
            0.20030289772842683,
            0.457424839250906
        ]
    },
    {
        "frame": 48,
        "rotation_matrix": [
            [
                -0.6908614793653796,
                0.7068515336596315,
                0.15189248069640032
            ],
            [
                0.4805762941985397,
                0.6059319439860589,
                -0.6339502383560358
            ],
            [
                -0.5401452043510875,
                -0.3649758740249866,
                -0.7583111298116488
            ]
        ],
        "translation_vector": [
            -0.004630335829018151,
            0.0020388534563577994,
            0.4125754738999193
        ],
        "camera_position": [
            0.21867191836065433,
            0.15261764773168313,
            0.3148564185757822
        ]
    },
    {
        "frame": 49,
        "rotation_matrix": [
            [
                -0.73566249438813,
                0.6773072780526498,
                -0.007452881828191121
            ],
            [
                0.5683119962270248,
                0.6112150290808298,
                -0.5508517615204427
            ],
            [
                -0.36854059382256454,
                -0.4094765430676477,
                -0.8345698241503106
            ]
        ],
        "translation_vector": [
            0.0025243957537839957,
            -0.002991002405064522,
            0.5119918392199789
        ],
        "camera_position": [
            0.1922467022830316,
            0.2097670024079131,
            0.4256641543039108
        ]
    },
    {
        "frame": 50,
        "rotation_matrix": [
            [
                -0.6066145932899949,
                0.7534748335580305,
                0.253563424811845
            ],
            [
                0.519302663070241,
                0.6170536951716105,
                -0.5912440117271524
            ],
            [
                -0.6019497315688161,
                -0.22698108394700955,
                -0.7655952639577068
            ]
        ],
        "translation_vector": [
            -0.004716492111065009,
            -0.0012858956950550062,
            0.4388897319906389
        ],
        "camera_position": [
            0.2619962324752382,
            0.10396689189904916,
            0.3364475519750731
        ]
    },
    {
        "frame": 51,
        "rotation_matrix": [
            [
                -0.653139202688891,
                0.7409533950836547,
                0.15619618505240593
            ],
            [
                0.5221856033938186,
                0.5900949766112478,
                -0.6157191845203508
            ],
            [
                -0.5483898043537585,
                -0.32058693811847305,
                -0.7723293582330462
            ]
        ],
        "translation_vector": [
            -0.0029101888150316405,
            -0.0011129716211024788,
            0.46239398221903344
        ],
        "camera_position": [
            0.2522525647986527,
            0.15105054420956324,
            0.3568897299497993
        ]
    },
    {
        "frame": 52,
        "rotation_matrix": [
            [
                -0.6951307904620937,
                0.7157947807422734,
                0.06656587724702068
            ],
            [
                0.557712648347655,
                0.5953942389554545,
                -0.5783271583556318
            ],
            [
                -0.45359650133636353,
                -0.3648883830444259,
                -0.8130846708028843
            ]
        ],
        "translation_vector": [
            -0.0017337939618248441,
            -0.002962050459253921,
            0.49445443937072187
        ],
        "camera_position": [
            0.2247295632077807,
            0.18342530931881265,
            0.4004357023537962
        ]
    },
    {
        "frame": 53,
        "rotation_matrix": [
            [
                -0.6503780930497568,
                0.745783597696079,
                0.1442746044474037
            ],
            [
                0.5283960914322597,
                0.5806274668154087,
                -0.6194104578860715
            ],
            [
                -0.5457159578389411,
                -0.3266168553320764,
                -0.7716965227166134
            ]
        ],
        "translation_vector": [
            -0.004071300130749434,
            -0.0014321409202709063,
            0.4628944539980329
        ],
        "camera_position": [
            0.2507177435912515,
            0.15505698012896643,
            0.35691434268785555
        ]
    },
    {
        "frame": 54,
        "rotation_matrix": [
            [
                -0.7269122200286269,
                0.6845650343278975,
                -0.054491633749574164
            ],
            [
                0.6028547210183415,
                0.5981152711187576,
                -0.5280381688859556
            ],
            [
                -0.32888418891602367,
                -0.4166879362666741,
                -0.847470562350616
            ]
        ],
        "translation_vector": [
            -0.0032874488569358215,
            -0.005336772139203901,
            0.5194827548463737
        ],
        "camera_position": [
            0.17167727601580363,
            0.22190467449760054,
            0.4372491845338741
        ]
    },
    {
        "frame": 55,
        "rotation_matrix": [
            [
                -0.59444581752589,
                0.7953283943530892,
                0.11868831097337873
            ],
            [
                0.5145723815758333,
                0.48964557443588286,
                -0.7038909543066524
            ],
            [
                -0.6179396686937582,
                -0.3573513069391122,
                -0.7003217898106249
            ]
        ],
        "translation_vector": [
            -0.00796330668498624,
            -0.0010774409336804314,
            0.45079985379442394
        ],
        "camera_position": [
            0.27438777929560615,
            0.16795492502580212,
            0.31589171094886564
        ]
    },
    {
        "frame": 56,
        "rotation_matrix": [
            [
                -0.571914845886622,
                0.7941093334617794,
                0.20567881651587233
            ],
            [
                0.5263221768830707,
                0.5475445413085596,
                -0.6505228215860416
            ],
            [
                -0.6292045574974381,
                -0.26379033680574393,
                -0.7311062050293139
            ]
        ],
        "translation_vector": [
            -0.01490736104266531,
            -0.0015219105012995522,
            0.42578096225580125
        ],
        "camera_position": [
            0.26017859610176786,
            0.12498829176754334,
            0.3133671943516918
        ]
    },
    {
        "frame": 57,
        "rotation_matrix": [
            [
                -0.5202945126614701,
                0.8349038690627303,
                0.17952478803342553
            ],
            [
                0.5222286151506484,
                0.47739197691638013,
                -0.7066641167440906
            ],
            [
                -0.6757002986622095,
                -0.2739204807968053,
                -0.6843951173027522
            ]
        ],
        "translation_vector": [
            -0.015037494774167572,
            -0.0018693346304008286,
            0.4269110309944241
        ],
        "camera_position": [
            0.2816162051652366,
            0.1303869427901409,
            0.2935544364916626
        ]
    },
    {
        "frame": 58,
        "rotation_matrix": [
            [
                -0.6672548756762291,
                0.7429238275947244,
                -0.05324581935048062
            ],
            [
                0.6436798954774042,
                0.5391957996609927,
                -0.5430875452320184
            ],
            [
                -0.3747627556795071,
                -0.3966510759092249,
                -0.8379861579617865
            ]
        ],
        "translation_vector": [
            -0.014769803599940335,
            -0.00732580054289615,
            0.5086996477605283
        ],
        "camera_position": [
            0.1855019288708294,
            0.2166991425040311,
            0.42151828205533387
        ]
    },
    {
        "frame": 59,
        "rotation_matrix": [
            [
                -0.5970922263491215,
                0.8009448214755637,
                0.044365146060016236
            ],
            [
                0.6311125145455567,
                0.5031844000539153,
                -0.5903409637881862
            ],
            [
                -0.4951543872545548,
                -0.3244886014852564,
                -0.805933793986025
            ]
        ],
        "translation_vector": [
            -0.018967879613274646,
            -0.00486224211537677,
            0.49484713986821816
        ],
        "camera_position": [
            0.236768780706469,
            0.17821108569718416,
            0.39678516493005495
        ]
    },
    {
        "frame": 60,
        "rotation_matrix": [
            [
                -0.6234979594880321,
                0.77957692615241,
                -0.05924618743024729
            ],
            [
                0.7009685918477707,
                0.5238470716565312,
                -0.4839703283878362
            ],
            [
                -0.34625615916141284,
                -0.34328422877789816,
                -0.8730765204236968
            ]
        ],
        "translation_vector": [
            -0.018823852459260514,
            -0.007562198637641831,
            0.5460447106217287
        ],
        "camera_position": [
            0.18263557436253314,
            0.20608461401418116,
            0.471963694696429
        ]
    },
    {
        "frame": 61,
        "rotation_matrix": [
            [
                -0.6098260438802539,
