[
    {
        "frame": 1,
        "rotation_matrix": [
            [
                -0.5680401942015099,
                0.8163849360396541,
                -0.10414400596789347
            ],
            [
                0.6921082355435578,
                0.40538522928348275,
                -0.5972009763652107
            ],
            [
                -0.4453274391549366,
                -0.4113130828047022,
                -0.7953018419753586
            ]
        ],
        "translation_vector": [
            -0.019735453001102393,
            0.019479519416576663,
            0.45865986898367833
        ],
        "camera_position": [
            0.1795613585295959,
            0.19686782176147513,
            0.3743508975224748
        ]
    },
    {
        "frame": 2,
        "rotation_matrix": [
            [
                -0.5706901052760428,
                0.8126003697257437,
                -0.11829388344966929
            ],
            [
                0.6940259638097476,
                0.40030305056531135,
                -0.59840239744344
            ],
            [
                -0.43890860699919076,
                -0.42360135366838786,
                -0.792414744860505
            ]
        ],
        "translation_vector": [
            -0.019402507369624834,
            0.019427490339169705,
            0.4567486136904525
        ],
        "camera_position": [
            0.1759148961032508,
            0.2014689320600011,
            0.37126459503276393
        ]
    },
    {
        "frame": 3,
        "rotation_matrix": [
            [
                -0.6118203546763199,
                0.751588927643142,
                -0.24655615475581652
            ],
            [
                0.7406992649158393,
                0.43499633265455595,
                -0.5119988178992434
            ],
            [
                -0.2775616193872593,
                -0.4958752609490808,
                -0.8228409767517677
            ]
        ],
        "translation_vector": [
            -0.0191911327158185,
            0.01939977835857815,
            0.4886666755603435
        ],
        "camera_position": [
            0.10952418661455594,
            0.24830272567845166,
            0.4072959363233908
        ]
    },
    {
        "frame": 4,
        "rotation_matrix": [
            [
                -0.5710231226080262,
                0.8107849396283112,
                -0.12868712102963067
            ],
            [
                0.6893556690800279,
                0.3884504448296743,
                -0.6114695523236258
            ],
            [
                -0.4457817346574512,
                -0.4378744495669322,
                -0.780733380522602
            ]
        ],
        "translation_vector": [
            -0.019281070609488152,
            0.019745017659126347,
            0.45441877791397284
        ],
        "camera_position": [
            0.1779503140733501,
            0.20694121302918453,
            0.36437216029526953
        ]
    },
    {
        "frame": 5,
        "rotation_matrix": [
            [
                -0.5718526156176129,
                0.8109776062767504,
                -0.12369279740116856
            ],
            [
                0.6916607381846749,
                0.3955522145743051,
                -0.6042713536145773
            ],
            [
                -0.44112357595703855,
                -0.4311076056659112,
                -0.7871189383262736
            ]
        ],
        "translation_vector": [
            -0.019430237707435415,
            0.01966790319486674,
            0.45388701410002946
        ],
        "camera_position": [
            0.1755055140428926,
            0.20365194889211502,
            0.3667444346886178
        ]
    },
    {
        "frame": 6,
        "rotation_matrix": [
            [
                -0.5696789391636873,
                0.8154362227865667,
                -0.1026141941493122
            ],
            [
                0.6855020606829044,
                0.4025633329105841,
                -0.6066545044713787
            ],
            [
                -0.4533793456619165,
                -0.4159405360907966,
                -0.788315063514375
            ]
        ],
        "translation_vector": [
            -0.019728448913104327,
            0.019193202649676402,
            0.4558292328584425
        ],
        "camera_position": [
            0.182267697511314,
            0.1979586677162547,
            0.368956274608136
        ]
    },
    {
        "frame": 7,
        "rotation_matrix": [
            [
                -0.5696789391636873,
                0.8154362227865667,
                -0.1026141941493122
            ],
            [
                0.6855020606829044,
                0.4025633329105841,
                -0.6066545044713787
            ],
            [
                -0.4533793456619165,
                -0.4159405360907966,
                -0.788315063514375
            ]
        ],
        "translation_vector": [
            -0.019728448913104327,
            0.019193202649676402,
            0.4558292328584425
        ],
        "camera_position": [
            0.182267697511314,
            0.1979586677162547,
            0.368956274608136
        ]
    },
    {
        "frame": 8,
        "rotation_matrix": [
            [
                -0.5705720339496192,
                0.811085482626929,
                -0.12879399809943085
            ],
            [
                0.6904846666235526,
                0.3888830064187957,
                -0.6099187917062732
            ],
            [
                -0.4446104803447126,
                -0.43693288636874233,
                -0.7819278570156736
            ]
        ],
        "translation_vector": [
            -0.019229692022913608,
            0.01973016105306989,
            0.45506091139321525
        ],
        "camera_position": [
            0.1777295522337436,
            0.20675527717635528,
            0.3653819303291029
        ]
    },
    {
        "frame": 9,
        "rotation_matrix": [
            [
                -0.571872726816287,
                0.8111590877622674,
                -0.12240309908000843
            ],
            [
                0.6920395364747456,
                0.3969085480286617,
                -0.6029468338565174
            ],
            [
                -0.4405029673901455,
                -0.4295166339531748,
                -0.788335332760121
            ]
        ],
        "translation_vector": [
            -0.01946244056941851,
            0.019653958779529836,
            0.4537266164456428
        ],
        "camera_position": [
            0.17513656544558318,
            0.2028694403264142,
            0.36715675233530637
        ]
    },
    {
        "frame": 10,
        "rotation_matrix": [
            [
                -0.5705298886855901,
                0.8106725582091318,
                -0.13155093873883927
            ],
            [
                0.6916853256172849,
                0.38793928340519857,
                -0.6091588649250466
            ],
            [
                -0.442794598478932,
                -0.4385351932943607,
                -0.7820612685718166
            ]
        ],
        "translation_vector": [
            -0.019168551421164658,
            0.019800461394139112,
            0.45495809290139866
        ],
        "camera_position": [
            0.17682106597565678,
            0.2073731770247728,
            0.3653450889356103
        ]
    },
    {
        "frame": 11,
        "rotation_matrix": [
            [
                -0.5715860810155805,
                0.8108489086497713,
                -0.1257513392800441
            ],
            [
                0.6944590241896026,
                0.39641320472684716,
                -0.6004858323389612
            ],
            [
                -0.43705379040900105,
                -0.4305584959789608,
                -0.7896856120187705
            ]
        ],
        "translation_vector": [
            -0.019344791117244527,
            0.019708439512017225,
            0.4543260293954115
        ],
        "camera_position": [
            0.1738209962141497,
            0.20348694899893308,
            0.368176733892563
        ]
    },
    {
        "frame": 12,
        "rotation_matrix": [
            [
                -0.5705075472528868,
                0.8133368471387471,
                -0.11403644862015463
            ],
            [
                0.7023736301316105,
                0.41121055202108303,
                -0.5810139117114659
            ],
            [
                -0.42566703210753654,
                -0.41156901607496854,
                -0.8058650772826947
            ]
        ],
        "translation_vector": [
            -0.01955766216542193,
            0.018869382784679613,
            0.45675386107117744
        ],
        "camera_position": [
            0.17001390968901237,
            0.1961334151613512,
            0.3768150731179438
        ]
    },
    {
        "frame": 13,
        "rotation_matrix": [
            [
                -0.5119461402350876,
                0.8589357950749502,
                0.011851136542936958
            ],
            [
                0.6794443535511266,
                0.4133294066713079,
                -0.6062294714118049
            ],
            [
                -0.5256106162606382,
                -0.30230465017876895,
                -0.7952014704176572
            ]
        ],
        "translation_vector": [
            -0.02191682718777228,
            0.0185727632889763,
            0.43330320616128654
        ],
        "camera_position": [
            0.20390937098662815,
            0.14213805231549698,
            0.35608244245906323
        ]
    },
    {
        "frame": 14,
        "rotation_matrix": [
            [
                -0.5726411564287202,
                0.8102206241301876,
                -0.12499858478425749
            ],
            [
                0.6932841592360964,
                0.39722597239928126,
                -0.6013057470237115
            ],
            [
                -0.43753763325715955,
                -0.43099195710074945,
                -0.7891810643940902
            ]
        ],
        "translation_vector": [
            -0.01940681518300955,
            0.019678603714488794,
            0.45398880452385654
        ],
        "camera_position": [
            0.1738811817364787,
            0.20357247277757576,
            0.3676864010510161
        ]
    },
    {
        "frame": 15,
        "rotation_matrix": [
            [
                -0.5894381800481685,
                0.802752960995743,
                -0.09027909788023958
            ],
            [
                0.6311333040237043,
                0.3878788794039253,
                -0.6717296535545217
            ],
            [
                -0.5042156130601523,
                -0.45292124980499915,
                -0.7352747493430278
            ]
        ],
        "translation_vector": [
            -0.02130965330251371,
            0.018610791019925233,
            0.44268170331729767
        ],
        "camera_position": [
            0.19890041314165247,
            0.21038760485303265,
            0.336070282373269
        ]
    },
    {
        "frame": 16,
        "rotation_matrix": [
            [
                -0.6226056739389515,
                0.7346239045652984,
                -0.2696106333590338
            ],
            [
                0.7197870293890539,
                0.40243791682209373,
                -0.56564154322961
            ],
            [
                -0.3070322574295823,
                -0.5462338711075403,
                -0.7793328884068513
            ]
        ],
        "translation_vector": [
            -0.014777619572031418,
            0.018805144445000442,
            0.4597483148069016
        ],
        "camera_position": [
            0.11842123409445224,
            0.2544181911663437,
            0.3649497496708165
        ]
    },
    {
        "frame": 17,
        "rotation_matrix": [
            [
                -0.5091269147754982,
                0.8606509961614209,
                0.008345505229569283
            ],
            [
                0.6648219852865384,
                0.39940341415129765,
                -0.6312595667742021
            ],
            [
                -0.5466273982621515,
                -0.3158429602993257,
                -0.7755267319045231
            ]
        ],
        "translation_vector": [
            -0.02201671765163352,
            0.019482440495514047,
            0.4216795119001877
        ],
        "camera_position": [
            0.20633991619053962,
            0.14435186206530534,
            0.3395059513542491
        ]
    },
    {
        "frame": 18,
        "rotation_matrix": [
            [
                -0.5894381807759113,
                0.802752960104952,
                -0.09027910104958567
            ],
            [
                0.6311333050262004,
                0.3878788785404046,
                -0.6717296531112369
            ],
            [
                -0.5042156109545689,
                -0.4529212521233407,
                -0.7352747493588611
            ]
        ],
        "translation_vector": [
            -0.02130965325778887,
            0.018610791082660737,
            0.44268170320841826
        ],
        "camera_position": [
            0.1989004121072534,
            0.21038760576685783,
            0.3360702822706133
        ]
    },
    {
        "frame": 19,
        "rotation_matrix": [
            [
                -0.608397291992618,
                0.7521627910455767,
                -0.2531874224020168
            ],
            [
                0.7397140991902894,
                0.42185003415548694,
                -0.524276263187753
            ],
            [
                -0.28753397461021507,
                -0.5062545648678572,
                -0.8130378398299238
            ]
        ],
        "translation_vector": [
            -0.01894967741407817,
            0.01877974958326655,
            0.48941475978539506
        ],
        "camera_position": [
            0.11530279314513422,
            0.25409946050511595,
            0.4029606760320953
        ]
    },
    {
        "frame": 20,
        "rotation_matrix": [
            [
                -0.6216703118919462,
                0.7774873300036123,
                -0.09507615366654545
            ],
            [
                0.5573824117752217,
                0.35382925100795115,
                -0.7510856863066887
            ],
            [
                -0.5503188806099674,
                -0.5199214486968263,
                -0.6533229039526978
            ]
        ],
        "translation_vector": [
            -0.024689452994405597,
            0.018056254812043458,
            0.40737394750531863
        ],
        "camera_position": [
            0.19877263598255215,
            0.22460935872002621,
            0.2773611466896417
        ]
    },
    {
        "frame": 21,
        "rotation_matrix": [
            [
                -0.5719290886588483,
                0.8106266722561466,
                -0.12562450307478032
            ],
            [
                0.6932322826423962,
                0.3957579706758355,
                -0.6023326580461648
            ],
            [
                -0.43855001977912655,
                -0.4315785292081514,
                -0.7882980738770435
            ]
        ],
        "translation_vector": [
            -0.019393149983147565,
            0.019725927194550373,
            0.45368662395759685
        ],
        "camera_position": [
            0.17419812177772742,
            0.20371531760822004,
            0.3670856071393832
        ]
    },
    {
        "frame": 22,
        "rotation_matrix": [
            [
                -0.615238750763664,
                0.7523110047374832,
                -0.23560439662630372
            ],
            [
                0.7188918534839961,
                0.412744753920377,
                -0.5593176835265907
            ],
            [
                -0.3235363697532486,
                -0.5134879942725881,
                -0.7947668193783657
            ]
        ],
        "translation_vector": [
            -0.016200188354603802,
            0.018462006376974725,
            0.462899375238943
        ],
        "camera_position": [
            0.12652561379705524,
            0.24226075544052655,
            0.37440635518839105
        ]
    },
    {
        "frame": 23,
        "rotation_matrix": [
            [
                -0.5721945253415965,
                0.8105872295025027,
                -0.1246666296029626
            ],
            [
                0.6926147226669144,
                0.39621727481535773,
                -0.6027410033197713
            ],
            [
                -0.4391790877468307,
                -0.4312310453867491,
                -0.7881380046543329
            ]
        ],
        "translation_vector": [
            -0.019384725331112004,
            0.01970847648425854,
            0.4534693388331598
        ],
        "camera_position": [
            0.17441203586586063,
            0.20345422899331903,
            0.3668588983971034
        ]
    },
    {
        "frame": 24,
        "rotation_matrix": [
            [
                -0.5637059527871364,
                0.8229368318037396,
                -0.07078537739653837
            ],
            [
                0.6843492542191953,
                0.41734540427430655,
                -0.5979037646484145
            ],
            [
                -0.46249507785702737,
                -0.38548383155709565,
                -0.7984362958721771
            ]
        ],
        "translation_vector": [
            -0.020169778015264497,
            0.019190662775088817,
            0.45758335629437774
        ],
        "camera_position": [
            0.18712711030374432,
            0.18498030374501756,
            0.3753976042229505
        ]
    },
    {
        "frame": 25,
        "rotation_matrix": [
            [
                -0.5579586649031311,
                0.8207556859051867,
                -0.12264677865244608
            ],
            [
                0.6817965366279154,
                0.3691128761994682,
                -0.6315925642896185
            ],
            [
                -0.4731126830911375,
                -0.4360226928475888,
                -0.7655381116706352
            ]
        ],
        "translation_vector": [
            -0.01883838500287863,
            0.02023102470341868,
            0.4491947285898427
        ],
        "camera_position": [
            0.18821524055317382,
            0.2038532750603273,
            0.3543429818320929
        ]
    },
    {
        "frame": 26,
        "rotation_matrix": [
            [
                -0.5721787057038155,
                0.8006365494391818,
                -0.17774319801676536
            ],
            [
                0.7076182319658755,
                0.37238995864753877,
                -0.6005015874150317
            ],
            [
                -0.4145937367213777,
                -0.46936854858480337,
                -0.7796186241174591
            ]
        ],
        "translation_vector": [
            -0.01841553010392883,
            0.02108457324953804,
            0.44948056666794417
        ],
        "camera_position": [
            0.16089502509419656,
            0.21786450431201437,
            0.35981150544566826
        ]
    },
    {
        "frame": 27,
        "rotation_matrix": [
            [
                -0.5723344331564275,
                0.7995775225860204,
                -0.18195901186452057
            ],
            [
                0.7083419385031633,
                0.3702685319614837,
                -0.6009599923428086
            ],
            [
                -0.41314040565053844,
                -0.472839295759447,
                -0.7782917226879769
            ]
        ],
        "translation_vector": [
            -0.018298639939955563,
            0.02121006230188958,
            0.4487274521150483
        ],
        "camera_position": [
            0.15989052322908226,
            0.21895373500456142,
            0.3586576581606027
        ]
    },
    {
        "frame": 28,
        "rotation_matrix": [
            [
                -0.5741142297851007,
                0.8058664703655131,
                -0.1448174129685049
            ],
            [
                0.694572876055154,
                0.38569294480184313,
                -0.6072968567171699
            ],
            [
                -0.43354511992032907,
                -0.44924401417349213,
                -0.7811647999766469
            ]
        ],
        "translation_vector": [
            -0.019199620719528358,
            0.02028480615787942,
            0.45035184011321333
        ],
        "camera_position": [
            0.17013579091336625,
            0.20996649240271448,
            0.3613374647173718
        ]
    },
    {
        "frame": 29,
        "rotation_matrix": [
            [
                -0.5734436765224811,
                0.8094819377685508,
                -0.12610052451457948
            ],
            [
                0.6924385444703135,
                0.3966471124310825,
                -0.6026607091323588
            ],
            [
                -0.43782554972067794,
                -0.4329088363923239,
                -0.7879712731979702
            ]
        ],
        "translation_vector": [
            -0.019410448481321833,
            0.019670783172401042,
            0.454511399044699
        ],
        "camera_position": [
            0.17424509573249183,
            0.20467204899251407,
            0.36754906618955235
        ]
    },
    {
        "frame": 30,
        "rotation_matrix": [
            [
                -0.6131637898940583,
                0.750978911943666,
                -0.24507313312287593
            ],
            [
                0.7448054318713914,
                0.44621227206931224,
                -0.49614461289992107
            ],
            [
                -0.2632395020083905,
                -0.48674971193689465,
                -0.8329343806757677
            ]
        ],
        "translation_vector": [
            -0.01922504288101501,
            0.019027853049911763,
            0.491585721332038
        ],
        "camera_position": [
            0.10344463201565726,
            0.24522634849351288,
            0.4141876736392447
        ]
    },
    {
        "frame": 31,
        "rotation_matrix": [
            [
                -0.5694956445384073,
                0.8180763800879292,
                -0.0801607584421076
            ],
            [
                0.6817520377363238,
                0.41559962946573814,
                -0.6020723436849688
            ],
            [
                -0.45922638196662247,
                -0.3975273378400168,
                -0.794407418001415
            ]
        ],
        "translation_vector": [
            -0.019157021671812657,
            0.018817920523364676,
            0.4555691624716974
        ],
        "camera_position": [
            0.18547038215025274,
            0.1889523825050964,
            0.3717016302062835
        ]
    },
    {
        "frame": 32,
        "rotation_matrix": [
            [
                -0.6208377212657445,
                0.749100766118462,
                -0.23110293389373307
            ],
            [
                0.7170988292892982,
                0.4235540324228618,
                -0.5535081306089839
            ],
            [
                -0.3167487851365428,
                -0.5093623698498618,
                -0.8001376027255918
            ]
        ],
        "translation_vector": [
            -0.014778211410649745,
            0.01829673934657396,
            0.463462393564581
        ],
        "camera_position": [
            0.12450570865624447,
            0.23939101488149123,
            0.3775457945174876
        ]
    },
    {
        "frame": 33,
        "rotation_matrix": [
            [
                -0.6246690998096524,
                0.7475640786706049,
                -0.22569108095883697
            ],
            [
                0.7108270707929297,
                0.4247038701664574,
                -0.5606705789441576
            ],
            [
                -0.32328530924083454,
                -0.5106609158208636,
                -0.7966881685339973
            ]
        ],
        "translation_vector": [
            -0.01474592989225404,
            0.017769165554535508,
            0.45880771546315463
        ],
        "camera_position": [
            0.12648366352237111,
            0.23777206227749723,
            0.37216130202329795
        ]
    },
    {
        "frame": 34,
        "rotation_matrix": [
            [
                -0.6207310412896148,
                0.7531238396971103,
                -0.2179391118165615
            ],
            [
                0.7113581357880576,
                0.42412956187886774,
                -0.5604317241097065
            ],
            [
                -0.3296400719385459,
                -0.5029101279754864,
                -0.7990111552112585
            ]
        ],
        "translation_vector": [
            -0.015376511860102299,
            0.017676011195646362,
            0.46154808525918134
        ],
        "camera_position": [
            0.13002609143730742,
            0.23620070539358853,
            0.37533712288061394
        ]
    },
    {
        "frame": 35,
        "rotation_matrix": [
            [
                -0.5745890829137372,
                0.8121324831337668,
                -0.10143084163770133
            ],
            [
                0.6881446327705387,
                0.4122988463339279,
                -0.5970482607803267
            ],
            [
                -0.4430624675883199,
                -0.4128565018873924,
                -0.7957670253685148
            ]
        ],
        "translation_vector": [
            -0.018529169153664274,
            0.018560594202012948,
            0.45195732639442704
        ],
        "camera_position": [
            0.1768262966846299,
            0.19398914935599043,
            0.36885487848365794
        ]
    },
    {
        "frame": 36,
        "rotation_matrix": [
            [
                -0.6240581275789059,
                0.7481861013096632,
                -0.22531979764271987
            ],
            [
                0.7121952786229756,
                0.426014002340644,
                -0.5579336474141415
            ],
            [
                -0.3214488116479078,
                -0.508654723379968,
                -0.7987121095071716
            ]
        ],
        "translation_vector": [
            -0.014803129438905679,
            0.01734338860435672,
            0.4576418350610435
        ],
        "camera_position": [
            0.12551853132144222,
            0.23646865032866204,
            0.37186509741323553
        ]
    },
    {
        "frame": 37,
        "rotation_matrix": [
            [
                -0.5761883592767321,
                0.8107801756943387,
                -0.10316240272039426
            ],
            [
                0.6861000412156988,
                0.4112230018966756,
                -0.6001352982077484
            ],
            [
                -0.4441550495916984,
                -0.41657070157674786,
                -0.7932182187204553
            ]
        ],
        "translation_vector": [
            -0.018367068884453726,
            0.01866678581761353,
            0.4516550897630219
        ],
        "camera_position": [
            0.1772147149879526,
            0.19536172125073714,
            0.367568851894034
        ]
    },
    {
        "frame": 38,
        "rotation_matrix": [
            [
                -0.6189949905079501,
                0.7552153081919092,
                -0.2156270854940593
            ],
            [
                0.7148601333302572,
                0.42804151311394334,
                -0.5529515827142313
            ],
            [
                -0.3253001560115054,
                -0.49641746677944965,
                -0.8048288682540932
            ]
        ],
        "translation_vector": [
            -0.015198593237578476,
            0.017305740675835707,
            0.4604348366935704
        ],
        "camera_position": [
            0.1280004870458146,
            0.23263853009999086,
            0.37686325685416106
        ]
    },
    {
        "frame": 39,
        "rotation_matrix": [
            [
                -0.5743606470124726,
                0.8114948919237536,
                -0.10763776077692003
            ],
            [
                0.6834351279545346,
                0.4029830141811258,
                -0.6087044571540968
            ],
            [
                -0.4505843683941808,
                -0.42317931265971687,
                -0.7860617000564694
            ]
        ],
        "translation_vector": [
            -0.018160993570827143,
            0.018709442137101566,
            0.4517037799769268
        ],
        "camera_position": [
            0.18031301240350997,
            0.19834966126536166,
            0.364500753348869
        ]
    },
    {
        "frame": 40,
        "rotation_matrix": [
            [
                -0.5740659062300545,
                0.8125093543364469,
                -0.10137496939598309
            ],
            [
                0.6883689410677466,
                0.4118583785377159,
                -0.5970936919793676
            ],
            [
                -0.44339207962878113,
                -0.41255451172427265,
                -0.7957400571659136
            ]
        ],
        "translation_vector": [
            -0.018853959272644,
            0.018553606036019254,
            0.4529359730532462
        ],
        "camera_position": [
            0.17723308167488674,
            0.19453833938261947,
            0.3695862186732088
        ]
    },
    {
        "frame": 41,
        "rotation_matrix": [
            [
                -0.5547510218130675,
                0.8277701278646463,
                -0.0839518862939039
            ],
            [
                0.6702580704225323,
                0.3848344870079352,
                -0.6345522331871529
            ],
            [
                -0.4929558021068634,
                -0.4082879290700208,
                -0.7683069335525304
            ]
        ],
        "translation_vector": [
            -0.018646440936808326,
            0.018887658426625997,
            0.4400329571975818
        ],
        "camera_position": [
            0.19391306171408737,
            0.18782648927384846,
            0.34850017395150473
        ]
    },
    {
        "frame": 42,
        "rotation_matrix": [
            [
                -0.5738815405257693,
                0.8100537780651327,
                -0.1203031757110945
            ],
            [
                0.6902400342431583,
                0.3993916597520605,
                -0.6033697019643082
            ],
            [
                -0.4407138216255232,
                -0.4293008021922381,
                -0.7883350484821332
            ]
        ],
        "translation_vector": [
            -0.018494729583270895,
            0.018284741425568973,
            0.45227097547554496
        ],
        "camera_position": [
            0.17608742555956367,
            0.2018392449270438,
            0.36534854566022995
        ]
    },
    {
        "frame": 43,
        "rotation_matrix": [
            [
                -0.6156719372353809,
                0.7560801106160477,
                -0.2220156121349533
            ],
            [
                0.716019346565532,
                0.4191237131197759,
                -0.5582576541746287
            ],
            [
                -0.329035501192047,
                -0.5026710449503888,
                -0.7994106951522368
            ]
        ],
        "translation_vector": [
            -0.01501939760297616,
            0.01696342851585149,
            0.45598121625662674
        ],
        "camera_position": [
            0.12864084340539447,
            0.23345464710770686,
            0.3706516841213677
        ]
    },
    {
        "frame": 44,
        "rotation_matrix": [
            [
                -0.571787021092949,
                0.8116999018430042,
                -0.1191758023161947
            ],
            [
                0.6905690283788222,
                0.3977682449541502,
                -0.6040652616646849
            ],
            [
                -0.44291536387167796,
                -0.4276957945247441,
                -0.787973532418613
            ]
        ],
        "translation_vector": [
            -0.01892631340571698,
            0.018454018566627955,
            0.4511508562439089
        ],
        "camera_position": [
            0.1762560516205225,
            0.20097738806782872,
            0.36438680681739577
        ]
    },
    {
        "frame": 45,
        "rotation_matrix": [
            [
                -0.5690754440642385,
                0.8163137500359017,
                -0.09891916126521372
            ],
            [
                0.6901291980161282,
                0.40874069746783603,
                -0.5972040959999546
            ],
            [
                -0.44707362817404683,
                -0.4081211875605462,
                -0.7959662475604501
            ]
        ],
        "translation_vector": [
            -0.019493633691045675,
            0.018032425911922043,
            0.4548026265884161
        ],
        "camera_position": [
            0.17979220848993197,
            0.19415692294480763,
            0.3708482847869042
        ]
    },
    {
        "frame": 46,
        "rotation_matrix": [
            [
                -0.5718309147068164,
                0.8108857562798367,
                -0.12439330869481308
            ],
            [
                0.6950262326033126,
                0.39830355603260903,
                -0.5985756537356198
            ],
            [
                -0.43583017447029965,
                -0.42874067630008683,
                -0.7913491590359671
            ]
        ],
        "translation_vector": [
            -0.019171624818432834,
            0.018527308495902114,
            0.45239731549512185
        ],
        "camera_position": [
            0.1733285077616076,
            0.20212763563409952,
            0.3667094091178694
        ]
    },
    {
        "frame": 47,
        "rotation_matrix": [
            [
                -0.6137948627832397,
                0.7553796730124426,
                -0.229472037556909
            ],
            [
                0.7391117006903581,
                0.4476883341555241,
                -0.5032783020990063
            ],
            [
                -0.27743424504467806,
                -0.47851510431821015,
                -0.8330987544197999
            ]
        ],
        "translation_vector": [
            -0.019318945733874063,
            0.017934218985130066,
            0.486721941025221
        ],
        "camera_position": [
            0.10992007351451964,
            0.23946799867321103,
            0.4100801882562035
        ]
    },
    {
        "frame": 48,
        "rotation_matrix": [
            [
                -0.5717790712429485,
                0.8100832133311819,
                -0.12974544757939727
            ],
            [
                0.6908159935868852,
                0.3900946800612046,
                -0.6087687603618561
            ],
            [
                -0.44254034470668974,
                -0.4377114666843596,
                -0.7826664137676478
            ]
        ],
        "translation_vector": [
            -0.01876358234185623,
            0.01823292836924058,
            0.4557616868683957
        ],
        "camera_position": [
            0.17836871179882963,
            0.20757961113602066,
            0.365374512805953
        ]
    },
    {
        "frame": 49,
        "rotation_matrix": [
            [
                -0.6112973068563385,
                0.7560560725177964,
                -0.2338692323482336
            ],
            [
                0.7168476129083371,
                0.4037678287663755,
                -0.5684197747447793
            ],
            [
                -0.335328350274483,
                -0.5151220784069067,
                -0.7887991771293517
            ]
        ],
        "translation_vector": [
            -0.015621178269724874,
            0.017216937602291194,
            0.4608521957022085
        ],
        "camera_position": [
            0.13264570167719494,
            0.24225398206553342,
            0.36965296757153077
        ]
    },
    {
        "frame": 50,
        "rotation_matrix": [
            [
                -0.533274425732208,
                0.8423538133709216,
                -0.07783598113629775
            ],
            [
                0.6721122459831912,
                0.3660228139215007,
                -0.6436555200481208
            ],
            [
                -0.5136959369699298,
                -0.3955595439228497,
                -0.7613469193161112
            ]
        ],
        "translation_vector": [
            -0.01781765630338635,
            0.019436881549123517,
            0.4267436609803291
        ],
        "camera_position": [
            0.19665101822729536,
            0.17669695656336704,
            0.33602377296674396
        ]
    },
    {
        "frame": 51,
        "rotation_matrix": [
            [
                -0.5726049932633099,
                0.8122658387290662,
                -0.11112033532927706
            ],
            [
                0.6883116195211914,
                0.4026784975062514,
                -0.6033880526478975
            ],
            [
                -0.4453657329903585,
                -0.42198842979384354,
                -0.7896677332891897
            ]
        ],
        "translation_vector": [
            -0.01769201344362209,
            0.018049367193734196,
            0.45357962752036757
        ],
        "camera_position": [
            0.1794546988769508,
            0.19850788087987445,
            0.3671020263862124
        ]
    },
    {
        "frame": 52,
        "rotation_matrix": [
            [
                -0.5783361410550036,
                0.8075027300870694,
                -0.11604589114456543
            ],
            [
                0.6866678962232584,
                0.4050391054424318,
                -0.6036808124818271
            ],
            [
                -0.4404707802407911,
                -0.42881541945728113,
                -0.7887349540813724
            ]
        ],
        "translation_vector": [
            -0.017268508019310902,
            0.018588624663266336,
            0.45577099536194954
        ],
        "camera_position": [
            0.1780025918573254,
            0.2018568780177064,
            0.368700171736231
        ]
    },
    {
        "frame": 53,
        "rotation_matrix": [
            [
                -0.5783747703590989,
                0.8071920262162461,
