[
    {
        "frame": 1,
        "rotation_matrix": [
            [
                -0.6449227840853868,
                0.7307388767983577,
                -0.22381978577200948
            ],
            [
                0.7376713291173743,
                0.5186422485030331,
                -0.43226291567277003
            ],
            [
                -0.19978892052804095,
                -0.4438816418857539,
                -0.8735293213344629
            ]
        ],
        "translation_vector": [
            0.036376936703946226,
            0.02479166139085856,
            0.42558287771548514
        ],
        "camera_position": [
            0.0901989612203784,
            0.14946838164252624,
            0.39061751635967923
        ]
    },
    {
        "frame": 2,
        "rotation_matrix": [
            [
                -0.6475496157829034,
                0.7273062016681818,
                -0.2273877395868478
            ],
            [
                0.7357306466321037,
                0.5190144983155268,
                -0.4351141989691767
            ],
            [
                -0.19844372175939598,
                -0.4490541610466201,
                -0.8711891010228465
            ]
        ],
        "translation_vector": [
            0.03644748247123344,
            0.024725346516231424,
            0.4243171377725579
        ],
        "camera_position": [
            0.08961343011579231,
            0.15120008296583926,
            0.38870652580107246
        ]
    },
    {
        "frame": 3,
        "rotation_matrix": [
            [
                -0.6417840260518153,
                0.7290802933573968,
                -0.23781335063998224
            ],
            [
                0.7482704503661286,
                0.5274254107281,
                -0.40238510065255373
            ],
            [
                -0.16794224308849123,
                -0.43619303290651845,
                -0.8840424430027208
            ]
        ],
        "translation_vector": [
            0.03645199637436821,
            0.024826553744358684,
            0.42551804137101334
        ],
        "camera_position": [
            0.07627978678190743,
            0.14593741750639494,
            0.39483461555794824
        ]
    },
    {
        "frame": 4,
        "rotation_matrix": [
            [
                -0.5923181841040012,
                0.8044382223369271,
                0.04514770451688077
            ],
            [
                0.6208593748915261,
                0.4914249131459336,
                -0.6107660692514079
            ],
            [
                -0.5135102777832613,
                -0.3337374734471946,
                -0.7905229240370206
            ]
        ],
        "translation_vector": [
            0.027633886539228096,
            0.023820576867150885,
            0.36467617884068476
        ],
        "camera_position": [
            0.18884379092877507,
            0.08777032707076479,
            0.3015860727801103
        ]
    },
    {
        "frame": 5,
        "rotation_matrix": [
            [
                -0.603286662273871,
                0.6983775047089641,
                -0.38511565021293703
            ],
            [
                0.7796128058597546,
                0.4146556428201086,
                -0.4693235246787903
            ],
            [
                -0.1680746145672599,
                -0.5833777153730878,
                -0.7946202647454591
            ]
        ],
        "translation_vector": [
            0.036421403611250465,
            0.020706075835404316,
            0.402375340650891
        ],
        "camera_position": [
            0.0734589054308448,
            0.20071502679355008,
            0.3434799007418081
        ]
    },
    {
        "frame": 6,
        "rotation_matrix": [
            [
                -0.6405242879578692,
                0.7277111135899711,
                -0.2452858978696263
            ],
            [
                0.7488500906881407,
                0.5211130046977497,
                -0.4094688974894751
            ],
            [
                -0.1701533961236974,
                -0.44595714086953153,
                -0.8787320696862297
            ]
        ],
        "translation_vector": [
            0.036078307202067776,
            0.024113623449736967,
            0.42467533143336533
        ],
        "camera_position": [
            0.07731149281751841,
            0.15056648872334394,
            0.39189911171924224
        ]
    },
    {
        "frame": 7,
        "rotation_matrix": [
            [
                -0.6021169581071794,
                0.7976636013398277,
                -0.03446661946483345
            ],
            [
                0.6101664874412303,
                0.4318845383988149,
                -0.6642082528060559
            ],
            [
                -0.5149291469351761,
                -0.42096142886209764,
                -0.7467526023034623
            ]
        ],
        "translation_vector": [
            0.020208831510089332,
            0.026958931583719394,
            0.3140852499491906
        ],
        "camera_position": [
            0.1574502933874073,
            0.10445478055915283,
            0.25314685269491893
        ]
    },
    {
        "frame": 8,
        "rotation_matrix": [
            [
                -0.6411064778088764,
                0.7291852377823236,
                -0.2393143813309864
            ],
            [
                0.7492977131069738,
                0.5273066403554033,
                -0.40062531643638827
            ],
            [
                -0.16593800421891206,
                -0.4361612041865179,
                -0.8844365340251448
            ]
        ],
        "translation_vector": [
            0.03587372761071436,
            0.02381126249176092,
            0.4246615705003934
        ],
        "camera_position": [
            0.0756246481004179,
            0.1465064725360813,
            0.39371070104674866
        ]
    },
    {
        "frame": 9,
        "rotation_matrix": [
            [
                -0.603218724735386,
                0.7016150358971621,
                -0.3792934372377653
            ],
            [
                0.7794594448696831,
                0.4178059024717624,
                -0.4667774648193733
            ],
            [
                -0.1690270508884896,
                -0.5772127590956214,
                -0.7989088100685585
            ]
        ],
        "translation_vector": [
            0.036398053950128434,
            0.02004435093907533,
            0.40110505816848935
        ],
        "camera_position": [
            0.07412983410957731,
            0.19761088725027617,
            0.34360815904066905
        ]
    },
    {
        "frame": 10,
        "rotation_matrix": [
            [
                -0.6566431553423682,
                0.7220364851698704,
                -0.217906128012863
            ],
            [
                0.7106381291460899,
                0.49555609416497204,
                -0.49941726736237574
            ],
            [
                -0.25261277866680437,
                -0.4827913334138228,
                -0.8385101743179622
            ]
        ],
        "translation_vector": [
            0.035878822067773264,
            0.023647891117045766,
            0.4222218033434327
        ],
        "camera_position": [
            0.11341311278717575,
            0.1662203522975128,
            0.373665658277355
        ]
    },
    {
        "frame": 11,
        "rotation_matrix": [
            [
                -0.6437565945993913,
                0.7298005108143641,
                -0.23014921534710508
            ],
            [
                0.7466416292417195,
                0.5331489725327907,
                -0.3978422433207665
            ],
            [
                -0.16764165470749087,
                -0.427952552863425,
                -0.8881176093877499
            ]
        ],
        "translation_vector": [
            0.03666823178248199,
            0.02369037638757455,
            0.4235700568177208
        ],
        "camera_position": [
            0.0769251800083722,
            0.14187689301618428,
            0.39404422352923757
        ]
    },
    {
        "frame": 13,
        "rotation_matrix": [
            [
                -0.6485952448536957,
                0.7266212110946837,
                -0.22659616929787102
            ],
            [
                0.7375416565435355,
                0.5264466180568637,
                -0.4229494806705734
            ],
            [
                -0.18803327688521482,
                -0.44144713604664526,
                -0.8773641848514349
            ]
        ],
        "translation_vector": [
            0.036638474082371544,
            0.02358863351422647,
            0.42157152441843776
        ],
        "camera_position": [
            0.08563541540873482,
            0.14706109334479642,
            0.38815069504851474
        ]
    },
    {
        "frame": 14,
        "rotation_matrix": [
            [
                -0.646446931349171,
                0.7303679165047537,
                -0.22061067854876276
            ],
            [
                0.7416712595860512,
                0.5337394128827897,
                -0.4062585160209885
            ],
            [
                -0.17896957186427204,
                -0.42624517085363034,
                -0.8867270981935077
            ]
        ],
        "translation_vector": [
            0.03678892541674999,
            0.02329540005298552,
            0.4245906963525251
        ],
        "camera_position": [
            0.08249337438719737,
            0.14167660995541329,
            0.39407606055154554
        ]
    },
    {
        "frame": 15,
        "rotation_matrix": [
            [
                -0.6518783395459652,
                0.7236886112291362,
                -0.22655997971406944
            ],
            [
                0.7331825188010502,
                0.5251882561670308,
                -0.43199616862743223
            ],
            [
                -0.19364406666702416,
                -0.44771876168134556,
                -0.8729546871878171
            ]
        ],
        "translation_vector": [
            0.03661819680884917,
            0.023557379778005774,
            0.4207251230918231
        ],
        "camera_position": [
            0.08806967407541369,
            0.14949429991911617,
            0.38574688395385676
        ]
    },
    {
        "frame": 16,
        "rotation_matrix": [
            [
                -0.6449845965178425,
                0.7267962452508298,
                -0.23613997574322657
            ],
            [
                0.7407713987214727,
                0.5186968411706436,
                -0.4268621812667747
            ],
            [
                -0.18775677109214686,
                -0.4502452718784414,
                -0.8729413439974988
            ]
        ],
        "translation_vector": [
            0.035781265049988194,
            0.022982063255279787,
            0.4211874032163608
        ],
        "camera_position": [
            0.08513469651063565,
            0.15171122417017135,
            0.38593145855063227
        ]
    },
    {
        "frame": 17,
        "rotation_matrix": [
            [
                -0.6504512731280059,
                0.7208213453800604,
                -0.23943627404935086
            ],
            [
                0.713791749004422,
                0.47234121120182626,
                -0.517102619654551
            ],
            [
                -0.2596429863088242,
                -0.5072576941209179,
                -0.8217512710156065
            ]
        ],
        "translation_vector": [
            0.03485287223023146,
            0.023709170383133762,
            0.40995950471847403
        ],
        "camera_position": [
            0.11218979498989198,
            0.17163360053973203,
            0.35748986004901384
        ]
    },
    {
        "frame": 18,
        "rotation_matrix": [
            [
                -0.6414793003664919,
                0.7248550455730544,
                -0.25117617344923754
            ],
            [
                0.7512129988080279,
                0.5271639609719442,
                -0.3972117680459881
            ],
            [
                -0.15550992773185207,
                -0.4434899335494048,
                -0.8826853013487755
            ]
        ],
        "translation_vector": [
            0.03576081927632388,
            0.023223060929899134,
            0.4222125139400786
        ],
        "camera_position": [
            0.07115259761756293,
            0.14908322867904467,
            0.3908875189370641
        ]
    },
    {
        "frame": 19,
        "rotation_matrix": [
            [
                -0.6416982690057897,
                0.7237422125010734,
                -0.25381201980801477
            ],
            [
                0.743347440241691,
                0.5054209427383536,
                -0.4381600777428261
            ],
            [
                -0.18883303376554292,
                -0.4698370786618749,
                -0.8623196651320069
            ]
        ],
        "translation_vector": [
            0.03583384646585316,
            0.023691514488844344,
            0.42015397638890895
        ],
        "camera_position": [
            0.0847224406083998,
            0.15949526194326394,
            0.3817827730028309
        ]
    },
    {
        "frame": 20,
        "rotation_matrix": [
            [
                -0.6044448220593683,
                0.6982093119596156,
                -0.38360163422292515
            ],
            [
                0.7778312968586307,
                0.41320999437352846,
                -0.4735356102523333
            ],
            [
                -0.17211894350372714,
                -0.584603504302454,
                -0.7928516961225797
            ]
        ],
        "translation_vector": [
            0.035870150142003523,
            0.01981410661737629,
            0.39914635558575534
        ],
        "camera_position": [
            0.07497014330032037,
            0.20011009847056702,
            0.3396063983102708
        ]
    },
    {
        "frame": 21,
        "rotation_matrix": [
            [
                -0.6410918110528553,
                0.7253472636108139,
                -0.25074416637934893
            ],
            [
                0.7428166718550911,
                0.504315481547907,
                -0.44032861261247697
            ],
            [
                -0.19293698923507643,
                -0.46854801487511116,
                -0.8621125657021227
            ]
        ],
        "translation_vector": [
            0.03570780001970218,
            0.023763261594209783,
            0.421036323114613
        ],
        "camera_position": [
            0.08647371183385147,
            0.15939099763778186,
            0.3823978713322334
        ]
    },
    {
        "frame": 22,
        "rotation_matrix": [
            [
                -0.6421020381989205,
                0.7248771648063482,
                -0.24951566781086582
            ],
            [
                0.7302379403508267,
                0.4792512792727104,
                -0.4868991289657987
            ],
            [
                -0.23336135715446654,
                -0.49484473045368615,
                -0.8370610310659816
            ]
        ],
        "translation_vector": [
            0.035281844523401606,
            0.02389013786485514,
            0.41741162212623584
        ],
        "camera_position": [
            0.10261680184219023,
            0.1695295590782981,
            0.36983446311103735
        ]
    },
    {
        "frame": 23,
        "rotation_matrix": [
            [
                -0.6419891580332242,
                0.7330453713322982,
                -0.2247096004537524
            ],
            [
                0.7435927472510289,
                0.5238564861745418,
                -0.4155047630635893
            ],
            [
                -0.18686826162689943,
                -0.4338419821330748,
                -0.8813974060180716
            ]
        ],
        "translation_vector": [
            0.03566410959534041,
            0.023250002056976166,
            0.4236131885759968
        ],
        "camera_position": [
            0.0847672989394027,
            0.14545811054685193,
            0.3910461199795474
        ]
    },
    {
        "frame": 24,
        "rotation_matrix": [
            [
                -0.5430392663157925,
                0.837706911798254,
                0.057926549738769595
            ],
            [
                0.5579641652190991,
                0.41152884625008823,
                -0.7206386050132375
            ],
            [
                -0.6275223865094852,
                -0.3590141203762095,
                -0.6908867604752149
            ]
        ],
        "translation_vector": [
            0.022295201754509216,
            0.02414885714673133,
            0.31781180505537987
        ],
        "camera_position": [
            0.1980669954534993,
            0.0854841297075911,
            0.23568308304900787
        ]
    },
    {
        "frame": 25,
        "rotation_matrix": [
            [
                -0.6260484023397084,
                0.7779448288691101,
                -0.053527947501371936
            ],
            [
                0.6864434563914045,
                0.5172437050360524,
                -0.5111304439944846
            ],
            [
                -0.36994429189449674,
                -0.3567363071463122,
                -0.8578347323688237
            ]
        ],
        "translation_vector": [
            0.03137048906627355,
            0.023956224179069324,
            0.3995497774859216
        ],
        "camera_position": [
            0.15100601074162115,
            0.10573819624019987,
            0.35667162983056955
        ]
    },
    {
        "frame": 26,
        "rotation_matrix": [
            [
                -0.6487977291125198,
                0.7256627204932085,
                -0.22907449178123931
            ],
            [
                0.7344997116382621,
                0.518493510994165,
                -0.43780663843785433
            ],
            [
                -0.1989263187759411,
                -0.4523031009658676,
                -0.8693964714414897
            ]
        ],
        "translation_vector": [
            0.03557712825323377,
            0.02438181086485758,
            0.422826008855814
        ],
        "camera_position": [
            0.08928514839399694,
            0.152786708579213,
            0.3864277713603491
        ]
    },
    {
        "frame": 27,
        "rotation_matrix": [
            [
                -0.6463871652962936,
                0.722164786066186,
                -0.24629586741600376
            ],
            [
                0.7323339005117091,
                0.49658173181708076,
                -0.46593308724199295
            ],
            [
                -0.21417443988844218,
                -0.4815439807447793,
                -0.8498498125592213
            ]
        ],
        "translation_vector": [
            0.0357656174410279,
            0.024875081153334234,
            0.4257276241420715
        ],
        "camera_position": [
            0.09608154631187653,
            0.1668253944963522,
            0.38220358870689713
        ]
    },
    {
        "frame": 28,
        "rotation_matrix": [
            [
                -0.6473612568105495,
                0.7223308755788583,
                -0.2432313905854785
            ],
            [
                0.7379350619993373,
                0.5141388370798757,
                -0.43716484359814106
            ],
            [
                -0.19072295995160093,
                -0.46249255387696003,
                -0.8658668432014631
            ]
        ],
        "translation_vector": [
            0.03514821071190521,
            0.02479033393122226,
            0.426032851737317
        ],
        "camera_position": [
            0.08571417977454285,
            0.15890271035869488,
            0.38827433105774417
        ]
    },
    {
        "frame": 29,
        "rotation_matrix": [
            [
                -0.6555362238484703,
                0.7196316532890438,
                -0.22891601692971542
            ],
            [
                0.7134071601897501,
                0.4907456866426314,
                -0.500218846937666
            ],
            [
                -0.24763376791642228,
                -0.49122189957913054,
                -0.835091948447227
            ]
        ],
        "translation_vector": [
            0.03432644444726383,
            0.024967435377706966,
            0.42823508830702095
        ],
        "camera_position": [
            0.110735749072562,
            0.17340339635735424,
            0.3779627289616345
        ]
    },
    {
        "frame": 30,
        "rotation_matrix": [
            [
                -0.6060568332805686,
                0.6991148316942242,
                -0.3793857758787033
            ],
            [
                0.7757431220025539,
                0.4140633843165892,
                -0.47620806632607926
            ],
            [
                -0.17583436381907797,
                -0.5829150588837531,
                -0.7932794656531145
            ]
        ],
        "translation_vector": [
            0.0346755600440496,
            0.022016503585061943,
            0.40642278364678175
        ],
        "camera_position": [
            0.07539930048998117,
            0.20355153455181485,
            0.34604669949141426
        ]
    },
    {
        "frame": 31,
        "rotation_matrix": [
            [
                -0.4893932147484828,
                0.8534004821353136,
                0.17944887419362635
            ],
            [
                0.5553508551407358,
                0.4636421592889922,
                -0.6903777051906407
            ],
            [
                -0.6723687299782756,
                -0.23820907879645545,
                -0.70084001435873
            ]
        ],
        "translation_vector": [
            0.020577965205957633,
            0.02509052106178666,
            0.3344124938464473
        ],
        "camera_position": [
            0.2209851779939398,
            0.05046582330628688,
            0.24799890065235183
        ]
    },
    {
        "frame": 32,
        "rotation_matrix": [
            [
                -0.6571146651634268,
                0.7201378394157075,
                -0.22271463595559732
            ],
            [
                0.7104932659697131,
                0.4930247067048297,
                -0.5021214570104602
            ],
            [
                -0.2517928431048986,
                -0.4881886221741486,
                -0.8356268505384795
            ]
        ],
        "translation_vector": [
            0.03337830775125363,
            0.026885207346225584,
            0.43426930721223317
        ],
        "camera_position": [
            0.11217752028415694,
            0.1747132808465504,
            0.3838205706156353
        ]
    },
    {
        "frame": 33,
        "rotation_matrix": [
            [
                -0.6494059314365324,
                0.721606541821911,
                -0.23990818038339654
            ],
            [
                0.725163930419989,
                0.49267614568102014,
                -0.48104832345069803
            ],
            [
                -0.22893057950584758,
                -0.4863683935832144,
                -0.8432298473668969
            ]
        ],
        "translation_vector": [
            0.032402285063919574,
            0.027730138839878016,
            0.4343203020065099
        ],
        "camera_position": [
            0.10036253806989384,
            0.17419598879254933,
            0.3873449520172213
        ]
    },
    {
        "frame": 34,
        "rotation_matrix": [
            [
                -0.5055071463045262,
                0.8514069375219366,
                0.13988835467819094
            ],
            [
                0.561280487439761,
                0.44762569758337656,
                -0.6961289027776246
            ],
            [
                -0.6553065995810194,
                -0.2733815312022967,
                -0.7041560898998525
            ]
        ],
        "translation_vector": [
            0.019124135822162703,
            0.026482613988108247,
            0.34388933674365657
        ],
        "camera_position": [
            0.22015616473073493,
            0.06587627296976373,
            0.25791183984308746
        ]
    },
    {
        "frame": 35,
        "rotation_matrix": [
            [
                -0.5429067520137052,
                0.8389261657424276,
                0.038146389745791376
            ],
            [
                0.5545427307768536,
                0.39224089955398833,
                -0.7339137799902843
            ],
            [
                -0.6306620476614073,
                -0.3772929434137168,
                -0.6781706396547514
            ]
        ],
        "translation_vector": [
            0.01664153031136795,
            0.02711958973738044,
            0.33389340360132436
        ],
        "camera_position": [
            0.20456972543521545,
            0.10137719754084025,
            0.24570532941153497
        ]
    },
    {
        "frame": 36,
        "rotation_matrix": [
            [
                -0.5218429913824243,
                0.8495799445381723,
                0.0767711546321857
            ],
            [
                0.5672930017201928,
                0.4128415080871405,
                -0.712559148000802
            ],
            [
                -0.6370702806946313,
                -0.32829225857283234,
                -0.6973992044853594
            ]
        ],
        "translation_vector": [
            0.013711364393923356,
            0.02670124031136455,
            0.33939492367464996
        ],
        "camera_position": [
            0.20822617193711546,
            0.08874844552203193,
            0.25466732554779664
        ]
    },
    {
        "frame": 37,
        "rotation_matrix": [
            [
                -0.4811768202749175,
                0.8694959927581944,
                0.11155978759195184
            ],
            [
                0.5696241621345723,
                0.4068556063003642,
                -0.714140623080951
            ],
            [
                -0.6663311350541906,
                -0.28008076370826385,
                -0.6910554133048881
            ]
        ],
        "translation_vector": [
            0.013159601778163539,
            0.025973700859028177,
            0.34548155385162693
        ],
        "camera_position": [
            0.22174196366858298,
            0.07475297062661035,
            0.255827690522169
        ]
    },
    {
        "frame": 38,
        "rotation_matrix": [
            [
                -0.5955693841251652,
                0.7723755155118769,
                -0.22075590984282548
            ],
            [
                0.7368329251593965,
                0.41579679260373015,
                -0.533094989341953
            ],
            [
                -0.3199599179488244,
                -0.48015527727831153,
                -0.8167475501083363
            ]
        ],
        "translation_vector": [
            0.019271650313819274,
            0.02730182119294887,
            0.4333969988863261
        ],
        "camera_position": [
            0.1300303923396332,
            0.1818608956416825,
            0.3727847318417831
        ]
    },
    {
        "frame": 39,
        "rotation_matrix": [
            [
                -0.6057743228095174,
                0.7496453037558218,
                -0.2665884250703925
            ],
            [
                0.7627482867516951,
                0.45182649430774524,
                -0.46267469143981316
            ],
            [
                -0.22639019608195135,
                -0.48361631237832975,
                -0.8454955597278802
            ]
        ],
        "translation_vector": [
            0.019024306459858448,
            0.028214825770071207,
            0.4463087718376276
        ],
        "camera_position": [
            0.0910435567149375,
            0.1888325146081753,
            0.39547803056070363
        ]
    },
    {
        "frame": 40,
        "rotation_matrix": [
            [
                -0.5057731271419078,
                0.860925270546435,
                0.05478341350849808
            ],
            [
                0.6115748802731114,
                0.40262495756999006,
                -0.6810795176487783
            ],
            [
                -0.6084157375348083,
                -0.31096755791611264,
                -0.7301571531140844
            ]
        ],
        "translation_vector": [
            0.008616710468282175,
            0.02825206611604478,
            0.35823771799344706
        ],
        "camera_position": [
            0.20503731205260112,
            0.09260697760550005,
            0.2803396830584117
        ]
    },
    {
        "frame": 41,
        "rotation_matrix": [
            [
                -0.5403664564144481,
                0.8414205968117963,
                0.003933451788541875
            ],
            [
                0.6387800549273319,
                0.41326304999559693,
                -0.6489789618588351
            ],
            [
                -0.5476898156887045,
                -0.3481738513576472,
                -0.7607961849415754
            ]
        ],
        "translation_vector": [
            0.010912957850229384,
            0.02917731887597793,
            0.3851638227683632
        ],
        "camera_position": [
            0.1982094101102609,
            0.11286367628019255,
            0.3119237074600659
        ]
    },
    {
        "frame": 42,
        "rotation_matrix": [
            [
                -0.500670013349575,
                0.8617561466768165,
                0.0818894461897347
            ],
            [
                0.5800174746025207,
                0.4041909809416795,
                -0.7072548197652082
            ],
            [
                -0.642580163783672,
                -0.3066039702778291,
                -0.702199927742535
            ]
        ],
        "translation_vector": [
            0.004782544271864293,
            0.028955526485470173,
            0.3532126815291475
        ],
        "camera_position": [
            0.21256722790402,
            0.09247146093243702,
            0.26811321521140147
        ]
    },
    {
        "frame": 44,
        "rotation_matrix": [
            [
                -0.4369559377109464,
                0.8994247842178462,
                0.010225753460176623
            ],
            [
                0.5374460211005125,
                0.27018270430675795,
                -0.7988448414408862
            ],
            [
                -0.7212636708599532,
                -0.343564206267428,
                -0.6014502084707072
            ]
        ],
        "translation_vector": [
            -0.00027361539869803786,
            0.024541700338185386,
            0.3480708231924029
        ],
        "camera_position": [
            0.23774144258408916,
            0.11320002960022384,
            0.22895507781059884
        ]
    },
    {
        "frame": 45,
        "rotation_matrix": [
            [
                -0.5099847182036675,
                0.8600907936671831,
                0.012625919676628766
            ],
            [
                0.6955958028921145,
                0.4209945455561115,
                -0.5821598333884579
            ],
            [
                -0.5060257564567243,
                -0.28811008184539083,
                -0.8129763308617552
            ]
        ],
        "translation_vector": [
            -0.009383754279312416,
            0.026065737845711954,
            0.3547937843321921
        ],
        "camera_position": [
            0.15661800397625045,
            0.09931701344891522,
            0.30373185312814516
        ]
    },
    {
        "frame": 46,
        "rotation_matrix": [
            [
                -0.5257356957719157,
                0.8484248998985704,
                -0.06145866434702513
            ],
            [
                0.6950000913625549,
                0.38675716211854394,
                -0.6061301597479293
            ],
            [
                -0.49048634149918985,
                -0.36137803859962303,
                -0.7929874286649375
            ]
        ],
        "translation_vector": [
            -0.008924168181093494,
            0.020919986089903166,
            0.41494237666829004
        ],
        "camera_position": [
            0.18429242225334952,
            0.14943159425628452,
            0.3411758553720845
        ]
    },
    {
        "frame": 47,
        "rotation_matrix": [
            [
                -0.5626478156680929,
                0.80398021009353,
                -0.1924662497735308
            ],
            [
                0.7766491602004837,
                0.43428570896943386,
                -0.45630253664076853
            ],
            [
                -0.2832728675390699,
                -0.40621637677828754,
                -0.8687604605144694
            ]
        ],
        "translation_vector": [
            -0.008514498124104724,
            0.01917975675374441,
            0.4673989894814073
        ],
        "camera_position": [
            0.11271484628857906,
            0.1883811177479677,
            0.4131707794821013
        ]
    },
    {
        "frame": 48,
        "rotation_matrix": [
            [
                -0.5091868105279913,
                0.8604246878324995,
                -0.019953660132351114
            ],
            [
                0.698473186998261,
                0.39957822320018266,
                -0.593693903108898
            ],
            [
                -0.5028558431885065,
                -0.3162382015388576,
                -0.8044435349100924
            ]
        ],
        "translation_vector": [
            -0.008146827645290159,
            0.019443981969358596,
            0.4252532738539321
        ],
        "camera_position": [
            0.1961117363537907,
            0.13372167038835003,
            0.35347346136852326
        ]
    },
    {
        "frame": 49,
        "rotation_matrix": [
            [
                -0.5222760101648706,
                0.8515068320368703,
                -0.04651756873265517
            ],
            [
                0.6949340691439668,
                0.3933572872328591,
                -0.6019440872072876
            ],
            [
                -0.4942614781158577,
                -0.3467075995350254,
                -0.7971821822365249
            ]
        ],
        "translation_vector": [
            -0.007636509810282352,
            0.01958268415101479,
            0.4284656802978215
        ],
        "camera_position": [
            0.19417704020879284,
            0.14735185626119024,
            0.35299765509964837
        ]
    },
    {
        "frame": 50,
        "rotation_matrix": [
            [
                -0.5224438600075418,
                0.8499417836034052,
                -0.06820100897701073
            ],
            [
                0.6961326973906709,
                0.3789737602856784,
                -0.6097361368973645
            ],
            [
                -0.492393826894701,
                -0.36602985329067783,
                -0.7896647806100991
            ]
        ],
        "translation_vector": [
            -0.009166685290977935,
            0.020178998858232013,
            0.4218849731496814
        ],
        "camera_position": [
            0.1888972170858226,
            0.15456633259735972,
            0.344826392389396
        ]
    },
    {
        "frame": 51,
        "rotation_matrix": [
            [
                -0.5175567071952564,
                0.8518545191383564,
                -0.08049181983756376
            ],
            [
                0.7055673278088994,
                0.371666591061234,
                -0.6033561891764515
            ],
            [
                -0.48405557611271505,
                -0.36906344076930764,
                -0.7933992537945238
            ]
        ],
        "translation_vector": [
            -0.010921536793255353,
            0.020516018539298974,
            0.42599093443207664
        ],
        "camera_position": [
            0.18607534018703256,
            0.1588961217986548,
            0.34948026189267434
        ]
    },
    {
        "frame": 52,
        "rotation_matrix": [
            [
                -0.5112087013061262,
                0.8556307519151957,
                -0.08100419795257918
            ],
            [
                0.6971933018603412,
                0.35773332355760323,
                -0.6212474298196382
            ],
            [
                -0.5025805045462657,
                -0.37406267602297333,
                -0.7794164168508084
            ]
        ],
        "translation_vector": [
            -0.01348804743512204,
            0.021006229524338508,
            0.42524378471586277
        ],
        "camera_position": [
            0.192178626143488,
            0.16309398793857863,
            0.3433994646090826
        ]
    },
    {
        "frame": 53,
        "rotation_matrix": [
            [
                -0.5499466525653107,
                0.8067694483641351,
                -0.21605956706065624
            ],
            [
                0.7726430252022886,
                0.393205634197228,
                -0.4984095553275546
            ],
            [
                -0.3171457629205613,
                -0.4410355840765958,
                -0.839586909521433
            ]
        ],
        "translation_vector": [
            -0.016784839260309575,
            0.02009856363816918,
            0.47049437295091284
        ],
        "camera_position": [
            0.12445551568267854,
            0.21314338762827853,
            0.40141170759493866
        ]
    },
    {
        "frame": 54,
        "rotation_matrix": [
            [
                -0.510936268109906,
                0.8506981807316549,
                -0.12351815749020315
            ],
            [
                0.74158605361955,
                0.36353850397059395,
                -0.5638172409635982
            ],
            [
                -0.4347346949656815,
                -0.3796740199574823,
                -0.8166109132031125
            ]
        ],
        "translation_vector": [
            -0.021521007597323314,
            0.017119290062449673,
            0.49011458182335477
        ],
        "camera_position": [
            0.18937852316128695,
            0.19816813443286693,
            0.40722683192144327
        ]
    },
    {
        "frame": 55,
        "rotation_matrix": [
            [
                -0.42365816635708387,
                0.9056546350540161,
