[
    {
        "frame": 1,
        "rotation_matrix": [
            [
                -0.567992161537173,
                0.8173754107496931,
                -0.09634491337948783
            ],
            [
                0.6867253489342897,
                0.4061423921037727,
                -0.6028736621111463
            ],
            [
                -0.45364435361129374,
                -0.40859000873491413,
                -0.7919981093402904
            ]
        ],
        "translation_vector": [
            -0.019699795790443255,
            0.01902127850671144,
            0.4574824002929589
        ],
        "camera_position": [
            0.18328258405689,
            0.19529951905408033,
            0.37189464880083467
        ]
    },
    {
        "frame": 2,
        "rotation_matrix": [
            [
                -0.5659079606803239,
                0.8208845136543126,
                -0.07679059370235095
            ],
            [
                0.6885398067407618,
                0.4193219645204205,
                -0.591677297692019
            ],
            [
                -0.45349874814825164,
                -0.3877082734650606,
                -0.8025093021982427
            ]
        ],
        "translation_vector": [
            -0.01989432867054491,
            0.01828180927881495,
            0.4622528391543528
        ],
        "camera_position": [
            0.18578497148971523,
            0.18788423230627543,
            0.38025143759000546
        ]
    },
    {
        "frame": 3,
        "rotation_matrix": [
            [
                -0.5659079606803239,
                0.8208845136543126,
                -0.07679059370235095
            ],
            [
                0.6885398067407618,
                0.4193219645204205,
                -0.591677297692019
            ],
            [
                -0.45349874814825164,
                -0.3877082734650606,
                -0.8025093021982427
            ]
        ],
        "translation_vector": [
            -0.01989432867054491,
            0.01828180927881495,
            0.4622528391543528
        ],
        "camera_position": [
            0.18578497148971523,
            0.18788423230627543,
            0.38025143759000546
        ]
    },
    {
        "frame": 4,
        "rotation_matrix": [
            [
                -0.5647027613083513,
                0.8226153200498021,
                -0.06644416144466636
            ],
            [
                0.6887252827638197,
                0.42536747462289337,
                -0.5871286029609177
            ],
            [
                -0.4547177984779349,
                -0.3773149172141276,
                -0.8067621563974579
            ]
        ],
        "translation_vector": [
            -0.020146792807192237,
            0.018426957227744675,
            0.4641640815865717
        ],
        "camera_position": [
            0.18699560845469448,
            0.18387086416972453,
            0.38395037228310114
        ]
    },
    {
        "frame": 5,
        "rotation_matrix": [
            [
                -0.5698919815862202,
                0.8154133797517618,
                -0.10160782177342675
            ],
            [
                0.6845987199738663,
                0.4027603575142362,
                -0.6075431565124806
            ],
            [
                -0.4544752159731872,
                -0.4157945580894654,
                -0.7877608542757828
            ]
        ],
        "translation_vector": [
            -0.019929681611126984,
            0.01925994932568679,
            0.45374929050033613
        ],
        "camera_position": [
            0.1816747043969464,
            0.19716027069078165,
            0.36712216758202876
        ]
    },
    {
        "frame": 6,
        "rotation_matrix": [
            [
                -0.5673378033518065,
                0.8177797955425048,
                -0.096767881502108
            ],
            [
                0.6882900459169354,
                0.4063976374963064,
                -0.6009141144365673
            ],
            [
                -0.45208918321456204,
                -0.4075256632899087,
                -0.7934344359684107
            ]
        ],
        "translation_vector": [
            -0.019679534494603974,
            0.019021523029378984,
            0.45822664911252775
        ],
        "camera_position": [
            0.18290204269397237,
            0.19510234279134284,
            0.37309875768873685
        ]
    },
    {
        "frame": 7,
        "rotation_matrix": [
            [
                -0.5668083257664807,
                0.8196162405535434,
                -0.0834118700346353
            ],
            [
                0.6906923389801143,
                0.41756492003027734,
                -0.5904097140412636
            ],
            [
                -0.44907951936820484,
                -0.39226108114492275,
                -0.8027819314751911
            ]
        ],
        "translation_vector": [
            -0.019810844809398064,
            0.01839744077130747,
            0.46202727828473333
        ],
        "camera_position": [
            0.1835510648910909,
            0.18979048395885134,
            0.3801167189880047
        ]
    },
    {
        "frame": 8,
        "rotation_matrix": [
            [
                -0.5703870373388739,
                0.8133700767730041,
                -0.11440168637768935
            ],
            [
                0.6943352214049638,
                0.40305707628075715,
                -0.5961909036345043
            ],
            [
                -0.43881343182758403,
                -0.41949268345262514,
                -0.7946500239586065
            ]
        ],
        "translation_vector": [
            -0.019452606545539843,
            0.019343540665494294,
            0.4570805065321985
        ],
        "camera_position": [
            0.1760466494861233,
            0.1997675453729058,
            0.37252606746242395
        ]
    },
    {
        "frame": 9,
        "rotation_matrix": [
            [
                -0.5691035355448609,
                0.8149187470945255,
                -0.10967498103135409
            ],
            [
                0.7017264527735626,
                0.41181194942673416,
                -0.5813698511164694
            ],
            [
                -0.42860372292850213,
                -0.407821473126712,
                -0.8062136780956933
            ]
        ],
        "translation_vector": [
            -0.019622734237938446,
            0.01879805892120372,
            0.4570755960289831
        ],
        "camera_position": [
            0.1715458394801136,
            0.19465491161277995,
            0.3772770991532774
        ]
    },
    {
        "frame": 10,
        "rotation_matrix": [
            [
                -0.5712157951625385,
                0.8140614416885809,
                -0.10495944222764264
            ],
            [
                0.6893517005277824,
                0.4063871171888602,
                -0.5997030464841593
            ],
            [
                -0.4455409614572864,
                -0.4149138225449189,
                -0.7933093794509682
            ]
        ],
        "translation_vector": [
            -0.01930829280101912,
            0.018426405162286125,
            0.4631688987947541
        ],
        "camera_position": [
            0.1826292409273262,
            0.20040506128293956,
            0.37646001535266616
        ]
    },
    {
        "frame": 11,
        "rotation_matrix": [
            [
                -0.6140604578205471,
                0.7543302772341158,
                -0.23219730185581838
            ],
            [
                0.7409076828588066,
                0.44954244297075674,
                -0.4989663289728854
            ],
            [
                -0.2720028669371228,
                -0.478432257290189,
                -0.8349353361561602
            ]
        ],
        "translation_vector": [
            -0.01965611520445276,
            0.019101747391517196,
            0.49182436588387124
        ],
        "camera_position": [
            0.10755496305012249,
            0.24154479820426397,
            0.41560857411651203
        ]
    },
    {
        "frame": 12,
        "rotation_matrix": [
            [
                -0.571601320953511,
                0.8099035216221904,
                -0.13163668010161758
            ],
            [
                0.6958955877816804,
                0.3934979866100269,
                -0.6007400980788986
            ],
            [
                -0.43474275242974536,
                -0.43498921848458444,
                -0.7885322561645652
            ]
        ],
        "translation_vector": [
            -0.01919968405636005,
            0.019846188112247205,
            0.4544540419848869
        ],
        "camera_position": [
            0.17278516155522927,
            0.2054230652273928,
            0.3677466893743134
        ]
    },
    {
        "frame": 13,
        "rotation_matrix": [
            [
                -0.5727092618442914,
                0.8099146689917441,
                -0.12665832128115442
            ],
            [
                0.6926493417686498,
                0.3954568974949001,
                -0.6032004074693282
            ],
            [
                -0.4384529515754487,
                -0.43318826297084856,
                -0.7874686902214437
            ]
        ],
        "translation_vector": [
            -0.019408689394982272,
            0.019763627867378005,
            0.45316098779944036
        ],
        "camera_position": [
            0.1738849726294452,
            0.20420774043821704,
            0.36631324588751973
        ]
    },
    {
        "frame": 14,
        "rotation_matrix": [
            [
                -0.5579484802092729,
                0.82297755542739,
                -0.10677751024874049
            ],
            [
                0.6766332286119549,
                0.376642689758095,
                -0.6326987894645842
            ],
            [
                -0.4804799344096742,
                -0.425262539514763,
                -0.7670011767364702
            ]
        ],
        "translation_vector": [
            -0.019173561216795715,
            0.019928545569002035,
            0.4478923314125611
        ],
        "camera_position": [
            0.19102110254869847,
            0.19874529981865385,
            0.3540954067726415
        ]
    },
    {
        "frame": 15,
        "rotation_matrix": [
            [
                -0.5697288336034039,
                0.8131829111285356,
                -0.11892270266616647
            ],
            [
                0.7002232668391173,
                0.4045624552615912,
                -0.5882317539625583
            ],
            [
                -0.43022834952854916,
                -0.41840503443581284,
                -0.799900490324082
            ]
        ],
        "translation_vector": [
            -0.0194909092183693,
            0.019188618083740425,
            0.4545012292257062
        ],
        "camera_position": [
            0.1709984638928961,
            0.19825228231900144,
            0.3725251989803873
        ]
    },
    {
        "frame": 16,
        "rotation_matrix": [
            [
                -0.5688621690427302,
                0.8162095619361621,
                -0.1009840761505415
            ],
            [
                0.6881904354881315,
                0.40517528888928345,
                -0.6018528971236587
            ],
            [
                -0.4503218372837986,
                -0.4118676198458235,
                -0.7921965075584972
            ]
        ],
        "translation_vector": [
            -0.019658689593899697,
            0.01914629743927191,
            0.456661713560854
        ],
        "camera_position": [
            0.18128535829225018,
            0.19637217686458286,
            0.3713038545946342
        ]
    },
    {
        "frame": 17,
        "rotation_matrix": [
            [
                -0.5712123341032129,
                0.8123683732041966,
                -0.11736309294631903
            ],
            [
                0.6934676930901664,
                0.4011445154207022,
                -0.5984861204640357
            ],
            [
                -0.4391116350184337,
                -0.4232501671180491,
                -0.7924899166714875
            ]
        ],
        "translation_vector": [
            -0.01942461061476415,
            0.01944676058272329,
            0.45584525890330624
        ],
        "camera_position": [
            0.17558567958474866,
            0.2009155599855767,
            0.37061165515909417
        ]
    },
    {
        "frame": 18,
        "rotation_matrix": [
            [
                -0.5692374192361297,
                0.8142331437318279,
                -0.11398749137504166
            ],
            [
                0.6981059021542736,
                0.40543539230667247,
                -0.5901442976446546
            ],
            [
                -0.4343004834429252,
                -0.4155075574688375,
                -0.7992099597524559
            ]
        ],
        "translation_vector": [
            -0.01964188308386644,
            0.01914170960848778,
            0.4538928324382647
        ],
        "camera_position": [
            0.1725820412686106,
            0.19682824782668765,
            0.3718131141389209
        ]
    },
    {
        "frame": 19,
        "rotation_matrix": [
            [
                -0.5564706539538606,
                0.8239828798027028,
                -0.10673624070674106
            ],
            [
                0.6750023118164624,
                0.3734287811299942,
                -0.6363354653531408
            ],
            [
                -0.484471144992758,
                -0.42614922177074505,
                -0.7639925068046116
            ]
        ],
        "translation_vector": [
            -0.019209727522990168,
            0.020042124895506646,
            0.4464703426558647
        ],
        "camera_position": [
            0.1920838678366207,
            0.19860716940014914,
            0.3518031370708112
        ]
    },
    {
        "frame": 20,
        "rotation_matrix": [
            [
                -0.5705266860067714,
                0.8131685646398725,
                -0.11513551161852847
            ],
            [
                0.6886506970275335,
                0.3972801197617156,
                -0.606571285114626
            ],
            [
                -0.44750365142378795,
                -0.4253532554520373,
                -0.7866480089841522
            ]
        ],
        "translation_vector": [
            -0.0195683404880391,
            0.01928351576878346,
            0.4568975522527665
        ],
        "camera_position": [
            0.18001945593509672,
            0.2025942631517754,
            0.3688613658371546
        ]
    },
    {
        "frame": 21,
        "rotation_matrix": [
            [
                -0.5750859073524787,
                0.8059333626158458,
                -0.14052620462850285
            ],
            [
                0.6924889570558526,
                0.3880971089619002,
                -0.6081444551840562
            ],
            [
                -0.4355860919729576,
                -0.44704815069311105,
                -0.7812891317825915
            ]
        ],
        "translation_vector": [
            -0.018939359466369918,
            0.019764942193011746,
            0.45504567633208914
        ],
        "camera_position": [
            0.17363280489378607,
            0.21102047282177125,
            0.36488070508072973
        ]
    },
    {
        "frame": 22,
        "rotation_matrix": [
            [
                -0.5666329970397139,
                0.8169428454899655,
                -0.10738451410026473
            ],
            [
                0.6822833469349908,
                0.3921262769256074,
                -0.6170303213292272
            ],
            [
                -0.46197021674668437,
                -0.4228964059284741,
                -0.7795781863878701
            ]
        ],
        "translation_vector": [
            -0.019444163346646788,
            0.019284312947367512,
            0.45689807453328585
        ],
        "camera_position": [
            0.18689823239017292,
            0.2015434378892285,
            0.3659987760902306
        ]
    },
    {
        "frame": 23,
        "rotation_matrix": [
            [
                -0.567755875470028,
                0.8173523942719695,
                -0.0979200155593388
            ],
            [
                0.6829030789509735,
                0.40122995417388585,
                -0.6104571308723512
            ],
            [
                -0.45967015416333346,
                -0.41346050289175307,
                -0.785973130533071
            ]
        ],
        "translation_vector": [
            -0.019622002934555037,
            0.018747425541142084,
            0.4601328062541526
        ],
        "camera_position": [
            0.18756613590741977,
            0.1987628038590549,
            0.371175134966975
        ]
    },
    {
        "frame": 24,
        "rotation_matrix": [
            [
                -0.5739714496141186,
                0.809263504426643,
                -0.12509738378949467
            ],
            [
                0.6970060075210076,
                0.40263063767641083,
                -0.5933558755788232
            ],
            [
                -0.42981321583624266,
                -0.4277629600694707,
                -0.7951600150190602
            ]
        ],
        "translation_vector": [
            -0.0191583122597265,
            0.01932761061172475,
            0.4568279345721075
        ],
        "camera_position": [
            0.1718828986749921,
            0.20313630426783327,
            0.37232280389133576
        ]
    },
    {
        "frame": 25,
        "rotation_matrix": [
            [
                -0.5738494822386939,
                0.8096538058475312,
                -0.12311574396067745
            ],
            [
                0.6967889541895479,
                0.4037019036915398,
                -0.5928827255665852
            ],
            [
                -0.4303276949649175,
                -0.42601113557327913,
                -0.7958219570442537
            ]
        ],
        "translation_vector": [
            -0.019233112880148787,
            0.019304675759663093,
            0.4572378438677053
        ],
        "camera_position": [
            0.17227391070066275,
            0.20256724178054256,
            0.3729574255211412
        ]
    },
    {
        "frame": 27,
        "rotation_matrix": [
            [
                -0.5717681400195203,
                0.8123283223045263,
                -0.11490818439315684
            ],
            [
                0.6952142252097879,
                0.405368839173878,
                -0.5935935354203046
            ],
            [
                -0.4356126434397566,
                -0.4192836760580307,
                -0.7965191924032288
            ]
        ],
        "translation_vector": [
            -0.019487603854323837,
            0.019546240790309588,
            0.45872087565568714
        ],
        "camera_position": [
            0.17509339758935075,
            0.2002410706348125,
            0.3747432184135928
        ]
    },
    {
        "frame": 28,
        "rotation_matrix": [
            [
                -0.5812055273036975,
                0.7990867358245503,
                -0.15381977655976525
            ],
            [
                0.7096829430755117,
                0.40524319231432615,
                -0.5763055399617234
            ],
            [
                -0.398183695471463,
                -0.44411523697364735,
                -0.8026278097278527
            ]
        ],
        "translation_vector": [
            -0.018696736893414112,
            0.018825168460725232,
            0.458250381138554
        ],
        "camera_position": [
            0.15824128243086077,
            0.21082751970446256,
            0.3757776207034783
        ]
    },
    {
        "frame": 29,
        "rotation_matrix": [
            [
                -0.5765431230507438,
                0.804579638007898,
                -0.14230120648109196
            ],
            [
                0.6940919755490065,
                0.3903964312443765,
                -0.604836305086039
            ],
            [
                -0.43108509222817254,
                -0.44748433779824576,
                -0.7835326481289043
            ]
        ],
        "translation_vector": [
            -0.018876579309632303,
            0.01967208662590364,
            0.4570473978054264
        ],
        "camera_position": [
            0.17248892017856338,
            0.212029351083261,
            0.3673237901010579
        ]
    },
    {
        "frame": 30,
        "rotation_matrix": [
            [
                -0.6195145168422169,
                0.7464386993792548,
                -0.24296302494569233
            ],
            [
                0.7175208937430081,
                0.4129304175668863,
                -0.5609387108145346
            ],
            [
                -0.3183795383877386,
                -0.5218407212139003,
                -0.7914017508313756
            ]
        ],
        "translation_vector": [
            -0.015253479699323622,
            0.018196072668505436,
            0.4606016100951459
        ],
        "camera_position": [
            0.12414031357293392,
            0.24423275206702227,
            0.37102177064091274
        ]
    },
    {
        "frame": 31,
        "rotation_matrix": [
            [
                -0.5694956445384073,
                0.8180763800879292,
                -0.0801607584421076
            ],
            [
                0.6817520377363238,
                0.41559962946573814,
                -0.6020723436849688
            ],
            [
                -0.45922638196662247,
                -0.3975273378400168,
                -0.794407418001415
            ]
        ],
        "translation_vector": [
            -0.019157021671812657,
            0.018817920523364676,
            0.4555691624716974
        ],
        "camera_position": [
            0.18547038215025274,
            0.1889523825050964,
            0.3717016302062835
        ]
    },
    {
        "frame": 32,
        "rotation_matrix": [
            [
                -0.5712699882682591,
                0.8169441820027437,
                -0.07907467354248793
            ],
            [
                0.6710590518230619,
                0.4094279527988376,
                -0.6181007202983066
            ],
            [
                -0.47257840563266956,
                -0.4061661666840563,
                -0.7821116899592176
            ]
        ],
        "translation_vector": [
            -0.0186799567464802,
            0.01874318774438735,
            0.4554256116002472
        ],
        "camera_position": [
            0.1919752249470247,
            0.19256497187040542,
            0.3663017611033561
        ]
    },
    {
        "frame": 33,
        "rotation_matrix": [
            [
                -0.5736991990369236,
                0.8147909834750691,
                -0.08357560811697415
            ],
            [
                0.670120482938116,
                0.40825134110755856,
                -0.6198946530102243
            ],
            [
                -0.47096471987950295,
                -0.41163879279243076,
                -0.7802215947390918
            ]
        ],
        "translation_vector": [
            -0.01877593778625859,
            0.018498483242160604,
            0.45459253001441363
        ],
        "camera_position": [
            0.19092909056454987,
            0.19487435449005464,
            0.36458080915648583
        ]
    },
    {
        "frame": 34,
        "rotation_matrix": [
            [
                -0.5595959186431028,
                0.8245203876318967,
                -0.08377671643916876
            ],
            [
                0.6670521046535991,
                0.3881081393057929,
                -0.6359351868561762
            ],
            [
                -0.4918271012410621,
                -0.4117501701079705,
                -0.7671817906473481
            ]
        ],
        "translation_vector": [
            -0.018375454555655105,
            0.01926135851739059,
            0.4415919629631048
        ],
        "camera_position": [
            0.19405573596542497,
            0.18950101276682582,
            0.34949085326362284
        ]
    },
    {
        "frame": 35,
        "rotation_matrix": [
            [
                -0.620875885963394,
                0.7475181340558995,
                -0.23607154315325016
            ],
            [
                0.7409360550309557,
                0.4612597075122318,
                -0.48811191808938076
            ],
            [
                -0.25598221927379056,
                -0.4779708374820751,
                -0.8402481668723525
            ]
        ],
        "translation_vector": [
            -0.018540212356127402,
            0.01789793912031823,
            0.49363494496514226
        ],
        "camera_position": [
            0.10158936954571973,
            0.24154665483714985,
            0.4191352384636609
        ]
    },
    {
        "frame": 36,
        "rotation_matrix": [
            [
                -0.5760756899920971,
                0.8102861164406772,
                -0.10757884970390119
            ],
            [
                0.6875592069122118,
                0.4091811388864851,
                -0.599860927690585
            ],
            [
                -0.4420397452609657,
                -0.41953212640159554,
                -0.7928389865077121
            ]
        ],
        "translation_vector": [
            -0.018568999958677862,
            0.018764001429805506,
            0.4569789081604637
        ],
        "camera_position": [
            0.17840432874765036,
            0.1990856604488275,
            0.37156885405050716
        ]
    },
    {
        "frame": 37,
        "rotation_matrix": [
            [
                -0.5723862363785919,
                0.8165733776961711,
                -0.07471221615115534
            ],
            [
                0.6765835755071109,
                0.4188456717858611,
                -0.6056426079630332
            ],
            [
                -0.4632587416966508,
                -0.3972105513000844,
                -0.792221633242566
            ]
        ],
        "translation_vector": [
            -0.018867966368121387,
            0.018381667927640424,
            0.4490023604654351
        ],
        "camera_position": [
            0.18476776966020933,
            0.1860564721112922,
            0.3654324370584731
        ]
    },
    {
        "frame": 38,
        "rotation_matrix": [
            [
                -0.5726251043529009,
                0.8150013308592838,
                -0.0887317336831954
            ],
            [
                0.6834324725392402,
                0.41478059063820716,
                -0.6007304862488009
            ],
            [
                -0.4527919448750495,
                -0.4046355055199882,
                -0.7945121536696929
            ]
        ],
        "translation_vector": [
            -0.018509985744977826,
            0.018431840830763182,
            0.450302713472995
        ],
        "camera_position": [
            0.18069724034474272,
            0.18964895929317765,
            0.36720112426385765
        ]
    },
    {
        "frame": 39,
        "rotation_matrix": [
            [
                -0.5605116317423375,
                0.8245828997059439,
                -0.07674472095251406
            ],
            [
                0.667454350945272,
                0.394948989198995,
                -0.6312843933877331
            ],
            [
                -0.49023606567221056,
                -0.40506584334306633,
                -0.7717449465147164
            ]
        ],
        "translation_vector": [
            -0.018319190395892294,
            0.018841561572244415,
            0.44372919533935473
        ],
        "camera_position": [
            0.19468805339606313,
            0.18740377616509754,
            0.35293424673679163
        ]
    },
    {
        "frame": 40,
        "rotation_matrix": [
            [
                -0.5754804109303366,
                0.8116246272838289,
                -0.10043784656112853
            ],
            [
                0.688320454572155,
                0.4143705321890532,
                -0.5954091147026079
            ],
            [
                -0.44163021687044135,
                -0.4117797062019291,
                -0.7971199565355392
            ]
        ],
        "translation_vector": [
            -0.01866962796359938,
            0.018167122496274953,
            0.4531880256512987
        ],
        "camera_position": [
            0.1768927188641575,
            0.194238441677283,
            0.37018695240302957
        ]
    },
    {
        "frame": 41,
        "rotation_matrix": [
            [
                -0.5694233835141693,
                0.8189241246211351,
                -0.07155619065310087
            ],
            [
                0.6819210507896792,
                0.42195753329105734,
                -0.5974408092763882
            ],
            [
                -0.45906501804992167,
                -0.3889924397882736,
                -0.7987140858845495
            ]
        ],
        "translation_vector": [
            -0.01956302828422537,
            0.018190667624006673,
            0.4513079731172998
        ],
        "camera_position": [
            0.18363545788705135,
            0.18390033613185344,
            0.36993402660569924
        ]
    },
    {
        "frame": 42,
        "rotation_matrix": [
            [
                -0.5710864957946957,
                0.8149075289912582,
                -0.09892387737192909
            ],
            [
                0.6875913909132121,
                0.4090372451377552,
                -0.599922170978995
            ],
            [
                -0.44841754366100495,
                -0.4106266568106334,
                -0.7939190482999844
            ]
        ],
        "translation_vector": [
            -0.018799950533538095,
            0.018162186961919624,
            0.4495703634859185
        ],
        "camera_position": [
            0.17837067683065672,
            0.1924967856732269,
            0.36595860975336164
        ]
    },
    {
        "frame": 43,
        "rotation_matrix": [
            [
                -0.5718086551195405,
                0.8137029258742949,
                -0.10451033611080857
            ],
            [
                0.6912653041661223,
                0.409281782778144,
                -0.5955171714921934
            ],
            [
                -0.44179988816940735,
                -0.41276624221168556,
                -0.7965154663306565
            ]
        ],
        "translation_vector": [
            -0.01915305986424357,
            0.018312164836914457,
            0.4535259005892005
        ],
        "camera_position": [
            0.17675724256391154,
            0.1952902471118757,
            0.3701439100844535
        ]
    },
    {
        "frame": 44,
        "rotation_matrix": [
            [
                -0.5721925437218451,
                0.812476078521277,
                -0.11170637734620029
            ],
            [
                0.6853277979814014,
                0.39887821402204393,
                -0.6092798861710003
            ],
            [
                -0.4504680923473796,
                -0.4251808935138919,
                -0.7850475817220515
            ]
        ],
        "translation_vector": [
            -0.019218008592849663,
            0.01840011836228796,
            0.4491327091450798
        ],
        "camera_position": [
            0.17871344087755972,
            0.19923741248898302,
            0.3616545950882108
        ]
    },
    {
        "frame": 45,
        "rotation_matrix": [
            [
                -0.5695468527456543,
                0.8137443266562474,
                -0.11591614797900457
            ],
            [
                0.7027952487786175,
                0.40897656906692914,
                -0.5820798950732142
            ],
            [
                -0.4262572237765841,
                -0.41298709034183345,
                -0.8048269642533514
            ]
        ],
        "translation_vector": [
            -0.019357966533281354,
            0.018046224614515483,
            0.4527850727787559
        ],
        "camera_position": [
            0.16929483825809177,
            0.1953663421717172,
            0.37267407920059925
        ]
    },
    {
        "frame": 46,
        "rotation_matrix": [
            [
                -0.5692462333463322,
                0.8158636886414744,
                -0.10161283077122116
            ],
            [
                0.6896144419663647,
                0.40651712423013264,
                -0.5993127306666224
            ],
            [
                -0.4476501393414648,
                -0.41123019011739803,
                -0.7940397241218955
            ]
        ],
        "translation_vector": [
            -0.019467461753581352,
            0.017974349863801416,
            0.45510997232245953
        ],
        "camera_position": [
            0.18025289199876562,
            0.19573087458071364,
            0.3701695096701694
        ]
    },
    {
        "frame": 47,
        "rotation_matrix": [
            [
                -0.6148039922533044,
                0.7506034080899556,
                -0.24209620995204087
            ],
            [
                0.7214318727186787,
                0.4111994359449834,
                -0.5571813680518656
            ],
            [
                -0.31867240880725667,
                -0.51721325161124,
                -0.7943162771986415
            ]
        ],
        "translation_vector": [
            -0.01578076778880479,
            0.017331432381336494,
            0.4618806015308499
        ],
        "camera_position": [
            0.12498307711403636,
            0.24360919063915526,
            0.37271556705098247
        ]
    },
    {
        "frame": 48,
        "rotation_matrix": [
            [
                -0.5717790720020215,
                0.8100832124062114,
                -0.12974545000939394
            ],
            [
                0.6908159940017358,
                0.3900946796542699,
                -0.6087687601518542
            ],
            [
                -0.4425403430783469,
                -0.4377114687588902,
                -0.7826664135281608
            ]
        ],
        "translation_vector": [
            -0.018763582296530752,
            0.018232928382106866,
            0.4557616870329689
        ],
        "camera_position": [
            0.17836871112474467,
            0.2075796121018752,
            0.3653745127898989
        ]
    },
    {
        "frame": 49,
        "rotation_matrix": [
            [
                -0.5662952390147736,
                0.8183578373983392,
                -0.09798036659409828
            ],
            [
                0.6936385594136397,
                0.4089984359106975,
                -0.5929467331195728
            ],
            [
                -0.44516878952120076,
                -0.4037458722901283,
                -0.7992584184385625
            ]
        ],
        "translation_vector": [
            -0.019188412415882494,
            0.018016327335521155,
            0.4540224599145799
        ],
        "camera_position": [
            0.17875350296130973,
            0.1916440321042076,
            0.371683908000456
        ]
    },
    {
        "frame": 50,
        "rotation_matrix": [
            [
                -0.5675666522280778,
                0.8190409729499252,
                -0.08390458812158136
            ],
            [
                0.6892261330820922,
                0.416903488190313,
                -0.5925865498064022
            ],
            [
                -0.45037254884741623,
                -0.39416159904789,
                -0.8011249597164553
            ]
        ],
        "translation_vector": [
            -0.018527949287419986,
            0.016971577960499102,
            0.4559158486730717
        ],
        "camera_position": [
            0.1831188816270956,
            0.18780415950356322,
            0.3737481147769921
        ]
    },
    {
        "frame": 51,
        "rotation_matrix": [
            [
                -0.5723163082622673,
                0.8129222249887216,
                -0.10775666761939098
            ],
            [
                0.6885400225751048,
                0.4050079677774099,
                -0.6015656101782141
            ],
            [
                -0.4453837453357763,
                -0.4184805875500073,
                -0.7915221520807091
            ]
        ],
        "translation_vector": [
            -0.017681355069878054,
            0.017867360511595296,
            0.45546467385243844
        ],
        "camera_position": [
            0.18043484163985857,
            0.19774026745591422,
            0.369353484571527
        ]
    },
    {
        "frame": 52,
        "rotation_matrix": [
            [
                -0.5783361410544823,
                0.8075027300876865,
                -0.11604589114286926
            ],
            [
                0.6866678962229751,
                0.4050391054427257,
                -0.6036808124819517
            ],
            [
                -0.4404707802419172,
                -0.4288154194558409,
                -0.7887349540815266
            ]
        ],
        "translation_vector": [
            -0.01726850801934258,
            0.018588624663256784,
            0.455770995361834
        ],
        "camera_position": [
            0.17800259185779024,
            0.2018568780170351,
            0.3687001717362324
        ]
    },
    {
        "frame": 53,
        "rotation_matrix": [
            [
                -0.5754505572758013,
                0.812445620452272,
                -0.09374843966110791
            ],
            [
                0.6745018126382928,
                0.40664349360649754,
                -0.6161885862746561
            ],
            [
                -0.4624975252675706,
                -0.4178195578421679,
                -0.7819992686735379
            ]
        ],
        "translation_vector": [
            -0.018053072485852143,
            0.01881166991020248,
            0.4549433178662501
        ],
        "camera_position": [
            0.18733300257444957,
            0.19710171241810645,
            0.3656644307701161
        ]
    },
    {
        "frame": 54,
        "rotation_matrix": [
            [
                -0.5542368825160175,
                0.8261646524304102,
