[
    {
        "frame": 5,
        "rotation_matrix": [
            [
                -0.937104904029269,
                0.24944197087611675,
                -0.24415794480158315
            ],
            [
                0.34899121531452637,
                0.6569798530005063,
                -0.6682683625495993
            ],
            [
                -0.006287326743877553,
                -0.7114465376378407,
                -0.7027120986617095
            ]
        ],
        "translation_vector": [
            -0.0035379555264824294,
            0.07110593903778938,
            0.4731332007694956
        ],
        "camera_position": [
            -0.02515604052836844,
            0.290776322751855,
            0.379130453957454
        ]
    },
    {
        "frame": 6,
        "rotation_matrix": [
            [
                0.34524870484150555,
                0.32436043421359284,
                -0.8806779437013469
            ],
            [
                -0.558162876405507,
                0.8253487951699314,
                0.08516789133396266
            ],
            [
                0.7544915739807795,
                0.4621576300660982,
                0.46599655552771396
            ]
        ],
        "translation_vector": [
            0.06339368499515666,
            -0.006687536677798936,
            0.3471982920095443
        ],
        "camera_position": [
            -0.28757750816957517,
            -0.17550319264988076,
            -0.10539422461930088
        ]
    },
    {
        "frame": 13,
        "rotation_matrix": [
            [
                -0.97707637165458,
                -0.004022201185399525,
                -0.21285108844435197
            ],
            [
                -0.08630395162673885,
                0.9214626005528853,
                0.3787588991904001
            ],
            [
                0.19461087299514046,
                0.38844626099363905,
                -0.9006864662201441
            ]
        ],
        "translation_vector": [
            -0.021629664673930165,
            0.015107891916788924,
            0.3250425659207256
        ],
        "camera_position": [
            -0.0830867810209533,
            -0.14026992563309182,
            0.2824352938902437
        ]
    },
    {
        "frame": 16,
        "rotation_matrix": [
            [
                -0.8605158452617634,
                0.4436735191340014,
                -0.2503323560243137
            ],
            [
                0.50756788032293,
                0.704814236924814,
                -0.4955923105664369
            ],
            [
                -0.04344337599589444,
                -0.5535256993558137,
                -0.8316982465021413
            ]
        ],
        "translation_vector": [
            0.0037791219729932934,
            0.07438943861029762,
            0.4807329717048225
        ],
        "camera_position": [
            -0.01362103209150757,
            0.21199062261193374,
            0.43763763987248455
        ]
    },
    {
        "frame": 17,
        "rotation_matrix": [
            [
                -0.8098324884343358,
                0.5413208803582021,
                0.22614828136528609
            ],
            [
                0.22040334966128322,
                0.6379780124649999,
                -0.737839019752476
            ],
            [
                -0.543685298802844,
                -0.5476821706970472,
                -0.6359642566734649
            ]
        ],
        "translation_vector": [
            -0.007796130926216309,
            0.057375547660057265,
            0.39485780914233237
        ],
        "camera_position": [
            0.1957190629471205,
            0.18387245262386595,
            0.29521245253643696
        ]
    },
    {
        "frame": 18,
        "rotation_matrix": [
            [
                -0.816181993929187,
                0.5303174972568565,
                0.22936936344900224
            ],
            [
                0.20296495528680522,
                0.6348213480422125,
                -0.7455247031422185
            ],
            [
                -0.5409733632178221,
                -0.5619298961374914,
                -0.6257656207524558
            ]
        ],
        "translation_vector": [
            -0.0062670065938818815,
            0.05360092524291261,
            0.3931003850977631
        ],
        "camera_position": [
            0.19666271007553693,
            0.19019135020273795,
            0.28738697969177124
        ]
    },
    {
        "frame": 19,
        "rotation_matrix": [
            [
                -0.8213062124659495,
                0.522410375560881,
                0.2292237005005721
            ],
            [
                0.2007081896025721,
                0.6407149519173909,
                -0.7410806791544047
            ],
            [
                -0.5340152881625156,
                -0.5626470917865256,
                -0.6310752111379994
            ]
        ],
        "translation_vector": [
            -0.004916754695252186,
            0.05040430894439873,
            0.3953593645522478
        ],
        "camera_position": [
            0.19697322621633695,
            0.19272156596103868,
            0.28798219067071773
        ]
    },
    {
        "frame": 22,
        "rotation_matrix": [
            [
                -0.16458271438281158,
                0.716744000356934,
                -0.6776360144492948
            ],
            [
                0.9818510930797143,
                0.18468505193548734,
                -0.043126124446278225
            ],
            [
                0.09423885156640838,
                -0.6724354761194007,
                -0.7341318473622563
            ]
        ],
        "translation_vector": [
            0.05765119769235585,
            0.03984940878349734,
            0.8339937893485669
        ],
        "camera_position": [
            -0.10823241189075528,
            0.5121262706310605,
            0.653046479657896
        ]
    },
    {
        "frame": 24,
        "rotation_matrix": [
            [
                -0.3894807138819618,
                0.4799729347387413,
                -0.7860857176111756
            ],
            [
                0.5557574813502709,
                -0.5581234599462648,
                -0.6161426988781197
            ],
            [
                -0.7344646999258714,
                -0.676848716757216,
                -0.04937022571255978
            ]
        ],
        "translation_vector": [
            0.0055142703544329135,
            0.04494428950513788,
            0.09188200042919142
        ],
        "camera_position": [
            0.04465366269154469,
            0.08462797592205834,
            0.036563020103632334
        ]
    },
    {
        "frame": 28,
        "rotation_matrix": [
            [
                -0.9657127414374069,
                -0.24596639893593597,
                0.08306281731277908
            ],
            [
                0.03743027794839042,
                -0.4485207046861214,
                -0.8929883267773278
            ],
            [
                0.25690051638358835,
                -0.8592611407845425,
                0.4423487499920087
            ]
        ],
        "translation_vector": [
            -0.04787994580918295,
            0.0182945432650127,
            0.11134737543112083
        ],
        "camera_position": [
            -0.07552824181282104,
            0.09210509642151138,
            -0.028940515565774157
        ]
    },
    {
        "frame": 30,
        "rotation_matrix": [
            [
                -0.6848580091472137,
                0.6093660929864531,
                0.39955284009169606
            ],
            [
                0.2761904910907841,
                0.7244920186005043,
                -0.6315299894820504
            ],
            [
                -0.67430580595005,
                -0.32215567619179486,
                -0.664475281977788
            ]
        ],
        "translation_vector": [
            -0.009449310564889075,
            0.036062071724182736,
            0.4136553606019503
        ],
        "camera_position": [
            0.26249877399571986,
            0.11289282872705479,
            0.3014135410273885
        ]
    },
    {
        "frame": 31,
        "rotation_matrix": [
            [
                -0.7870742288162973,
                0.5657802238277125,
                0.2457781452015096
            ],
            [
                0.28539582506817734,
                0.687222356370945,
                -0.6680379150449627
            ],
            [
                -0.546866877189399,
                -0.45565137027055,
                -0.702366319952548
            ]
        ],
        "translation_vector": [
            -0.008443521597470026,
            0.03814974259845982,
            0.4400984658800776
        ],
        "camera_position": [
            0.2231418181768348,
            0.1790912905680764,
            0.33667104747912424
        ]
    },
    {
        "frame": 32,
        "rotation_matrix": [
            [
                -0.7909085542091115,
                0.5651120810115255,
                0.23475944022270087
            ],
            [
                0.2837201344259208,
                0.6785511573989993,
                -0.6775479408232421
            ],
            [
                -0.5421868166971512,
                -0.4692724823461325,
                -0.6970055904456639
            ]
        ],
        "translation_vector": [
            -0.008346787232032842,
            0.03821734835286024,
            0.4431863005804808
        ],
        "camera_position": [
            0.2228451928814638,
            0.1867595797601019,
            0.33675690189198254
        ]
    },
    {
        "frame": 33,
        "rotation_matrix": [
            [
                -0.7990117822694116,
                0.5602277738827627,
                0.2184605528808868
            ],
            [
                0.2817440105047616,
                0.6697504462549739,
                -0.6870623350802724
            ],
            [
                -0.5312254552817959,
                -0.48742094857692353,
                -0.6929793175478045
            ]
        ],
        "translation_vector": [
            -0.00856811053064938,
            0.0386747556761768,
            0.4472142502663925
        ],
        "camera_position": [
            0.21982919167099804,
            0.19687925269800838,
            0.338353988054461
        ]
    },
    {
        "frame": 34,
        "rotation_matrix": [
            [
                -0.7807281677630213,
                0.5655316523851572,
                0.2657771213101482
            ],
            [
                0.2971602869352894,
                0.7101795479370014,
                -0.6382325387823258
            ],
            [
                -0.5496901781275813,
                -0.4193077149809079,
                -0.7225107253373875
            ]
        ],
        "translation_vector": [
            -0.012644477982853166,
            0.03525445447737532,
            0.4295814350526554
        ],
        "camera_position": [
            0.21578857161827936,
            0.16224066991383093,
            0.33623834717460327
        ]
    },
    {
        "frame": 35,
        "rotation_matrix": [
            [
                -0.7853060814737398,
                0.5717251226555436,
                0.23753892844092633
            ],
            [
                0.29152661587759987,
                0.6799659125488141,
                -0.6727990710506466
            ],
            [
                -0.5461745056621687,
                -0.459104282158381,
                -0.700654456539401
            ]
        ],
        "translation_vector": [
            -0.012741695411393448,
            0.036437038012676295,
            0.4470262996311879
        ],
        "camera_position": [
            0.22352587093976026,
            0.1877404919671471,
            0.3407524230282182
        ]
    },
    {
        "frame": 38,
        "rotation_matrix": [
            [
                -0.7547719434192953,
                0.5830104563533239,
                0.3006960611809687
            ],
            [
                0.3137029215353281,
                0.7233643793471338,
                -0.6150889786949002
            ],
            [
                -0.5761161258351131,
                -0.3699226709387037,
                -0.7288672218438114
            ]
        ],
        "translation_vector": [
            -0.014840451994239941,
            0.030804504488915748,
            0.44644210360846404
        ],
        "camera_position": [
            0.23633787529305222,
            0.1515183128052674,
            0.348806992437311
        ]
    },
    {
        "frame": 40,
        "rotation_matrix": [
            [
                -0.8372156275402789,
                0.5366404304519604,
                0.10529502080664405
            ],
            [
                0.396656203543771,
                0.7284321254533269,
                -0.5586148000167844
            ],
            [
                -0.37647556254367887,
                -0.4259151171441139,
                -0.8227165148430755
            ]
        ],
        "translation_vector": [
            -0.00919324416758869,
            0.030349379388527397,
            0.5063142683804448
        ],
        "camera_position": [
            0.17087995171935752,
            0.19847290450216384,
            0.4344747256309437
        ]
    },
    {
        "frame": 41,
        "rotation_matrix": [
            [
                -0.8680496199209932,
                0.4950852944166724,
                0.03715385050537903
            ],
            [
                0.3358371394753247,
                0.6406526288784552,
                -0.6904908579120762
            ],
            [
                -0.36565458168064924,
                -0.5869026838952779,
                -0.7223863000725228
            ]
        ],
        "translation_vector": [
            -0.004870864219085543,
            0.03608345428238513,
            0.513323154093843
        ],
        "camera_position": [
            0.17135264727452676,
            0.2805652702442098,
            0.3959138806923119
        ]
    },
    {
        "frame": 42,
        "rotation_matrix": [
            [
                -0.8067850403572391,
                0.5577160418268368,
                0.1950659256373964
            ],
            [
                0.28329894899634167,
                0.6548693626900172,
                -0.7006338725094149
            ],
            [
                -0.5184974485504594,
                -0.509998955390084,
                -0.6863391736945275
            ]
        ],
        "translation_vector": [
            -0.008778390582194307,
            0.03198008816403054,
            0.45086082432900143
        ],
        "camera_position": [
            0.21762798750013673,
            0.21389161872846502,
            0.33356214351927993
        ]
    },
    {
        "frame": 43,
        "rotation_matrix": [
            [
                -0.8334969567760919,
                0.526384850134549,
                0.16793395307031286
            ],
            [
                0.3244423906299502,
                0.7122968852556898,
                -0.6223907795086353
            ],
            [
                -0.44723590889743703,
                -0.46427592744387697,
                -0.7644788453507472
            ]
        ],
        "translation_vector": [
            -0.0037717167135308417,
            0.029066381297504877,
            0.48971910934071045
        ],
        "camera_position": [
            0.20644589033276237,
            0.20864627534928268,
            0.3931039462657965
        ]
    },
    {
        "frame": 44,
        "rotation_matrix": [
            [
                -0.7531454402071107,
                0.5832295202256819,
                0.30432757455176207
            ],
            [
                0.30108363895655516,
                0.7169075197477348,
                -0.628802234793921
            ],
            [
                -0.5849107523784428,
                -0.3819514823462158,
                -0.71553649584463
            ]
        ],
        "translation_vector": [
            -0.00983959352290203,
            0.026206881785984796,
            0.44712618924748326
        ],
        "camera_position": [
            0.24622780743175782,
            0.15773134156695626,
            0.33940851211991435
        ]
    },
    {
        "frame": 45,
        "rotation_matrix": [
            [
                -0.7992792270592836,
                0.5669685894634191,
                0.19924692156561674
            ],
            [
                0.28817213846618484,
                0.6525353552548266,
                -0.7008241068586918
            ],
            [
                -0.5273609160748833,
                -0.5027367389641599,
                -0.6849425052457628
            ]
        ],
        "translation_vector": [
            -0.008030342561590026,
            0.028063496010982635,
            0.46183611236040983
        ],
        "camera_position": [
            0.22904871163687743,
            0.21842250971979157,
            0.3375987793748462
        ]
    },
    {
        "frame": 46,
        "rotation_matrix": [
            [
                -0.8898460340100215,
                0.4558379182964356,
                0.01964250492701633
            ],
            [
                0.3520257409145635,
                0.7133075358854263,
                -0.6060282476771308
            ],
            [
                -0.29026180163808735,
                -0.5323571653431869,
                -0.7952005627623627
            ]
        ],
        "translation_vector": [
            -0.005120236677497643,
            0.029018337115342154,
            0.5405851725759497
        ],
        "camera_position": [
            0.14213980220693073,
            0.2694193895841083,
            0.4475601397200645
        ]
    },
    {
        "frame": 47,
        "rotation_matrix": [
            [
                -0.7544162738879134,
                0.5846398816057921,
                0.29841631076240127
            ],
            [
                0.30445057299811595,
                0.7144304148283565,
                -0.629999230927547
            ],
            [
                -0.5815203644707513,
                -0.38442865554501415,
                -0.7169718784594394
            ]
        ],
        "translation_vector": [
            -0.009335288136581285,
            0.02401246407885239,
            0.4504955903217177
        ],
        "camera_position": [
            0.24761905813677856,
            0.16148596119435674,
            0.340906305778631
        ]
    },
    {
        "frame": 49,
        "rotation_matrix": [
            [
                -0.7606288867183376,
                0.583397058657107,
                0.2847658136782899
            ],
            [
                0.30827287114781066,
                0.7106271203783038,
                -0.6324372954666144
            ],
            [
                -0.5713243681166662,
                -0.39326450098257837,
                -0.720369001736621
            ]
        ],
        "translation_vector": [
            -0.008516816974504213,
            0.02248715751378037,
            0.4541137224757959
        ],
        "camera_position": [
            0.24603591792216406,
            0.16757550844132058,
            0.3437764643312308
        ]
    },
    {
        "frame": 50,
        "rotation_matrix": [
            [
                -0.7543277553532495,
                0.5855165164260395,
                0.2969175752562375
            ],
            [
                0.3042860215794223,
                0.7125871896495434,
                -0.6321625694540391
            ],
            [
                -0.5817212859910624,
                -0.3865099043228788,
                -0.7156887866141426
            ]
        ],
        "translation_vector": [
            -0.0079810630360721,
            0.021580703268625823,
            0.4521125714371833
        ],
        "camera_position": [
            0.2504164627633351,
            0.1640408982627632,
            0.339584128378435
        ]
    },
    {
        "frame": 52,
        "rotation_matrix": [
            [
                -0.5902836371804737,
                -0.2721991557920288,
                -0.7599163422792655
            ],
            [
                0.18094150546680934,
                0.8728503447096574,
                -0.45320243527549386
            ],
            [
                0.7866545615938393,
                -0.4050183888743083,
                -0.46597715115364213
            ]
        ],
        "translation_vector": [
            0.013252221476560317,
            0.016509002030986628,
            0.45489449759808687
        ],
        "camera_position": [
            -0.3530094257668089,
            0.17343799190969467,
            0.22952294166217746
        ]
    },
    {
        "frame": 53,
        "rotation_matrix": [
            [
                -0.7580702507497324,
                0.584965398813246,
                0.28834870750446917
            ],
            [
                0.3047235563054722,
                0.7086067099046272,
                -0.6364118830684149
            ],
            [
                -0.5766047599185976,
                -0.3945782721709344,
                -0.7154264029023646
            ]
        ],
        "translation_vector": [
            -0.006847864428235431,
            0.020580640172578307,
            0.45312094406601827
        ],
        "camera_position": [
            0.24980912499863084,
            0.16821386321989218,
            0.33924702391690653
        ]
    },
    {
        "frame": 54,
        "rotation_matrix": [
            [
                -0.838760837160848,
                0.5266937344998723,
                0.13810853733137374
            ],
            [
                0.29745446525458746,
                0.6556720977986717,
                -0.6939848278373215
            ],
            [
                -0.4560713750558577,
                -0.5410062940547617,
                -0.7066194808012243
            ]
        ],
        "translation_vector": [
            -0.0013655004294236333,
            0.02324706027820676,
            0.4941920062502853
        ],
        "camera_position": [
            0.21732655766505862,
            0.25283773759332484,
            0.3655273932646202
        ]
    },
    {
        "frame": 55,
        "rotation_matrix": [
            [
                -0.7893296556406563,
                0.5796005270671254,
                0.2025386969191651
            ],
            [
                0.28427160540167806,
                0.637400508801184,
                -0.7161775239019605
            ],
            [
                -0.54419513879541,
                -0.5077241577899374,
                -0.6678830964382487
            ]
        ],
        "translation_vector": [
            -0.005095004395367521,
            0.023304102958382037,
            0.463822683738232
        ],
        "camera_position": [
            0.24176371692807838,
            0.2235930016149988,
            0.3275011405179145
        ]
    },
    {
        "frame": 56,
        "rotation_matrix": [
            [
                -0.8294143006641116,
                0.5384121260823771,
                0.1489439503347394
            ],
            [
                0.2954012656324433,
                0.649006994795484,
                -0.70109058827607
            ],
            [
                -0.47414133980978024,
                -0.5374963285400093,
                -0.6973433061910015
            ]
        ],
        "translation_vector": [
            -0.0015526889589313265,
            0.0230351091716512,
            0.49381228237378594
        ],
        "camera_position": [
            0.22604439434892423,
            0.25130832834911593,
            0.36073765149560105
        ]
    },
    {
        "frame": 57,
        "rotation_matrix": [
            [
                -0.7581985361084584,
                0.5872346384115827,
                0.2833557115934108
            ],
            [
                0.3203066058451977,
                0.713980794899892,
                -0.6226034875954737
            ],
            [
                -0.5679248701148064,
                -0.3812963466435727,
                -0.7294343273669979
            ]
        ],
        "translation_vector": [
            -0.007090727133423921,
            0.0201156131693694,
            0.46331522709435996
        ],
        "camera_position": [
            0.2513088974584942,
            0.166462162539123,
            0.3524912799814392
        ]
    },
    {
        "frame": 58,
        "rotation_matrix": [
            [
                -0.7605893117556903,
                0.5886644501338482,
                0.2738212263350298
            ],
            [
                0.31846693137291215,
                0.7058167092557344,
                -0.6327729344380392
            ],
            [
                -0.5657585284067103,
                -0.3940773250061721,
                -0.7243068061609345
            ]
        ],
        "translation_vector": [
            -0.006957788883959547,
            0.020244673424603402,
            0.4661393278356645
        ],
        "camera_position": [
            0.25198302126802624,
            0.1735017135846666,
            0.352343359465067
        ]
    },
    {
        "frame": 59,
        "rotation_matrix": [
            [
                -0.7488513970988698,
                0.5990595173775859,
                0.2834594851163116
            ],
            [
                0.3138097810673422,
                0.6972379851185843,
                -0.6445018335227939
            ],
            [
                -0.5837336776043828,
                -0.3936837395005161,
                -0.710118375261021
            ]
        ],
        "translation_vector": [
            -0.007019133312531158,
            0.020062417865554478,
            0.46018497540440906
        ],
        "camera_position": [
            0.25707339732551476,
            0.17138394078458835,
            0.341705712067695
        ]
    },
    {
        "frame": 60,
        "rotation_matrix": [
            [
                -0.7793588442643651,
                0.5863973181676491,
                0.22076679350097506
            ],
            [
                0.2942981473475367,
                0.6536381317549426,
                -0.6972415601380317
            ],
            [
                -0.5531621754374758,
                -0.47843011815906605,
                -0.6819943032779536
            ]
        ],
        "translation_vector": [
            -0.00447482043383345,
            0.021697612803365893,
            0.48912062779958354
        ],
        "camera_position": [
            0.26068997239346375,
            0.22245167535753885,
            0.3496938509360121
        ]
    },
    {
        "frame": 61,
        "rotation_matrix": [
            [
                -0.747249669872143,
                0.6049318103700091,
                0.2750916859493149
            ],
            [
                0.32625318078107146,
                0.6945839352713866,
                -0.6411801766220999
            ],
            [
                -0.5789445508044847,
                -0.38937213776203494,
                -0.7163885436189052
            ]
        ],
        "translation_vector": [
            -0.008728853079769014,
            0.018701126500246325,
            0.4639879696367755
        ],
        "camera_position": [
            0.25599937207293355,
            0.17295484649078682,
            0.3467876923273602
        ]
    },
    {
        "frame": 62,
        "rotation_matrix": [
            [
                -0.8732365738616734,
                0.4872721132820509,
                0.004875826901186819
            ],
            [
                0.3739676129762972,
                0.6765324127786374,
                -0.6343911403107116
            ],
            [
                -0.3124197665243615,
                -0.5521501445056034,
                -0.7729968353151937
            ]
        ],
        "translation_vector": [
            -0.004782105947070279,
            0.021703287348230123,
            0.5566210315161646
        ],
        "camera_position": [
            0.16160717633240992,
            0.2949855925023497,
            0.4440579857620297
        ]
    },
    {
        "frame": 63,
        "rotation_matrix": [
            [
                -0.7345436239141091,
                0.6179348531244455,
                0.2803608065711004
            ],
            [
                0.3355933461955282,
                0.6899247288188985,
                -0.6413898771834942
            ],
            [
                -0.5897650129979026,
                -0.37704162350891635,
                -0.7141546356254675
            ]
        ],
        "translation_vector": [
            -0.0086204078541336,
            0.01846648569882137,
            0.4651619447627586
        ],
        "camera_position": [
            0.26180694504620566,
            0.16797178017113482,
            0.34645860066221623
        ]
    },
    {
        "frame": 64,
        "rotation_matrix": [
            [
                -0.8555874032937738,
                0.5155897163742765,
                0.046232452823857045
            ],
            [
                0.3433042653095823,
                0.6319918446570724,
                -0.6947866504958183
            ],
            [
                -0.3874433852129431,
                -0.5785789078907418,
                -0.7177284100540339
            ]
        ],
        "translation_vector": [
            0.00011929341432031254,
            0.02223329587695123,
            0.5162823991715156
        ],
        "camera_position": [
            0.19249948109701304,
            0.28459733854413194,
            0.38599242744093365
        ]
    },
    {
        "frame": 66,
        "rotation_matrix": [
            [
                -0.744698480796041,
                0.6220120490257316,
                0.2419197874645215
            ],
            [
                0.37257730697623254,
                0.6881954091144987,
                -0.6225537962297437
            ],
            [
                -0.5537240495286498,
                -0.37348104334830423,
                -0.7442456497911529
            ]
        ],
        "translation_vector": [
            -0.008511197659039193,
            0.020600032445269933,
            0.47987060502499873
        ],
        "camera_position": [
            0.2517025140856826,
            0.17033979397603602,
            0.37202526578250583
        ]
    },
    {
        "frame": 67,
        "rotation_matrix": [
            [
                -0.7676869645379856,
                0.6157409791872204,
                0.17753808331740173
            ],
            [
                0.34968199169063274,
                0.634673726029564,
                -0.6891384230871344
            ],
            [
                -0.5370095242784116,
                -0.46696071359088964,
                -0.7025442781753768
            ]
        ],
        "translation_vector": [
            -0.005187483757145002,
            0.0244105180907593,
            0.5056655987315176
        ],
        "camera_position": [
            0.2590289603754808,
            0.22382740067920193,
            0.37299567492624325
        ]
    },
    {
        "frame": 68,
        "rotation_matrix": [
            [
                -0.8593853088335286,
                0.5113194028333947,
                -0.0030592886756990734
            ],
            [
                0.3878189385742369,
                0.6478928438946558,
                -0.6556152329783432
            ],
            [
                -0.3332466981745701,
                -0.5646125495560611,
                -0.7550889398207019
            ]
        ],
        "translation_vector": [
            -0.0013491380803412128,
            0.025024702311286177,
            0.5241025560972445
        ],
        "camera_position": [
            0.16379096338992677,
            0.2803913953564173,
            0.41214649207396475
        ]
    },
    {
        "frame": 69,
        "rotation_matrix": [
            [
                -0.848122530666841,
                0.5296932016436143,
                0.01064354770791967
            ],
            [
                0.3753024973166006,
                0.614855948826038,
                -0.6936138678696929
            ],
            [
                -0.3739467990011366,
                -0.5842749988881691,
                -0.7202683647023751
            ]
        ],
        "translation_vector": [
            -0.0037269543579671847,
            0.026323496266515162,
            0.5199925154608737
        ],
        "camera_position": [
            0.18140934881245643,
            0.28960761050564265,
            0.3928321688462632
        ]
    },
    {
        "frame": 70,
        "rotation_matrix": [
            [
                -0.725875134253869,
                0.6415698649144018,
                0.2479786238885198
            ],
            [
                0.38800595478188804,
                0.6796190814772073,
                -0.6225506269741223
            ],
            [
                -0.5679407262432614,
                -0.3556768372073076,
                -0.7422515200041582
            ]
        ],
        "translation_vector": [
            -0.013280588899624978,
            0.023147547945186947,
            0.4796958883284279
        ],
        "camera_position": [
            0.25381739550133625,
            0.16340562673536357,
            0.37375882489746837
        ]
    },
    {
        "frame": 71,
        "rotation_matrix": [
            [
                -0.7593631273303727,
                0.6341272593097137,
                0.1457746886513133
            ],
            [
                0.3697618008410023,
                0.6049091460333238,
                -0.7052383538095854
            ],
            [
                -0.5353913068867062,
                -0.4816300904694246,
                -0.6938217382473388
            ]
        ],
        "translation_vector": [
            -0.010410034370748781,
            0.026887491296964976,
            0.5052206908926431
        ],
        "camera_position": [
            0.2526438025057658,
            0.23366628422706626,
            0.3710127075732416
        ]
    },
    {
        "frame": 72,
        "rotation_matrix": [
            [
                -0.7038314351172311,
                0.6587663502518055,
                0.265797303817654
            ],
            [
                0.39232899382145864,
                0.6724096821992809,
                -0.6276489304473513
            ],
            [
                -0.5921986757397054,
                -0.3374790586993177,
                -0.7317162109667666
            ]
        ],
        "translation_vector": [
            -0.015064890588495802,
            0.02396119256069915,
            0.47504412149814024
        ],
        "camera_position": [
            0.261316685538244,
            0.15412994807890734,
            0.3666409088083515
        ]
    },
    {
        "frame": 73,
        "rotation_matrix": [
            [
                -0.8140359937118689,
                0.5803766665277892,
                -0.022546083731361716
            ],
            [
                0.44200269830596745,
                0.5938355173384862,
                -0.6723042414246518
            ],
            [
                -0.3768010292339634,
                -0.5572452810903148,
                -0.7399315380971418
            ]
        ],
        "translation_vector": [
            -0.010334463874960493,
            0.029070469524795747,
            0.5478864491896084
        ],
        "camera_position": [
            0.18518232641707205,
            0.29404194276880946,
            0.42470966132533117
        ]
    },
    {
        "frame": 74,
        "rotation_matrix": [
            [
                -0.820727235669158,
                0.5713132519654041,
                0.002823607546584117
            ],
            [
                0.42261508004312365,
                0.6104239094280643,
                -0.6699098035696318
            ],
            [
                -0.38445194595814786,
                -0.5486199221020627,
                -0.7424371234803121
            ]
        ],
        "translation_vector": [
            -0.0074234005633367715,
            0.027465637769974998,
            0.5283848713785738
        ],
        "camera_position": [
            0.1854386122881327,
            0.2773578721096201,
            0.4107130047700736
        ]
    },
    {
        "frame": 75,
        "rotation_matrix": [
            [
                -0.789315342850559,
                0.6103530883740755,
                0.06671129629180064
            ],
            [
                0.4247139680992636,
                0.6212247867706845,
                -0.6585573700165351
            ],
            [
                -0.4433952354751708,
                -0.49147621693622756,
                -0.7495677376621622
            ]
        ],
        "translation_vector": [
            -0.007652342270932966,
            0.02653497125347439,
            0.5190418005392569
        ],
        "camera_position": [
            0.21283077727390615,
            0.24328314944025553,
            0.4070422867370209
        ]
    },
    {
        "frame": 76,
        "rotation_matrix": [
            [
                -0.8107597876850203,
                0.5851593469683988,
                0.016034504309706987
            ],
            [
                0.41837278171440306,
                0.5983944076069421,
                -0.6832922862621014
            ],
            [
                -0.40942982572535347,
                -0.5472775087652098,
                -0.7299688666006603
            ]
        ],
        "translation_vector": [
            -0.004478287084671007,
            0.02693222908458463,
            0.5210204194492979
        ],
        "camera_position": [
            0.19842277284862894,
            0.27164717344941497,
            0.39880307656010433
        ]
    },
    {
        "frame": 77,
        "rotation_matrix": [
            [
                -0.7395008800545606,
                0.6481836101020036,
                0.1816492664275419
            ],
            [
                0.4437364785811622,
                0.6723060916724557,
                -0.5925389916929499
            ],
            [
                -0.5061979711288067,
                -0.35757870000216974,
                -0.784793659078511
            ]
        ],
        "translation_vector": [
            -0.0062778685918053025,
            0.022852737574075025,
            0.5061421564001484
        ],
        "camera_position": [
            0.24142505002694792,
            0.16969083114699962,
            0.41189866323915636
        ]
    },
    {
        "frame": 78,
        "rotation_matrix": [
            [
                -0.8103250718164667,
                0.5858376595717648,
                0.012942743647116783
