[
    {
        "frame": 1,
        "rotation_matrix": [
            [
                -0.5693054514513807,
                0.8131747760373068,
                -0.12098796041100701
            ],
            [
                0.6900872680635027,
                0.392680617483677,
                -0.6079321467970658
            ],
            [
                -0.44684546031529826,
                -0.4295913363527175,
                -0.7847167758664877
            ]
        ],
        "translation_vector": [
            -0.019250889868492427,
            0.01948423444983866,
            0.4570383233806482
        ],
        "camera_position": [
            0.17982004132353704,
            0.2043429609478689,
            0.3681616061471894
        ]
    },
    {
        "frame": 2,
        "rotation_matrix": [
            [
                -0.5737777597138433,
                0.8059905027532652,
                -0.14545924490833234
            ],
            [
                0.6937698625039874,
                0.38392066372789013,
                -0.6093343104109071
            ],
            [
                -0.4352728573423364,
                -0.45053771588433744,
                -0.7794570586162923
            ]
        ],
        "translation_vector": [
            -0.019181015379653776,
            0.02026870495385617,
            0.45031452203823646
        ],
        "camera_position": [
            0.1709422320277865,
            0.2105618177590302,
            0.3605611941424059
        ]
    },
    {
        "frame": 3,
        "rotation_matrix": [
            [
                -0.5737777594156435,
                0.8059905034416662,
                -0.14545924227017473
            ],
            [
                0.6937698607213773,
                0.38392066347352494,
                -0.6093343126008
            ],
            [
                -0.4352728605766787,
                -0.4505377148695746,
                -0.7794570573966838
            ]
        ],
        "translation_vector": [
            -0.019181015451723613,
            0.020268704950990916,
            0.4503145216146624
        ],
        "camera_position": [
            0.17094223330237424,
            0.2105618171887792,
            0.3605611933458004
        ]
    },
    {
        "frame": 4,
        "rotation_matrix": [
            [
                -0.5674287880784166,
                0.8178577612119932,
                -0.09556805368513982
            ],
            [
                0.6845657106134279,
                0.4040546149792159,
                -0.6067204100459535
            ],
            [
                -0.4575962831057438,
                -0.4096932395577252,
                -0.7891495999799433
            ]
        ],
        "translation_vector": [
            -0.019574819306711767,
            0.018488607792642258,
            0.4631372127763326
        ],
        "camera_position": [
            0.18816588420651922,
            0.19828319565322994,
            0.37483123451701866
        ]
    },
    {
        "frame": 5,
        "rotation_matrix": [
            [
                -0.5615238888160596,
                0.8215772442829049,
                -0.09849748202567213
            ],
            [
                0.6755444791598338,
                0.3864320167702002,
                -0.6279410426875955
            ],
            [
                -0.4778394907974417,
                -0.41914332643073776,
                -0.7720027803985019
            ]
        ],
        "translation_vector": [
            -0.0193229420983295,
            0.018795465921964058,
            0.4591855279520373
        ],
        "camera_position": [
            0.1958695120309148,
            0.20107666935289498,
            0.3643916876245508
        ]
    },
    {
        "frame": 6,
        "rotation_matrix": [
            [
                -0.5645982801521154,
                0.8217862380086705,
                -0.0767864640990201
            ],
            [
                0.7030323175343227,
                0.4300896165136575,
                -0.5663642664129281
            ],
            [
                -0.4324052989402333,
                -0.3737516565671539,
                -0.8205701412199421
            ]
        ],
        "translation_vector": [
            -0.019957634557979238,
            0.01764283048465031,
            0.46324466001427117
        ],
        "camera_position": [
            0.17663791954510924,
            0.18195137030181674,
            0.38858452864269355
        ]
    },
    {
        "frame": 7,
        "rotation_matrix": [
            [
                -0.5608805066476457,
                0.822144097497878,
                -0.09742761524372962
            ],
            [
                0.6761260844538288,
                0.3869639327239971,
                -0.6269867882913578
            ],
            [
                -0.47777251405225746,
                -0.4175380194906539,
                -0.772913596138668
            ]
        ],
        "translation_vector": [
            -0.019305425777054155,
            0.018782485938374963,
            0.4595413710269065
        ],
        "camera_position": [
            0.19602887048184114,
            0.200479691159836,
            0.3650812625948063
        ]
    },
    {
        "frame": 8,
        "rotation_matrix": [
            [
                -0.5748041019998752,
                0.8065588974486024,
                -0.1380687845626662
            ],
            [
                0.6925891255546714,
                0.38967036298259294,
                -0.6070233202904403
            ],
            [
                -0.4357987465419478,
                -0.4445444332791824,
                -0.7825980445624419
            ]
        ],
        "translation_vector": [
            -0.018943373810308858,
            0.019668812462054836,
            0.4558313852195971
        ],
        "camera_position": [
            0.17413961171750425,
            0.21025189821618448,
            0.36605668997242674
        ]
    },
    {
        "frame": 9,
        "rotation_matrix": [
            [
                -0.571023124477409,
                0.8107849373223491,
                -0.12868712726318826
            ],
            [
                0.6893556697704636,
                0.38845044327585465,
                -0.6114695525323466
            ],
            [
                -0.44578173119518166,
                -0.4378744552151758,
                -0.7807333793316639
            ]
        ],
        "translation_vector": [
            -0.019281070492961697,
            0.019745017709066184,
            0.4544187781781722
        ],
        "camera_position": [
            0.1779503126002417,
            0.20694121558388034,
            0.36437215988981786
        ]
    },
    {
        "frame": 10,
        "rotation_matrix": [
            [
                -0.6011742312838323,
                0.7463334132038036,
                -0.28561509059546164
            ],
            [
                0.7990494673391942,
                0.5660964720879527,
                -0.2026196758326391
            ],
            [
                0.010463860914750073,
                -0.35003031386600547,
                -0.9366799277179064
            ]
        ],
        "translation_vector": [
            -0.013231307881523133,
            0.006034708833712205,
            0.4540221563139457
        ],
        "camera_position": [
            -0.017527176919563296,
            0.16538025766821607,
            0.4227171301068281
        ]
    },
    {
        "frame": 11,
        "rotation_matrix": [
            [
                -0.5669810866490854,
                0.8185484364898689,
                -0.09225456358475251
            ],
            [
                0.6819511733652098,
                0.4036208488398114,
                -0.6099449217164143
            ],
            [
                -0.46203359675248235,
                -0.4087403423957812,
                -0.787055454189947
            ]
        ],
        "translation_vector": [
            -0.019618854367634636,
            0.018464526555467962,
            0.46338044127705824
        ],
        "camera_position": [
            0.19038190702968558,
            0.19800859491369954,
            0.37415851902873976
        ]
    },
    {
        "frame": 12,
        "rotation_matrix": [
            [
                -0.5724235325417341,
                0.8092589594186439,
                -0.13202740621967765
            ],
            [
                0.6910097120103975,
                0.38942888211424764,
                -0.6089751420891945
            ],
            [
                -0.4414033045863496,
                -0.4398239220141404,
                -0.7821240568633275
            ]
        ],
        "translation_vector": [
            -0.01922694518781872,
            0.019761122704377788,
            0.45481991128609683
        ],
        "camera_position": [
            0.17609792824000178,
            0.20790470292337965,
            0.3652211429613656
        ]
    },
    {
        "frame": 13,
        "rotation_matrix": [
            [
                -0.5740914080102867,
                0.8057198259653758,
                -0.1457210255765829
            ],
            [
                0.6920936942153538,
                0.3824123574164092,
                -0.6121822500878061
            ],
            [
                -0.4375218550839614,
                -0.45230117282796145,
                -0.7771732595646479
            ]
        ],
        "translation_vector": [
            -0.019135801595602693,
            0.020197996224219833,
            0.4513711863301514
        ],
        "camera_position": [
            0.17252015367062312,
            0.2118498483380011,
            0.3603699822958325
        ]
    },
    {
        "frame": 14,
        "rotation_matrix": [
            [
                -0.5110226169613106,
                0.8591735058205108,
                0.02601483903672308
            ],
            [
                0.7134739711149167,
                0.44085316214341685,
                -0.5446130571053744
            ],
            [
                -0.47938583364084186,
                -0.259748679157842,
                -0.8382838696886823
            ]
        ],
        "translation_vector": [
            -0.023361168137028095,
            0.016647060900922953,
            0.44876650598760237
        ],
        "camera_position": [
            0.191316975657924,
            0.12929889447034643,
            0.38586766698382213
        ]
    },
    {
        "frame": 15,
        "rotation_matrix": [
            [
                -0.5710393144158364,
                0.8105834957173854,
                -0.12987878141588222
            ],
            [
                0.6899068691729038,
                0.38811569304644944,
                -0.61106032491
            ],
            [
                -0.44490742099849584,
                -0.43854373246194783,
                -0.7808564410048819
            ]
        ],
        "translation_vector": [
            -0.019219486655811486,
            0.019797907222578324,
            0.4540002557688824
        ],
        "camera_position": [
            0.17735428825532742,
            0.2069940869003657,
            0.36411053604866683
        ]
    },
    {
        "frame": 16,
        "rotation_matrix": [
            [
                -0.5710393144158364,
                0.8105834957173854,
                -0.12987878141588222
            ],
            [
                0.6899068691729038,
                0.38811569304644944,
                -0.61106032491
            ],
            [
                -0.44490742099849584,
                -0.43854373246194783,
                -0.7808564410048819
            ]
        ],
        "translation_vector": [
            -0.019219486655811486,
            0.019797907222578324,
            0.4540002557688824
        ],
        "camera_position": [
            0.17735428825532742,
            0.2069940869003657,
            0.36411053604866683
        ]
    },
    {
        "frame": 17,
        "rotation_matrix": [
            [
                -0.5710393142463215,
                0.8105834958957023,
                -0.1298787810483027
            ],
            [
                0.6899068684439988,
                0.388115692380789,
                -0.611060326155754
            ],
            [
                -0.4449074223463641,
                -0.43854373272147373,
                -0.7808564400911544
            ]
        ],
        "translation_vector": [
            -0.019219486661365064,
            0.019797907240562542,
            0.45400025556924245
        ],
        "camera_position": [
            0.17735428878054868,
            0.20699408694476717,
            0.36411053551994027
        ]
    },
    {
        "frame": 18,
        "rotation_matrix": [
            [
                -0.5710393144158364,
                0.8105834957173854,
                -0.12987878141588222
            ],
            [
                0.6899068691729038,
                0.38811569304644944,
                -0.61106032491
            ],
            [
                -0.44490742099849584,
                -0.43854373246194783,
                -0.7808564410048819
            ]
        ],
        "translation_vector": [
            -0.019219486655811486,
            0.019797907222578324,
            0.4540002557688824
        ],
        "camera_position": [
            0.17735428825532742,
            0.2069940869003657,
            0.36411053604866683
        ]
    },
    {
        "frame": 19,
        "rotation_matrix": [
            [
                -0.5713478034836262,
                0.8083256521384791,
                -0.14202579888646408
            ],
            [
                0.6994644197872791,
                0.38907116489772264,
                -0.5994774008223949
            ],
            [
                -0.4293148179437565,
                -0.4418520892108941,
                -0.7876899887353447
            ]
        ],
        "translation_vector": [
            -0.019201052013005017,
            0.01984690204885687,
            0.45156314382895424
        ],
        "camera_position": [
            0.16901006816465391,
            0.20732296410186027,
            0.3648624921789436
        ]
    },
    {
        "frame": 20,
        "rotation_matrix": [
            [
                -0.5796745954025494,
                0.7977172755457471,
                -0.1662062325569087
            ],
            [
                0.693650240646267,
                0.37604958906557473,
                -0.6143582425710492
            ],
            [
                -0.42758239801968767,
                -0.47141685890460333,
                -0.771323173542874
            ]
        ],
        "translation_vector": [
            -0.01841551843637539,
            0.020501095214381544,
            0.45210433262818434
        ],
        "camera_position": [
            0.1684162568725477,
            0.2201105531488061,
            0.35825279150205125
        ]
    },
    {
        "frame": 22,
        "rotation_matrix": [
            [
                -0.5710393158160274,
                0.8105834940414364,
                -0.12987878571937814
            ],
            [
                0.6899068709937716,
                0.388115693449645,
                -0.6110603225980928
            ],
            [
                -0.444907416377775,
                -0.4385437352028627,
                -0.7808564420982737
            ]
        ],
        "translation_vector": [
            -0.019219486577761527,
            0.019797907216269867,
            0.4540002563106209
        ],
        "camera_position": [
            0.17735428638450396,
            0.20699408828130683,
            0.3641105368458872
        ]
    },
    {
        "frame": 23,
        "rotation_matrix": [
            [
                -0.575302179329338,
                0.8059947119408194,
                -0.13928361993554775
            ],
            [
                0.6919164465736701,
                0.38874073771111006,
                -0.6083849684243424
            ],
            [
                -0.43620985020948366,
                -0.4463778255774565,
                -0.7813243906425563
            ]
        ],
        "translation_vector": [
            -0.018928932707486544,
            0.01974482179367838,
            0.4547591415852397
        ],
        "camera_position": [
            0.1738187938595831,
            0.2105753998571588,
            0.36469037170269564
        ]
    },
    {
        "frame": 25,
        "rotation_matrix": [
            [
                -0.578654440126311,
                0.7998913462990338,
                -0.1591630391706092
            ],
            [
                0.7087253686057937,
                0.39660882482150916,
                -0.5834464773809872
            ],
            [
                -0.4035683223652315,
                -0.45041677831717186,
                -0.7964027467266122
            ]
        ],
        "translation_vector": [
            -0.0186904469356162,
            0.019480384204879016,
            0.45415450475717173
        ],
        "camera_position": [
            0.15866081899603945,
            0.21178304336664813,
            0.370080828231511
        ]
    },
    {
        "frame": 30,
        "rotation_matrix": [
            [
                -0.5670852484575846,
                0.8157263796428611,
                -0.11403856600532447
            ],
            [
                0.6906001815661118,
                0.3954420890636452,
                -0.6055550705079055
            ],
            [
                -0.4488715965648231,
                -0.42215640200254184,
                -0.7875901612168699
            ]
        ],
        "translation_vector": [
            -0.019289507371299107,
            0.01941876452436872,
            0.4541924095794317
        ],
        "camera_position": [
            0.1795246746489474,
            0.19979619664745044,
            0.36727685664530163
        ]
    },
    {
        "frame": 31,
        "rotation_matrix": [
            [
                -0.6166299995569934,
                0.7525080989912133,
                -0.2312985183674389
            ],
            [
                0.7372261683342659,
                0.44889631026887655,
                -0.5049650278486272
            ],
            [
                -0.27616122169761426,
                -0.4818959053360159,
                -0.8315715940620282
            ]
        ],
        "translation_vector": [
            -0.018886041328419027,
            0.018729528011318233,
            0.494137790115354
        ],
        "camera_position": [
            0.11100809797874564,
            0.2439272607685365,
            0.4160003930692503
        ]
    },
    {
        "frame": 32,
        "rotation_matrix": [
            [
                -0.48729244586081866,
                0.8700939146789806,
                0.07404493126195844
            ],
            [
                0.6549792433957611,
                0.42026105413378934,
                -0.6279990741227828
            ],
            [
                -0.5775363736836818,
                -0.25752131177237164,
                -0.7746834908885949
            ]
        ],
        "translation_vector": [
            -0.021456992211521676,
            0.01854628651618051,
            0.42148289625309243
        ],
        "camera_position": [
            0.22081844054596864,
            0.11941614476171677,
            0.3397516736931488
        ]
    },
    {
        "frame": 33,
        "rotation_matrix": [
            [
                -0.5599850244756682,
                0.8244718479659012,
                -0.0816268600074565
            ],
            [
                0.669138494257806,
                0.3919745454890676,
                -0.6313553921453702
            ],
            [
                -0.4885390955342072,
                -0.4081692389197523,
                -0.771185726355389
            ]
        ],
        "translation_vector": [
            -0.018356639439014402,
            0.01953412467643209,
            0.44255618630340793
        ],
        "camera_position": [
            0.19285552102155548,
            0.18811547454184682,
            0.35212759409507405
        ]
    },
    {
        "frame": 34,
        "rotation_matrix": [
            [
                -0.624219049313818,
                0.7496971408542152,
                -0.21978347405746465
            ],
            [
                0.7115478426434381,
                0.4294115853420869,
                -0.5561522795093666
            ],
            [
                -0.32256820380071904,
                -0.5035473040033186,
                -0.8014922747773475
            ]
        ],
        "translation_vector": [
            -0.01553812047260058,
            0.01776982077179216,
            0.46191197401952877
        ],
        "camera_position": [
            0.1266548473496642,
            0.23661284678808162,
            0.3766865830347207
        ]
    },
    {
        "frame": 35,
        "rotation_matrix": [
            [
                -0.46821602991189454,
                0.8782044188481839,
                0.09762555018573438
            ],
            [
                0.6500119360858554,
                0.4171649814024614,
                -0.6351833288408959
            ],
            [
                -0.5985467669944108,
                -0.23394524360842955,
                -0.7661666859851914
            ]
        ],
        "translation_vector": [
            -0.021154734485378038,
            0.017612913754076608,
            0.4203315443632933
        ],
        "camera_position": [
            0.23023449698043244,
            0.10956525600833458,
            0.335296698141932
        ]
    },
    {
        "frame": 37,
        "rotation_matrix": [
            [
                -0.49677811200267696,
                0.8657314895463475,
                0.06099586414600944
            ],
            [
                0.6598951736893284,
                0.42244219469285016,
                -0.6213541275992458
            ],
            [
                -0.5636930611392933,
                -0.2684242540288623,
                -0.7811520675722889
            ]
        ],
        "translation_vector": [
            -0.021318071831674022,
            0.01785389856694991,
            0.42358021855060285
        ],
        "camera_position": [
            0.21639717706089465,
            0.12461269017247335,
            0.3432744712851377
        ]
    },
    {
        "frame": 38,
        "rotation_matrix": [
            [
                -0.5552395273639014,
                0.8265224379768598,
                -0.09257281876176937
            ],
            [
                0.6669725181727252,
                0.3760123308079051,
                -0.6432436451942143
            ],
            [
                -0.4968467844869735,
                -0.4188978235813532,
                -0.7600446606244665
            ]
        ],
        "translation_vector": [
            -0.018183233990280493,
            0.019894432032890083,
            0.43219083520725016
        ],
        "camera_position": [
            0.1913675370801583,
            0.18859209936928825,
            0.3395980304253189
        ]
    },
    {
        "frame": 39,
        "rotation_matrix": [
            [
                -0.49618491301776846,
                0.8658251191131624,
                0.06440027333969714
            ],
            [
                0.6598724858555519,
                0.42428296513498087,
                -0.6201227845411608
            ],
            [
                -0.5642418227182066,
                -0.2651996014494492,
                -0.7818569798158033
            ]
        ],
        "translation_vector": [
            -0.021341731225523016,
            0.01775540460443756,
            0.4228715574489459
        ],
        "camera_position": [
            0.216296070325194,
            0.12309025976744582,
            0.3430100230254626
        ]
    },
    {
        "frame": 40,
        "rotation_matrix": [
            [
                -0.5586264169725166,
                0.8250442326083659,
                -0.08507961271727116
            ],
            [
                0.6723244474933013,
                0.3903622025778345,
                -0.6289651724073514
            ],
            [
                -0.4857122229914286,
                -0.4085576642755033,
                -0.7727640463935095
            ]
        ],
        "translation_vector": [
            -0.018463337855599192,
            0.018945911867036817,
            0.4412506983473144
        ],
        "camera_position": [
            0.19126894959090565,
            0.18811365720291323,
            0.3513281402184753
        ]
    },
    {
        "frame": 41,
        "rotation_matrix": [
            [
                -0.572494928389445,
                0.8124044565442158,
                -0.11067319438536868
            ],
            [
                0.6856390178889028,
                0.40034124914126856,
                -0.6079687667835822
            ],
            [
                -0.4496094906879803,
                -0.42394089590779793,
                -0.7862095284720152
            ]
        ],
        "translation_vector": [
            -0.018734367966839558,
            0.018406420176246004,
            0.45102068201167883
        ],
        "camera_position": [
            0.17943768862892728,
            0.19905714678619946,
            0.3637138939633004
        ]
    },
    {
        "frame": 42,
        "rotation_matrix": [
            [
                -0.5626563236522287,
                0.820907792812239,
                -0.09761279196035938
            ],
            [
                0.6786718393267444,
                0.39125963446337,
                -0.6215468067204941
            ],
            [
                -0.47204067193305693,
                -0.4159642943086915,
                -0.7772717091862152
            ]
        ],
        "translation_vector": [
            -0.018474296161503312,
            0.018341695526322383,
            0.44744138187466503
        ],
        "camera_position": [
            0.18836785875125814,
            0.19410896725463275,
            0.35738042230676126
        ]
    },
    {
        "frame": 43,
        "rotation_matrix": [
            [
                -0.47008364610633063,
                0.87816824373137,
                0.08855451069899856
            ],
            [
                0.6548543345127447,
                0.4142834200522171,
                -0.6320878486727206
            ],
            [
                -0.5917661415062949,
                -0.2391438553916845,
                -0.7698201414584791
            ]
        ],
        "translation_vector": [
            -0.021711058520650542,
            0.017290403026619074,
            0.4202542042956176
        ],
        "camera_position": [
            0.22716350001014673,
            0.11240404549049834,
            0.3363718168152064
        ]
    },
    {
        "frame": 44,
        "rotation_matrix": [
            [
                -0.47134640182752785,
                0.878186623027615,
                0.08136844977997476
            ],
            [
                0.6541370767129704,
                0.40998660922999197,
                -0.6356222660680659
            ],
            [
                -0.5915549461830678,
                -0.2463721481569035,
                -0.7677001434537449
            ]
        ],
        "translation_vector": [
            -0.021744356845054557,
            0.017587950684967036,
            0.419822300223558
        ],
        "camera_position": [
            0.2265939032097921,
            0.11531730099328236,
            0.33524623778452345
        ]
    },
    {
        "frame": 45,
        "rotation_matrix": [
            [
                -0.4682172085858086,
                0.8801342404494388,
                0.07833494987936518
            ],
            [
                0.659168528465297,
                0.40694988077715266,
                -0.6323674925360693
            ],
            [
                -0.5884466812422415,
                -0.24444940851626143,
                -0.7706977293407848
            ]
        ],
        "translation_vector": [
            -0.02195153786805336,
            0.01761615751838175,
            0.42117137445979697
        ],
        "camera_position": [
            0.2259467931217507,
            0.11510650027701747,
            0.33745527993619134
        ]
    },
    {
        "frame": 46,
        "rotation_matrix": [
            [
                -0.5542005005376969,
                0.825729674458394,
                -0.10503480338726359
            ],
            [
                0.6784642996429995,
                0.37500626921936486,
                -0.6317091832133737
            ],
            [
                -0.48223230845070975,
                -0.4213559098493913,
                -0.7680567673820023
            ]
        ],
        "translation_vector": [
            -0.018909214318509827,
            0.01906107147143478,
            0.44300100816168025
        ],
        "camera_position": [
            0.1902176462653939,
            0.1951269709418231,
            0.35030485055786764
        ]
    },
    {
        "frame": 47,
        "rotation_matrix": [
            [
                -0.5541945278813114,
                0.8254733901216149,
                -0.10706123232775755
            ],
            [
                0.6801595079523779,
                0.37493651754558277,
                -0.6299251158294688
            ],
            [
                -0.4798452552733946,
                -0.4219197672685156,
                -0.7692413411795366
            ]
        ],
        "translation_vector": [
            -0.018863655782481475,
            0.01898462492209437,
            0.44286827643694776
        ],
        "camera_position": [
            0.18914153320321545,
            0.19530829685853868,
            0.3506119127509777
        ]
    },
    {
        "frame": 48,
        "rotation_matrix": [
            [
                -0.5017500981661761,
                0.8646637446190983,
                0.02456517314230494
            ],
            [
                0.6626090100100297,
                0.40244640360030914,
                -0.6316535380117058
            ],
            [
                -0.5560540790640429,
                -0.3006551196478381,
                -0.7748615103267056
            ]
        ],
        "translation_vector": [
            -0.02204299953966574,
            0.01811781657729322,
            0.41821538060045105
        ],
        "camera_position": [
            0.20948526262147418,
            0.13750692769497747,
            0.33604467449628556
        ]
    },
    {
        "frame": 49,
        "rotation_matrix": [
            [
                -0.5645981245425142,
                0.818524524893055,
                -0.10604979920619251
            ],
            [
                0.6833126009190558,
                0.3914831980692862,
                -0.6162992739365174
            ],
            [
                -0.46293935584297696,
                -0.420426578343998,
                -0.780338801440533
            ]
        ],
        "translation_vector": [
            -0.018617289270353977,
            0.01704254646843766,
            0.4596328940820349
        ],
        "camera_position": [
            0.19062548255084116,
            0.20180872221336382,
            0.3671983308962614
        ]
    },
    {
        "frame": 50,
        "rotation_matrix": [
            [
                -0.5508862810967016,
                0.8306634449622349,
                -0.08076228391345963
            ],
            [
                0.6679800785512363,
                0.3808350662357164,
                -0.639349096334641
            ],
            [
                -0.5003268131512945,
                -0.4061562427548172,
                -0.7646634465653238
            ]
        ],
        "translation_vector": [
            -0.017940183705101923,
            0.017541894819362882,
            0.4483170557001492
        ],
        "camera_position": [
            0.20270440639695622,
            0.19030845703037796,
            0.35257816935660025
        ]
    },
    {
        "frame": 51,
        "rotation_matrix": [
            [
                -0.5726049932694875,
                0.8122658387041267,
                -0.1111203354797492
            ],
            [
                0.6883116191342366,
                0.4026784970359676,
                -0.6033880534031648
            ],
            [
                -0.44536573358045406,
                -0.42198843029061406,
                -0.7896677326909133
            ]
        ],
        "translation_vector": [
            -0.017692013440414614,
            0.0180493672075409,
            0.45357962741840935
        ],
        "camera_position": [
            0.17945469909840575,
            0.19850788106205633,
            0.36710202605399045
        ]
    },
    {
        "frame": 52,
        "rotation_matrix": [
            [
                -0.5782923140205098,
                0.8068489036719382,
                -0.12071804416985643
            ],
            [
                0.6870734614424359,
                0.40187834700912695,
                -0.6053295406526277
            ],
            [
                -0.4398955081906539,
                -0.43299958527532445,
                -0.7867676283535587
            ]
        ],
        "translation_vector": [
            -0.017248040625088393,
            0.01882588428501661,
            0.45358837303013316
        ],
        "camera_position": [
            0.1766223130576391,
            0.20275442481915087,
            0.3661823626542729
        ]
    },
    {
        "frame": 53,
        "rotation_matrix": [
            [
                -0.6194587512832633,
                0.764872745880782,
                -0.17674993088364407
            ],
            [
                0.7409142613265469,
                0.49522346870882894,
                -0.45365159914072134
            ],
            [
                -0.25945503044172735,
                -0.41197499760154016,
                -0.8734756370556042
            ]
        ],
        "translation_vector": [
            -0.01876272728819848,
            0.018052161022451385,
            0.4907635106903902
        ],
        "camera_position": [
            0.1023332224399509,
            0.20759354108150488,
            0.4335430511083365
        ]
    },
    {
        "frame": 54,
        "rotation_matrix": [
            [
                -0.4762329367474932,
                0.8761785199779362,
                0.0742522126682531
            ],
            [
                0.6551277273281679,
                0.40987026520503345,
                -0.6346763163901622
            ],
            [
                -0.5865235296581781,
                -0.25360908270412774,
                -0.76920256261097
            ]
        ],
        "translation_vector": [
            -0.021155018477911066,
            0.018675132810862104,
            0.42408157730128715
        ],
        "camera_position": [
            0.22642450968914357,
            0.1184321309532538,
            0.3396281074477699
        ]
    },
    {
        "frame": 55,
        "rotation_matrix": [
            [
                -0.5715560082570712,
                0.810571640890828,
                -0.12766105282658954
            ],
            [
                0.6895411104599544,
                0.39011020867048773,
                -0.6102024926831436
            ],
            [
                -0.4448109558125741,
                -0.43679244507502585,
                -0.7818923030152456
            ]
        ],
        "translation_vector": [
            -0.01870884606393948,
            0.019409673269237517,
            0.45649367211908076
        ],
        "camera_position": [
            0.17897646558254393,
            0.20698593557010353,
            0.3663843286304355
        ]
    },
    {
        "frame": 56,
        "rotation_matrix": [
            [
                -0.5718034513772308,
                0.8093424256307513,
                -0.13418513728136316
            ],
            [
                0.6915668673325148,
                0.3875338652200008,
                -0.609551286862342
            ],
            [
                -0.44133443214979073,
                -0.4413415246515754,
                -0.7813076075511133
            ]
        ],
        "translation_vector": [
            -0.018474312347458544,
            0.019166943055698528,
            0.457705097507634
        ],
        "camera_position": [
            0.17818212097312833,
            0.2095284708151429,
            0.3668127313639343
        ]
    },
    {
        "frame": 57,
        "rotation_matrix": [
            [
                -0.5557811912501127,
                0.8244487650244099,
                -0.10673097630177902
            ],
            [
                0.6779007493923586,
                0.3751423165695753,
                -0.6322331977143331
            ],
            [
                -0.48120457336343364,
                -0.42373632859189414,
                -0.7673914792370177
            ]
        ],
        "translation_vector": [
            -0.017781906560377665,
            0.019728285429892974,
            0.4470223119399057
        ],
        "camera_position": [
            0.1918525122130024,
            0.19667894946544306,
            0.353616109946582
        ]
    },
    {
        "frame": 58,
        "rotation_matrix": [
            [
                -0.4661982760567092,
                0.8796636632534494,
                0.0940797903551806
            ],
            [
                0.6474111913031486,
                0.4117051852020045,
                -0.6413716472165122
            ],
            [
                -0.6029244702093213,
                -0.2380980470925921,
                -0.7614403477577893
            ]
        ],
        "translation_vector": [
            -0.020640270501502,
            0.018484618259991304,
            0.42372578274106765
        ],
        "camera_position": [
            0.23388503581955888,
            0.11143456414920345,
            0.3364392497475346
        ]
    },
    {
        "frame": 59,
        "rotation_matrix": [
            [
                -0.5593258226907841,
                0.8234301542747146,
                -0.09548510408643454
            ],
            [
                0.66723536694506,
                0.378863774188797,
                -0.6412949443938497
            ],
            [
                -0.49188574808482555,
                -0.42240386082343,
                -0.7613300133270012
            ]
        ],
        "translation_vector": [
            -0.017519510529884187,
            0.020859487783258766,
            0.436575670211459
        ],
        "camera_position": [
            0.1910280475119816,
            0.19093443762812629,
            0.34408239259189427
        ]
    },
    {
        "frame": 60,
        "rotation_matrix": [
            [
                -0.5022021426823018,
                0.8630352013498558,
