[
    {
        "frame": 1,
        "rotation_matrix": [
            [
                -0.38504346433504544,
                0.9166462445244308,
                -0.10724361506460134
            ],
            [
                0.3212627933655208,
                0.024191056188141102,
                -0.9466810499843572
            ],
            [
                -0.8651772929127587,
                -0.39896673445258574,
                -0.3037989411245382
            ]
        ],
        "translation_vector": [
            -0.014972784875938571,
            0.03809087724475187,
            0.16563868422465314
        ],
        "camera_position": [
            0.12530447383434978,
            0.0788876134190508,
            0.08477503296391808
        ]
    },
    {
        "frame": 2,
        "rotation_matrix": [
            [
                -0.6489120838188598,
                0.7608369635588563,
                0.006342109775534788
            ],
            [
                0.5883280751989124,
                0.5070313191010181,
                -0.6299121505284884
            ],
            [
                -0.4824760962022971,
                -0.4050263649853201,
                -0.7766404961500335
            ]
        ],
        "translation_vector": [
            0.001048008069787332,
            0.014900962022522717,
            0.4455754848813631
        ],
        "camera_position": [
            0.20689293130410752,
            0.1721172012603139,
            0.35543161610088
        ]
    },
    {
        "frame": 3,
        "rotation_matrix": [
            [
                -0.6450567897087762,
                0.7636176714768103,
                0.028103200154816377
            ],
            [
                0.5878522037486894,
                0.5194060516599296,
                -0.6201992744649507
            ],
            [
                -0.4881920980499548,
                -0.383543224822674,
                -0.783940731238151
            ]
        ],
        "translation_vector": [
            0.0015229371691016839,
            0.013739467889856935,
            0.4520079728129066
        ],
        "camera_position": [
            0.21357232506668195,
            0.16506529103476786,
            0.36282586934116157
        ]
    },
    {
        "frame": 4,
        "rotation_matrix": [
            [
                -0.6482136279024994,
                0.7614543787815494,
                0.0025142863569813934
            ],
            [
                0.5841931686483158,
                0.4994265198292901,
                -0.6397589335021783
            ],
            [
                -0.4884029425649692,
                -0.4132316303547066,
                -0.7685715226107916
            ]
        ],
        "translation_vector": [
            0.0008296356899994374,
            0.013825448581649143,
            0.4463010548602181
        ],
        "camera_position": [
            0.2104357970091342,
            0.17688918712975793,
            0.35185714957480874
        ]
    },
    {
        "frame": 5,
        "rotation_matrix": [
            [
                -0.6006068071721486,
                0.7934738827703994,
                0.09833951667434551
            ],
            [
                0.6130969914177374,
                0.5360004607053841,
                -0.5803581525559325
            ],
            [
                -0.5132090629490056,
                -0.2882753952124297,
                -0.8084019756421438
            ]
        ],
        "translation_vector": [
            -0.00189570661716077,
            0.010967807306861109,
            0.4462374057205337
        ],
        "camera_position": [
            0.22115017688167626,
            0.12426470841336286,
            0.36729087964859164
        ]
    },
    {
        "frame": 6,
        "rotation_matrix": [
            [
                -0.628563156550231,
                0.775836639639193,
                0.05464308575633969
            ],
            [
                0.5811340134123258,
                0.5151895979991378,
                -0.6299705838916364
            ],
            [
                -0.5169058102622687,
                -0.3642213430139035,
                -0.7746942600860394
            ]
        ],
        "translation_vector": [
            -1.5696968405970387e-05,
            0.012203707229514454,
            0.4545169776884149
        ],
        "camera_position": [
            0.22784061073318132,
            0.1592697392978428,
            0.35980052802668
        ]
    },
    {
        "frame": 7,
        "rotation_matrix": [
            [
                -0.6350539082486051,
                0.7720695853850967,
                0.024800986703294337
            ],
            [
                0.5886719267786444,
                0.5044925827836002,
                -0.6316269441205392
            ],
            [
                -0.5001718667027271,
                -0.3865175147902319,
                -0.7748756768149921
            ]
        ],
        "translation_vector": [
            0.00031398644214186824,
            0.012246734408598121,
            0.4574301284162705
        ],
        "camera_position": [
            0.2217837707921977,
            0.17038395037097404,
            0.36217906060850846
        ]
    },
    {
        "frame": 8,
        "rotation_matrix": [
            [
                -0.6124815400733353,
                0.7891428694383639,
                0.04604231405979725
            ],
            [
                0.5711705351807784,
                0.48206747934154504,
                -0.6643607191146937
            ],
            [
                -0.5464710265061623,
                -0.3806106632451004,
                -0.7459925872375852
            ]
        ],
        "translation_vector": [
            0.00016692409939126975,
            0.013197879816029484,
            0.4360600191600807
        ],
        "camera_position": [
            0.23085816414040344,
            0.15947509748885147,
            0.33405800923765794
        ]
    },
    {
        "frame": 9,
        "rotation_matrix": [
            [
                -0.6303538564320671,
                0.7744390540860693,
                0.053834628144860064
            ],
            [
                0.5790224628208926,
                0.5152199528004491,
                -0.6318871638078521
            ],
            [
                -0.5170947720003065,
                -0.36714105156271704,
                -0.7731884925601088
            ]
        ],
        "translation_vector": [
            0.00015457485695870822,
            0.01217060929827194,
            0.4520283810370382
        ],
        "camera_position": [
            0.22679189331729002,
            0.15956792559591376,
            0.35718527283976764
        ]
    },
    {
        "frame": 10,
        "rotation_matrix": [
            [
                -0.6339560612229198,
                0.7716159162252534,
                0.05204411846293769
            ],
            [
                0.5809997252393457,
                0.5196004314403333,
                -0.6264620586426797
            ],
            [
                -0.510430241767204,
                -0.36691180067542417,
                -0.7777124782428217
            ]
        ],
        "translation_vector": [
            0.0006556748085059214,
            0.011978423296043605,
            0.45331966853891187
        ],
        "camera_position": [
            0.22484427638538715,
            0.15959841283448825,
            0.3600222665555375
        ]
    },
    {
        "frame": 11,
        "rotation_matrix": [
            [
                -0.6355622493413768,
                0.77106228327092,
                0.03903309530597601
            ],
            [
                0.5845334247053935,
                0.5136090759978248,
                -0.6281133595576874
            ],
            [
                -0.5043622731869561,
                -0.37638899076579857,
                -0.7771422167248346
            ]
        ],
        "translation_vector": [
            0.0010439110520021227,
            0.011387394508798087,
            0.4529642637992706
        ],
        "camera_position": [
            0.22246524350787983,
            0.1638371724934054,
            0.3591294796080441
        ]
    },
    {
        "frame": 12,
        "rotation_matrix": [
            [
                -0.6217434052271663,
                0.7807331707744952,
                0.06237671127055752
            ],
            [
                0.6090121198901025,
                0.5319935002820984,
                -0.5882917248139431
            ],
            [
                -0.49248286861929635,
                -0.3277783270901289,
                -0.8062394138260082
            ]
        ],
        "translation_vector": [
            -0.0004451769546801434,
            0.009852024614667543,
            0.4478811632774751
        ],
        "camera_position": [
            0.21429701185991876,
            0.14191208979003245,
            0.36692307977238076
        ]
    },
    {
        "frame": 13,
        "rotation_matrix": [
            [
                -0.4190761409606918,
                0.8974992742661103,
                -0.13736899493444532
            ],
            [
                0.3657285739063894,
                0.028384765852023208,
                -0.9302886193520398
            ],
            [
                -0.8310341739699354,
                -0.4401015311940314,
                -0.34013650779470284
            ]
        ],
        "translation_vector": [
            -0.01651503180091019,
            0.038351494990262,
            0.17036748412012717
        ],
        "camera_position": [
            0.12063390807217088,
            0.0887126214773678,
            0.09135750709516562
        ]
    },
    {
        "frame": 14,
        "rotation_matrix": [
            [
                -0.6447498446487963,
                0.7643906240481866,
                -0.002147485175031605
            ],
            [
                0.5859322755510035,
                0.49241530144552603,
                -0.643591904369481
            ],
            [
                -0.4908981628535354,
                -0.4162140612347641,
                -0.7653658268680983
            ]
        ],
        "translation_vector": [
            0.000804512350013213,
            0.011942104548118358,
            0.4464424695012282
        ],
        "camera_position": [
            0.2126792328178905,
            0.17932019663054674,
            0.34937937930549096
        ]
    },
    {
        "frame": 15,
        "rotation_matrix": [
            [
                -0.6386850889622644,
                0.7692800541576813,
                0.01701632781828269
            ],
            [
                0.5991525603930722,
                0.5110712559880998,
                -0.6162973151630405
            ],
            [
                -0.4828017880162524,
                -0.3834245291812993,
                -0.7873297047047118
            ]
        ],
        "translation_vector": [
            0.0012655366533650609,
            0.010914956522973373,
            0.45131288603500386
        ],
        "camera_position": [
            0.2121632235751959,
            0.16649255819693407,
            0.3620373649050409
        ]
    },
    {
        "frame": 16,
        "rotation_matrix": [
            [
                -0.6414608135047387,
                0.7670031925520494,
                0.015301220631125212
            ],
            [
                0.5863855213651176,
                0.5030718946968973,
                -0.634878483726951
            ],
            [
                -0.4946514379552514,
                -0.39827725441083994,
                -0.7724604737769857
            ]
        ],
        "translation_vector": [
            0.0011998827873960637,
            0.011044746730973434,
            0.44652361878434504
        ],
        "camera_position": [
            0.21516674833138466,
            0.1713635853260023,
            0.3519155585052165
        ]
    },
    {
        "frame": 17,
        "rotation_matrix": [
            [
                -0.6394893043857033,
                0.7687394466894509,
                0.00964845479265794
            ],
            [
                0.5937074397079453,
                0.5017813210583186,
                -0.6290683443572758
            ],
            [
                -0.48843106536309266,
                -0.3965541185520134,
                -0.7772901166538205
            ]
        ],
        "translation_vector": [
            0.000767828914151074,
            0.010911092952095964,
            0.45383811770749594
        ],
        "camera_position": [
            0.21568165665144629,
            0.17390613172249147,
            0.35962029827074654
        ]
    },
    {
        "frame": 18,
        "rotation_matrix": [
            [
                -0.6356987601643056,
                0.7716595709526549,
                0.020702484940924804
            ],
            [
                0.5919595197714632,
                0.5045228828008842,
                -0.6285225434956357
            ],
            [
                -0.49545031363145103,
                -0.3872959685917855,
                -0.7775158001192306
            ]
        ],
        "translation_vector": [
            0.0002170899670901242,
            0.010359442635053607,
            0.4543275915130896
        ],
        "camera_position": [
            0.21910238084215894,
            0.1705651491997246,
            0.3597535297639493
        ]
    },
    {
        "frame": 19,
        "rotation_matrix": [
            [
                -0.6391256387518549,
                0.7690830607818674,
                -0.005446421616814051
            ],
            [
                0.5983304877139536,
                0.4927519770879524,
                -0.6318196867365695
            ],
            [
                -0.4832380835178618,
                -0.40707092096379105,
                -0.7750962649527315
            ]
        ],
        "translation_vector": [
            0.00016770967563564974,
            0.010519837587203085,
            0.44987734604757196
        ],
        "camera_position": [
            0.21121071452147328,
            0.17781933213593215,
            0.35534580451478953
        ]
    },
    {
        "frame": 20,
        "rotation_matrix": [
            [
                -0.6012349364255785,
                0.7948603988176015,
                0.0819359360284247
            ],
            [
                0.6173128986593996,
                0.5271370196324872,
                -0.583996016837194
            ],
            [
                -0.5073867719699248,
                -0.3005386978818233,
                -0.8076107693099676
            ]
        ],
        "translation_vector": [
            -0.0023834289613572112,
            0.008148851651268586,
            0.4442196764870397
        ],
        "camera_position": [
            0.21892779570463683,
            0.13110413506680055,
            0.3637107800593672
        ]
    },
    {
        "frame": 21,
        "rotation_matrix": [
            [
                -0.6121867640161207,
                0.7900571861554994,
                0.032202617401778266
            ],
            [
                0.575973655586476,
                0.4734634711336537,
                -0.6663982964957402
            ],
            [
                -0.5417395260028774,
                -0.38941235741322777,
                -0.7449001959054987
            ]
        ],
        "translation_vector": [
            -0.0004989073752769198,
            0.011011081692351522,
            0.43459910374593286
        ],
        "camera_position": [
            0.22879199499867744,
            0.16441908191744617,
            0.331086789726383
        ]
    },
    {
        "frame": 22,
        "rotation_matrix": [
            [
                -0.6373857008177786,
                0.7705380588463855,
                0.00325088638275442
            ],
            [
                0.5967438162159286,
                0.4962841637961326,
                -0.6305543962048189
            ],
            [
                -0.48747952387877724,
                -0.3999664093826104,
                -0.7761382513215689
            ]
        ],
        "translation_vector": [
            -0.00023533738047401613,
            0.009914685586802998,
            0.45125531151609005
        ],
        "camera_position": [
            0.21391119641080095,
            0.1757478016244982,
            0.3564890220185007
        ]
    },
    {
        "frame": 23,
        "rotation_matrix": [
            [
                -0.6019813225789954,
                0.7948160892487078,
                0.07671943389672353
            ],
            [
                0.6205962032911682,
                0.5261494843579325,
                -0.5814009568021621
            ],
            [
                -0.5024727253559449,
                -0.3023807275295047,
                -0.8099920097705265
            ]
        ],
        "translation_vector": [
            -0.002687907270622565,
            0.007731107244374428,
            0.44498859009018377
        ],
        "camera_position": [
            0.21717866383807938,
            0.13262464746875421,
            0.36513829028528944
        ]
    },
    {
        "frame": 24,
        "rotation_matrix": [
            [
                -0.6352465381275092,
                0.7722852415495448,
                -0.006110767691241692
            ],
            [
                0.6003995156882268,
                0.48885344905493977,
                -0.6328844498867329
            ],
            [
                -0.48578005039148925,
                -0.40570655778758485,
                -0.7742221461633548
            ]
        ],
        "translation_vector": [
            -0.00018406806666988967,
            0.009899659170397548,
            0.4590043859315179
        ],
        "camera_position": [
            0.21691449455421025,
            0.18152375994709274,
            0.361635576325221
        ]
    },
    {
        "frame": 25,
        "rotation_matrix": [
            [
                -0.6484336593867898,
                0.7595481228089374,
                0.051190218906310925
            ],
            [
                0.49570127315620494,
                0.47230564423471333,
                -0.7288399180995443
            ],
            [
                -0.5777664209397897,
                -0.44722927851545247,
                -0.6827678487399459
            ]
        ],
        "translation_vector": [
            -0.005844020282400254,
            0.009403726039324439,
            0.40950851067678806
        ],
        "camera_position": [
            0.2281493681307588,
            0.183141577525862,
            0.28675221246937055
        ]
    },
    {
        "frame": 26,
        "rotation_matrix": [
            [
                -0.6359563223926025,
                0.7717211022559615,
                -0.00246907709886518
            ],
            [
                0.6014984076214313,
                0.49367048156105486,
                -0.6280836896976058
            ],
            [
                -0.4834865268420194,
                -0.4009189393981277,
                -0.7781418780621704
            ]
        ],
        "translation_vector": [
            -0.0009701169327411777,
            0.009987466599776264,
            0.4515759672366819
        ],
        "camera_position": [
            0.21170649875181438,
            0.17686350010497986,
            0.35766074081251004
        ]
    },
    {
        "frame": 27,
        "rotation_matrix": [
            [
                -0.6333565316073826,
                0.7738038974705297,
                0.009329101225982517
            ],
            [
                0.5999258898338133,
                0.4985814081575083,
                -0.6257040084151484
            ],
            [
                -0.4888235168006691,
                -0.39069695122830767,
                -0.7800047831414443
            ]
        ],
        "translation_vector": [
            -0.0012769412017947872,
            0.01000269235280973,
            0.4561367066537682
        ],
        "camera_position": [
            0.21616071592724156,
            0.17421216627310745,
            0.3620594503701528
        ]
    },
    {
        "frame": 28,
        "rotation_matrix": [
            [
                -0.6325598638745868,
                0.7744784075696393,
                0.00715645326680775
            ],
            [
                0.6007781168667569,
                0.49647872790971537,
                -0.626557680526849
            ],
            [
                -0.4888084214792108,
                -0.39203580058656284,
                -0.7793421957968496
            ]
        ],
        "translation_vector": [
            -0.001452188318732827,
            0.009935204114270776,
            0.45392134592000044
        ],
        "camera_position": [
            0.21499312731119785,
            0.1741454892474844,
            0.3599954294115904
        ]
    },
    {
        "frame": 29,
        "rotation_matrix": [
            [
                -0.5952456147486103,
                0.7989890301946849,
                0.08543528399382913
            ],
            [
                0.6161726873815692,
                0.5221032776633955,
                -0.5896943163861388
            ],
            [
                -0.5157653317619597,
                -0.29837006733534355,
                -0.8030949043984641
            ]
        ],
        "translation_vector": [
            -0.004570234113634231,
            0.008606689609707181,
            0.4406378344354326
        ],
        "camera_position": [
            0.21924209998367478,
            0.13063112639815566,
            0.35933977471543055
        ]
    },
    {
        "frame": 30,
        "rotation_matrix": [
            [
                -0.5956767019624893,
                0.8003473388720367,
                0.06792204281042419
            ],
            [
                0.6337824532279807,
                0.5202829231411735,
                -0.5723857806305098
            ],
            [
                -0.49344611531494925,
                -0.2979090751355604,
                -0.8171665156089429
            ]
        ],
        "translation_vector": [
            -0.005104169054679547,
            0.007862784838863983,
            0.44975048199173817
        ],
        "camera_position": [
            0.21390389854671973,
            0.13397898557200275,
            0.37236826608959783
        ]
    },
    {
        "frame": 31,
        "rotation_matrix": [
            [
                -0.591653223309722,
                0.8031476895359436,
                0.07000180097891542
            ],
            [
                0.637813177399965,
                0.5194221800569924,
                -0.5686782478693924
            ],
            [
                -0.49309310893803515,
                -0.2918122472719691,
                -0.8195759868736432
            ]
        ],
        "translation_vector": [
            -0.005871663750016542,
            0.007868506634394597,
            0.4494921164921371
        ],
        "camera_position": [
            0.21314883916248129,
            0.13179604094933184,
            0.37327862056940586
        ]
    },
    {
        "frame": 32,
        "rotation_matrix": [
            [
                -0.6302209250462778,
                0.7762441721103139,
                -0.01632699906863469
            ],
            [
                0.6085046981720246,
                0.48075651294591626,
                -0.6313439692930123
            ],
            [
                -0.48222776562158576,
                -0.40782123599054554,
                -0.775331039968578
            ]
        ],
        "translation_vector": [
            -0.004552295167051218,
            0.010363829679809417,
            0.4531779692746819
        ],
        "camera_position": [
            0.20935960882977608,
            0.18336681352880513,
            0.3578317622567624
        ]
    },
    {
        "frame": 33,
        "rotation_matrix": [
            [
                -0.6782583202970298,
                0.7197629327833018,
                -0.148010038642762
            ],
            [
                0.639263565844374,
                0.4786331959355119,
                -0.6018740375963176
            ],
            [
                -0.3623641046403291,
                -0.5028434988540054,
                -0.7847551664872775
            ]
        ],
        "translation_vector": [
            -0.0020034842250127283,
            0.009282126982724135,
            0.46056170997487506
        ],
        "camera_position": [
            0.1595984262278693,
            0.22858976126070957,
            0.3667183168560079
        ]
    },
    {
        "frame": 34,
        "rotation_matrix": [
            [
                -0.6782447203655744,
                0.7120326240510344,
                -0.18164151943656004
            ],
            [
                0.6498465870535206,
                0.46579107159074895,
                -0.6006147608253006
            ],
            [
                -0.34305030621049604,
                -0.5254029119764566,
                -0.7786323057101758
            ]
        ],
        "translation_vector": [
            -0.00427397946276513,
            0.009947731684800145,
            0.4615165956683267
        ],
        "camera_position": [
            0.14896010597538228,
            0.24089181150025235,
            0.3645501533717034
        ]
    },
    {
        "frame": 35,
        "rotation_matrix": [
            [
                -0.5848128967615418,
                0.8108026292836237,
                0.024351019036926325
            ],
            [
                0.5843612012085275,
                0.4419267664150013,
                -0.6806046720733757
            ],
            [
                -0.5625974247217105,
                -0.38379659908960007,
                -0.7322460708148293
            ]
        ],
        "translation_vector": [
            -0.016763421226162624,
            0.014282045951303364,
            0.3916510695186981
        ],
        "camera_position": [
            0.20219254464599806,
            0.15759455613199247,
            0.29691359037611825
        ]
    },
    {
        "frame": 37,
        "rotation_matrix": [
            [
                -0.5707612273776335,
                0.8193207461720936,
                -0.05426910920939401
            ],
            [
                0.6631405338790956,
                0.42096829187361584,
                -0.6188944413739377
            ],
            [
                -0.4842274813028744,
                -0.389228997030044,
                -0.7835971759916318
            ]
        ],
        "translation_vector": [
            -0.02147494346439554,
            0.010358839801079723,
            0.467417705294101
        ],
        "camera_position": [
            0.20721006650527202,
            0.19516664823210672,
            0.37151279619678285
        ]
    },
    {
        "frame": 38,
        "rotation_matrix": [
            [
                -0.556712830109465,
                0.8295702790336187,
                -0.04340480313967171
            ],
            [
                0.664079960752736,
                0.41304704635833256,
                -0.6232093895484095
            ],
            [
                -0.49906776144943915,
                -0.3757729229717605,
                -0.7808495884887849
            ]
        ],
        "translation_vector": [
            -0.023107889479957025,
            0.01002429195478198,
            0.4655360760660699
        ],
        "camera_position": [
            0.21281265739810012,
            0.1899649661921606,
            0.3687578928988182
        ]
    },
    {
        "frame": 39,
        "rotation_matrix": [
            [
                -0.5465379055232193,
                0.8348213696258729,
                -0.06610293974003062
            ],
            [
                0.6717576404993496,
                0.3899110490695391,
                -0.6298500188491208
            ],
            [
                -0.5000379888138891,
                -0.38864206492539244,
                -0.7738988015971391
            ]
        ],
        "translation_vector": [
            -0.02443485004516602,
            0.010241286783567064,
            0.46618510450087036
        ],
        "camera_position": [
            0.21287602765874275,
            0.19758468575838378,
            0.3656153529492373
        ]
    },
    {
        "frame": 40,
        "rotation_matrix": [
            [
                -0.5316488905877049,
                0.8450899716506333,
                -0.05632403529927879
            ],
            [
                0.676720366790948,
                0.383854679540771,
                -0.6282556248574115
            ],
            [
                -0.509312283679853,
                -0.3721270277878025,
                -0.7759655101115184
            ]
        ],
        "translation_vector": [
            -0.024695824353639702,
            0.009734693233528394,
            0.46821169340784075
        ],
        "camera_position": [
            0.2187487940198065,
            0.19136771179467624,
            0.3680410328129794
        ]
    },
    {
        "frame": 41,
        "rotation_matrix": [
            [
                -0.5109743557455193,
                0.8588367010992284,
                -0.036121027330992206
            ],
            [
                0.6694578109523934,
                0.37123969635393816,
                -0.6434340115395408
            ],
            [
                -0.5391951846273122,
                -0.35295978339752965,
                -0.7646489025550798
            ]
        ],
        "translation_vector": [
            -0.024683985626896613,
            0.009815544632445246,
            0.459364221579011
        ],
        "camera_position": [
            0.22850299958959894,
            0.1796926891259897,
            0.356676392242292
        ]
    },
    {
        "frame": 42,
        "rotation_matrix": [
            [
                -0.5042707463557623,
                0.8622250898874008,
                -0.04773791719866327
            ],
            [
                0.6794914231564199,
                0.3620691672567359,
                -0.6381201485448311
            ],
            [
                -0.5329187745113375,
                -0.35422282886719497,
                -0.7684554426137251
            ]
        ],
        "translation_vector": [
            -0.023294445444970634,
            0.009156189556627182,
            0.46373077154939524
        ],
        "camera_position": [
            0.22916257481429925,
            0.18103390712064785,
            0.3610871560367335
        ]
    },
    {
        "frame": 43,
        "rotation_matrix": [
            [
                -0.4941162894196953,
                0.8677334937218862,
                -0.05373710453049407
            ],
            [
                0.6809371308990287,
                0.34783780551250243,
                -0.6444637187765082
            ],
            [
                -0.5405309577564555,
                -0.35503161116928217,
                -0.7627442813796984
            ]
        ],
        "translation_vector": [
            -0.02291817943031824,
            0.008500161488902109,
            0.4596166799058575
        ],
        "camera_position": [
            0.23132472283356034,
            0.18010864477526634,
            0.3548164833045592
        ]
    },
    {
        "frame": 44,
        "rotation_matrix": [
            [
                -0.46374929896894806,
                0.885508761588611,
                -0.028474916252968496
            ],
            [
                0.6728074670616606,
                0.33108081684504553,
                -0.6616007897390158
            ],
            [
                -0.5764257974552159,
                -0.3259750387177235,
                -0.7493154036592982
            ]
        ],
        "translation_vector": [
            -0.022759616904350872,
            0.00795543184544908,
            0.44695765569696116
        ],
        "camera_position": [
            0.24173069278032186,
            0.16321698842645643,
            0.33952749800354504
        ]
    },
    {
        "frame": 45,
        "rotation_matrix": [
            [
                -0.47453721674389016,
                0.8750234295411146,
                -0.09564741334227667
            ],
            [
                0.7163902392466521,
                0.32078259157251854,
                -0.6195833713521879
            ],
            [
                -0.5114679413580939,
                -0.36253624190986034,
                -0.7790815222201002
            ]
        ],
        "translation_vector": [
            -0.022832083428146695,
            0.006805881012948036,
            0.4672167892306448
        ],
        "camera_position": [
            0.22325606930612926,
            0.18717841872046737,
            0.3660329483425054
        ]
    },
    {
        "frame": 46,
        "rotation_matrix": [
            [
                -0.4628911024792959,
                0.8788019639528715,
                -0.11592642234658102
            ],
            [
                0.7299318939444801,
                0.3036999025225886,
                -0.612344510394593
            ],
            [
                -0.5029227151840788,
                -0.3680672185353453,
                -0.7820455646517843
            ]
        ],
        "translation_vector": [
            -0.02335863845035235,
            0.006420025086251065,
            0.46981687452176685
        ],
        "camera_position": [
            0.22078289119870745,
            0.19150204657874376,
            0.36864158665003643
        ]
    },
    {
        "frame": 47,
        "rotation_matrix": [
            [
                -0.40849272870619535,
                0.9119970001873657,
                -0.03735187068156892
            ],
            [
                0.6903213570127625,
                0.28191207393924134,
                -0.6663197480334302
            ],
            [
                -0.5971516680427382,
                -0.29797156612086634,
                -0.7447300390995744
            ]
        ],
        "translation_vector": [
            -0.025115285117422954,
            0.007363741832302053,
            0.43563532380992903
        ],
        "camera_position": [
            0.2447976006672209,
            0.15063607664725798,
            0.3283992154545702
        ]
    },
    {
        "frame": 50,
        "rotation_matrix": [
            [
                -0.37006608823793496,
                0.891204873530843,
                -0.2623070028252144
            ],
            [
                0.923476783113267,
                0.32213753557581015,
                -0.20836995758485904
            ],
            [
                -0.1012013902426498,
                -0.3193450822668448,
                -0.9422191873682774
            ]
        ],
        "translation_vector": [
            -0.04311295423530133,
            0.004471170181139244,
            0.5711268946027285
        ],
        "camera_position": [
            0.03771517155689394,
            0.21936870832523644,
            0.5277495462493468
        ]
    },
    {
        "frame": 51,
        "rotation_matrix": [
            [
                -0.3690490608999285,
                0.9057561969421162,
                -0.2083470718532782
            ],
            [
                0.7906637432622967,
                0.18813537016716697,
                -0.5826284644458385
            ],
            [
                -0.48852188870032587,
                -0.37975096338655573,
                -0.7855797668395293
            ]
        ],
        "translation_vector": [
            -0.034556421754891355,
            0.01071955410861638,
            0.4736184893096942
        ],
        "camera_position": [
            0.21014442114664103,
            0.2091400434614282,
            0.37111089046628837
        ]
    },
    {
        "frame": 52,
        "rotation_matrix": [
            [
                -0.3347692896652186,
                0.9340275619987517,
                -0.12458746375022525
            ],
            [
                0.7644857714548023,
                0.19191502259936155,
                -0.6154105372382268
            ],
            [
                -0.5509001978037412,
                -0.30126589174241997,
                -0.7782980370863359
            ]
        ],
        "translation_vector": [
            -0.03596765763031817,
            0.011966512924694285,
            0.46494711809805966
        ],
        "camera_position": [
            0.23495036326781835,
            0.17137093811575382,
            0.36475062827132515
        ]
    },
    {
        "frame": 53,
        "rotation_matrix": [
            [
                -0.3195326129593632,
                0.940127466753746,
                -0.11857173149847161
            ],
            [
                0.7872687854931035,
                0.19374881363394925,
                -0.5853795833505391
            ],
            [
                -0.5273582924763536,
                -0.2803956908916772,
                -0.8020420736381624
            ]
        ],
        "translation_vector": [
            -0.03540936745464444,
            0.012960284885785194,
            0.4723666535762585
        ],
        "camera_position": [
            0.22758879640504742,
            0.16322785328721306,
            0.38224606650800425
        ]
    },
    {
        "frame": 54,
        "rotation_matrix": [
            [
                -0.3030153237387069,
                0.9463367464144389,
                -0.11237649204909705
            ],
            [
                0.771699431884426,
                0.17447135323244423,
                -0.6115878789924585
            ],
            [
                -0.5591616049129097,
                -0.27204137421902186,
                -0.7831550231622378
            ]
        ],
        "translation_vector": [
            -0.03174701428701004,
            0.01585206881940701,
            0.4561093093995693
        ],
        "camera_position": [
            0.23318594914553709,
            0.15135823763343387,
            0.3633316118156289
        ]
    },
    {
        "frame": 55,
        "rotation_matrix": [
            [
                -0.26528181159971354,
                0.9628625952923241,
                -0.050211383383692965
            ],
            [
                0.7189742659187525,
                0.16285140215061578,
                -0.6756888527748326
            ],
            [
                -0.642418528204912,
                -0.2153486554508954,
                -0.7354749426149925
            ]
        ],
        "translation_vector": [
            -0.02722971697523648,
            0.01757917295131704,
            0.4360544091684609
        ],
        "camera_position": [
            0.26026691013859493,
            0.11725941370994414,
            0.33121790100592097
        ]
    },
    {
        "frame": 56,
        "rotation_matrix": [
            [
