[
    {
        "frame": 2,
        "rotation_matrix": [
            [
                -0.6843671717557879,
                0.7240807420628838,
                0.08572428592089645
            ],
            [
                0.48142589015845594,
                0.5370298390399308,
                -0.6926962279858928
            ],
            [
                -0.5476044982540978,
                -0.4327886677749424,
                -0.7161168078864427
            ]
        ],
        "translation_vector": [
            -0.028180287706971084,
            0.0010426514355692587,
            0.3946298632567976
        ],
        "camera_position": [
            0.19631346507204378,
            0.19063620148490779,
            0.2857390537293697
        ]
    },
    {
        "frame": 3,
        "rotation_matrix": [
            [
                -0.6549727269753356,
                0.7490997699636287,
                0.09929884973619169
            ],
            [
                0.4701093757677114,
                0.5068224944465046,
                -0.7225843438231383
            ],
            [
                -0.5916146564561979,
                -0.4265917178795915,
                -0.6841137365254069
            ]
        ],
        "translation_vector": [
            -0.02949303872050621,
            0.0035684188025563415,
            0.3794311037865662
        ],
        "camera_position": [
            0.20348231898217872,
            0.18214683998357903,
            0.26508113854448984
        ]
    },
    {
        "frame": 4,
        "rotation_matrix": [
            [
                -0.6852167787610767,
                0.7156898578844646,
                0.13515174222187654
            ],
            [
                0.41292668675735816,
                0.5345895436210645,
                -0.7373639340343499
            ],
            [
                -0.5999745973521582,
                -0.4494463785284482,
                -0.6618371668014562
            ]
        ],
        "translation_vector": [
            -0.03217969396268345,
            -0.0023066151071596003,
            0.4342482868713667
        ],
        "camera_position": [
            0.2394403377617094,
            0.21943509283288282,
            0.2900499827848365
        ]
    },
    {
        "frame": 5,
        "rotation_matrix": [
            [
                -0.5593471018950971,
                0.8112721033907013,
                0.17020103954319193
            ],
            [
                0.4343159463622858,
                0.46170941472872407,
                -0.7734300712322295
            ],
            [
                -0.7060456630678982,
                -0.3586948433012198,
                -0.6106042343876477
            ]
        ],
        "translation_vector": [
            -0.03760952073317312,
            0.009301691600333627,
            0.3430748640078386
        ],
        "camera_position": [
            0.21714987042441042,
            0.14927606099381938,
            0.22307835219768618
        ]
    },
    {
        "frame": 6,
        "rotation_matrix": [
            [
                -0.6461842726447851,
                0.7573243196482657,
                0.0943703377964801
            ],
            [
                0.5296150455811022,
                0.5340154181421028,
                -0.6590413011948817
            ],
            [
                -0.5495032204461202,
                -0.3758821731019005,
                -0.7461627186234486
            ]
        ],
        "translation_vector": [
            -0.044739973618844575,
            0.008822243164404452,
            0.38562124826965466
        ],
        "camera_position": [
            0.1783174577699445,
            0.17411960900344736,
            0.2977725480057961
        ]
    },
    {
        "frame": 7,
        "rotation_matrix": [
            [
                -0.6893798864432458,
                0.721815695420006,
                0.0611348837639423
            ],
            [
                0.47234204926893353,
                0.5118893595151027,
                -0.7175390387342296
            ],
            [
                -0.5492252367289053,
                -0.4657804047623203,
                -0.6938301333031933
            ]
        ],
        "translation_vector": [
            -0.03844120539395967,
            0.010487982712247487,
            0.3911831497547084
        ],
        "camera_position": [
            0.18339314897215903,
            0.2045842244799939,
            0.28129029259738525
        ]
    },
    {
        "frame": 8,
        "rotation_matrix": [
            [
                -0.6565010104939177,
                0.7359431900982296,
                0.1655114623477969
            ],
            [
                0.4449009966443431,
                0.5549583695579778,
                -0.7029113110787317
            ],
            [
                -0.6091547639191007,
                -0.3878257714561944,
                -0.6917525891451889
            ]
        ],
        "translation_vector": [
            -0.0381827937576645,
            0.007111145618962849,
            0.3736555987988085
        ],
        "camera_position": [
            0.19938328961479118,
            0.16906724812956359,
            0.26979542263932405
        ]
    },
    {
        "frame": 9,
        "rotation_matrix": [
            [
                -0.6604733360594341,
                0.7383180481475529,
                0.13660685244199697
            ],
            [
                0.4658592113136301,
                0.545630680912452,
                -0.696607748507908
            ],
            [
                -0.5888549631180536,
                -0.3964512830432031,
                -0.7043267796872654
            ]
        ],
        "translation_vector": [
            -0.03808805062648905,
            0.00508476626914462,
            0.3649154577130728
        ],
        "camera_position": [
            0.18735735132770345,
            0.17001789212722598,
            0.26576490548332693
        ]
    },
    {
        "frame": 10,
        "rotation_matrix": [
            [
                -0.6564818580274923,
                0.7417188163686026,
                0.13742185970772883
            ],
            [
                0.46550132370083147,
                0.5416841934595672,
                -0.6999191040319102
            ],
            [
                -0.5935824186358161,
                -0.39551413628442833,
                -0.7008769366198588
            ]
        ],
        "translation_vector": [
            -0.03837642544855908,
            0.004749402040384901,
            0.36429457446408436
        ],
        "camera_position": [
            0.1888345745867864,
            0.16997549481876773,
            0.26392362235249206
        ]
    },
    {
        "frame": 11,
        "rotation_matrix": [
            [
                -0.7323871081967025,
                0.6775484594007627,
                0.06735880722611451
            ],
            [
                0.510650274803586,
                0.6120158781494968,
                -0.6038814964344604
            ],
            [
                -0.45038363712538876,
                -0.4078782294466746,
                -0.7942228461541208
            ]
        ],
        "translation_vector": [
            -0.042616802815432314,
            0.0024476856240635684,
            0.40275516281173307
        ],
        "camera_position": [
            0.14893242678703206,
            0.19165198933369396,
            0.3242260807744996
        ]
    },
    {
        "frame": 12,
        "rotation_matrix": [
            [
                -0.6517425494264996,
                0.7472127909886018,
                0.13001805355438445
            ],
            [
                0.47555195103188785,
                0.5361457363510144,
                -0.697422462545044
            ],
            [
                -0.590831609798267,
                -0.39270955472925834,
                -0.70476748966417
            ]
        ],
        "translation_vector": [
            -0.03845560332686977,
            0.004303942924437929,
            0.361345447624088
        ],
        "camera_position": [
            0.18638441110618065,
            0.16833078788248557,
            0.2626661131894383
        ]
    },
    {
        "frame": 13,
        "rotation_matrix": [
            [
                -0.6499602609025563,
                0.7512133969049385,
                0.11502213507853362
            ],
            [
                0.47395908933952835,
                0.518993340506651,
                -0.7113428808543691
            ],
            [
                -0.5940660240073707,
                -0.407828818035572,
                -0.6933694644991099
            ]
        ],
        "translation_vector": [
            -0.0389089360419254,
            0.006070014516347618,
            0.35753384221656204
        ],
        "camera_position": [
            0.1842325073199751,
            0.17189122118214586,
            0.2566962992280698
        ]
    },
    {
        "frame": 14,
        "rotation_matrix": [
            [
                -0.651249313557597,
                0.749214497602501,
                0.12063153888179765
            ],
            [
                0.4748887992557953,
                0.5263528243740077,
                -0.7052895381436571
            ],
            [
                -0.5919078981836173,
                -0.40203276092345563,
                -0.6985804887141609
            ]
        ],
        "translation_vector": [
            -0.04023145878037189,
            0.00594167144744751,
            0.36206350360411116
        ],
        "camera_position": [
            0.18528590429391725,
            0.172575966613666,
            0.2619742807884288
        ]
    },
    {
        "frame": 15,
        "rotation_matrix": [
            [
                -0.6521752941116327,
                0.7486757684551544,
                0.11896209261142596
            ],
            [
                0.4728045258194422,
                0.5243850949076566,
                -0.7081498094353625
            ],
            [
                -0.5925565509848472,
                -0.4055919944559704,
                -0.6959682951961031
            ]
        ],
        "translation_vector": [
            -0.040822885318410725,
            0.005849905256978138,
            0.36179147433963715
        ],
        "camera_position": [
            0.18499236929028404,
            0.17423522756751597,
            0.26079438076950034
        ]
    },
    {
        "frame": 16,
        "rotation_matrix": [
            [
                -0.6491706861615365,
                0.7489724211713538,
                0.1327318068636151
            ],
            [
                0.4656258558345148,
                0.5292757652994045,
                -0.7092670347937402
            ],
            [
                -0.6014731769638072,
                -0.39863200648147834,
                -0.6923312363324474
            ]
        ],
        "translation_vector": [
            -0.041279650428266285,
            0.004972535302873337,
            0.36288274244796015
        ],
        "camera_position": [
            0.18915135596641988,
            0.17294215303799101,
            0.26024103568042367
        ]
    },
    {
        "frame": 17,
        "rotation_matrix": [
            [
                -0.650262560318682,
                0.7479181665839076,
                0.13333048691712976
            ],
            [
                0.4639170255012664,
                0.5299000823248854,
                -0.7099203449698684
            ],
            [
                -0.6016141588242833,
                -0.39978033824319825,
                -0.6915461554056274
            ]
        ],
        "translation_vector": [
            -0.0416179150531475,
            0.004258872147037239,
            0.3624531411666594
        ],
        "camera_position": [
            0.18901860634017018,
            0.17377165739518546,
            0.25922547315081557
        ]
    },
    {
        "frame": 18,
        "rotation_matrix": [
            [
                -0.6478103688084533,
                0.7497782919442206,
                0.13481186518056473
            ],
            [
                0.4631141296875185,
                0.5281106788700848,
                -0.7117755360695888
            ],
            [
                -0.6048694313221886,
                -0.39866229291542643,
                -0.6893484947828541
            ]
        ],
        "translation_vector": [
            -0.04179459659397926,
            0.0036550274645868065,
            0.3627358302042529
        ],
        "camera_position": [
            0.19064014743883606,
            0.17401552000292803,
            0.2582873652093696
        ]
    },
    {
        "frame": 19,
        "rotation_matrix": [
            [
                -0.6440134889649554,
                0.7499538790791185,
                0.15104901616815658
            ],
            [
                0.46414871264613805,
                0.5399962717015062,
                -0.7021182230204578
            ],
            [
                -0.6081221905013152,
                -0.382064400072364,
                -0.6958550104851057
            ]
        ],
        "translation_vector": [
            -0.03954180946167406,
            0.003122998956053903,
            0.36540695811399526
        ],
        "camera_position": [
            0.1952970851762573,
            0.1675771158328841,
            0.26243572856395864
        ]
    },
    {
        "frame": 20,
        "rotation_matrix": [
            [
                -0.6757283897596918,
                0.7316672961119666,
                0.08974469941438387
            ],
            [
                0.4729495797810932,
                0.5237009802217251,
                -0.7085590859622735
            ],
            [
                -0.5654288976145998,
                -0.43634877233127284,
                -0.6999213603165213
            ]
        ],
        "translation_vector": [
            -0.03864230437089253,
            0.0037805230339515877,
            0.3780613493692372
        ],
        "camera_position": [
            0.1858671131151286,
            0.1912600523991264,
            0.27075987986945704
        ]
    },
    {
        "frame": 21,
        "rotation_matrix": [
            [
                -0.6297959272489263,
                0.749626430881339,
                0.20351241766725284
            ],
            [
                0.4181233548154193,
                0.5479750316804156,
                -0.7244972220876671
            ],
            [
                -0.6546219902955935,
                -0.371192104952345,
                -0.6585487613248415
            ]
        ],
        "translation_vector": [
            -0.03489928073695753,
            0.0021112559864701662,
            0.36375570730990114
        ],
        "camera_position": [
            0.21526029479259906,
            0.1600277543778912,
            0.248182906568717
        ]
    },
    {
        "frame": 22,
        "rotation_matrix": [
            [
                -0.6454780914511891,
                0.7493527238946968,
                0.14774480920874572
            ],
            [
                0.46339494565837425,
                0.5379923307485637,
                -0.7041515294267275
            ],
            [
                -0.6071434408727503,
                -0.38605018747220615,
                -0.694508527635098
            ]
        ],
        "translation_vector": [
            -0.03134690945937719,
            0.0036785723941348794,
            0.3748634154113265
        ],
        "camera_position": [
            0.2056574887447314,
            0.16622694004893085,
            0.26756745423638095
        ]
    },
    {
        "frame": 23,
        "rotation_matrix": [
            [
                -0.6616653039411965,
                0.7401999346010047,
                0.11959549480257342
            ],
            [
                0.46804198147997245,
                0.5323502584921166,
                -0.7053650869271016
            ],
            [
                -0.5857778837859153,
                -0.41073989226765495,
                -0.6986823396703611
            ]
        ],
        "translation_vector": [
            -0.02769177342046177,
            0.0038122415357029122,
            0.38588280939313757
        ],
        "camera_position": [
            0.20593464071650464,
            0.1769654646659232,
            0.2756103375317684
        ]
    },
    {
        "frame": 24,
        "rotation_matrix": [
            [
                -0.7165513321591476,
                0.6882764483229012,
                0.11326834979359199
            ],
            [
                0.4944212262008328,
                0.6157047332772722,
                -0.613559559050324
            ],
            [
                -0.4920384532361427,
                -0.3836446430017962,
                -0.781482532391485
            ]
        ],
        "translation_vector": [
            -0.026715932898680128,
            0.0010923649174831914,
            0.42032602291911425
        ],
        "camera_position": [
            0.18713314046163598,
            0.17897120016614448,
            0.33217374539059363
        ]
    },
    {
        "frame": 25,
        "rotation_matrix": [
            [
                -0.7342647488504155,
                0.6750133388079117,
                0.07219605963646192
            ],
            [
                0.5069301639505371,
                0.6159257054142182,
                -0.6030400768498547
            ],
            [
                -0.45152750466911495,
                -0.4061927102267994,
                -0.7944371559071803
            ]
        ],
        "translation_vector": [
            -0.018207624908697796,
            0.0012626805811854485,
            0.4456732148670854
        ],
        "camera_position": [
            0.1872244066020123,
            0.19254188327605487,
            0.3561353270514786
        ]
    },
    {
        "frame": 26,
        "rotation_matrix": [
            [
                -0.665291224803806,
                0.7340408210873801,
                0.13627787486021464
            ],
            [
                0.4656463288737504,
                0.5506533193533869,
                -0.6927874264819587
            ],
            [
                -0.5835761155200327,
                -0.3974481033574835,
                -0.7081482348577085
            ]
        ],
        "translation_vector": [
            -0.013704919840471378,
            0.006038456958602233,
            0.4019049336588957
        ],
        "camera_position": [
            0.22261257177165433,
            0.1664712278573528,
            0.2906593137584126
        ]
    },
    {
        "frame": 27,
        "rotation_matrix": [
            [
                -0.6739747419500155,
                0.7289683524904998,
                0.11984651968537322
            ],
            [
                0.4737953031785819,
                0.5509933693984892,
                -0.6869674792628951
            ],
            [
                -0.5668121892649503,
                -0.40621601143503316,
                -0.7167373955323437
            ]
        ],
        "translation_vector": [
            -0.011154047400794884,
            0.00825495479815765,
            0.41015283616842385
        ],
        "camera_position": [
            0.22105092197188522,
            0.17019317138599302,
            0.30097953481607065
        ]
    },
    {
        "frame": 28,
        "rotation_matrix": [
            [
                -0.6715138025208727,
                0.7257536312935451,
                0.1495021059657408
            ],
            [
                0.467631762858854,
                0.5715766406592803,
                -0.6742556475241215
            ],
            [
                -0.5747953961101977,
                -0.38286004037622545,
                -0.723207053404235
            ]
        ],
        "translation_vector": [
            -0.009059370746638432,
            0.011380197451778866,
            0.43615842221155027
        ],
        "camera_position": [
            0.23929661876730815,
            0.1670578473254252,
            0.3244604047522039
        ]
    },
    {
        "frame": 29,
        "rotation_matrix": [
            [
                -0.6788862757251695,
                0.7196630859496008,
                0.14559693456081702
            ],
            [
                0.46696841975856807,
                0.576212805702501,
                -0.6707602384553205
            ],
            [
                -0.5666162013040177,
                -0.38738074973590286,
                -0.7272428996929807
            ]
        ],
        "translation_vector": [
            -0.007739864717938683,
            0.011599251515545738,
            0.44059358276285426
        ],
        "camera_position": [
            0.23897649010044122,
            0.16956393008742462,
            0.3293257720038954
        ]
    },
    {
        "frame": 30,
        "rotation_matrix": [
            [
                -0.7287957638794385,
                0.6815971717427507,
                0.06543722200452118
            ],
            [
                0.48025694178865885,
                0.5769418825080552,
                -0.6606749080083685
            ],
            [
                -0.48806762278929194,
                -0.4500703941388997,
                -0.7478145732094721
            ]
        ],
        "translation_vector": [
            -0.004765012563892108,
            0.009604418784589262,
            0.49709967118809706
        ],
        "camera_position": [
            0.23453294504157196,
            0.22143647257083518,
            0.3783955861340758
        ]
    },
    {
        "frame": 31,
        "rotation_matrix": [
            [
                -0.6665978713879945,
                0.7353190338691274,
                0.12228326251277352
            ],
            [
                0.443707373342746,
                0.523233294347566,
                -0.7275649019348548
            ],
            [
                -0.5989749950559504,
                -0.430735229713065,
                -0.6750526773384113
            ]
        ],
        "translation_vector": [
            -0.006873808512148735,
            0.012420722901442275,
            0.43154716273125493
        ],
        "camera_position": [
            0.24839272720721878,
            0.18443807274332322,
            0.30119450137003023
        ]
    },
    {
        "frame": 32,
        "rotation_matrix": [
            [
                -0.6886584304407751,
                0.709281633908682,
                0.15056271112954336
            ],
            [
                0.4549150877897532,
                0.5843391736433764,
                -0.6720118994831984
            ],
            [
                -0.564625388274464,
                -0.39429341098426385,
                -0.7250730149235353
            ]
        ],
        "translation_vector": [
            -0.008744488270189588,
            0.011064932877148704,
            0.4501292340607454
        ],
        "camera_position": [
            0.24309882307688307,
            0.17721962227566826,
            0.3351289212674734
        ]
    },
    {
        "frame": 33,
        "rotation_matrix": [
            [
                -0.6939866545182151,
                0.7057327690212591,
                0.14256150279862329
            ],
            [
                0.4587384740408367,
                0.5860283483698202,
                -0.6679294778205452
            ],
            [
                -0.5549248019194135,
                -0.39813569751596967,
                -0.7304426264794326
            ]
        ],
        "translation_vector": [
            -0.009773751752242592,
            0.012328599638239134,
            0.45657179081077526
        ],
        "camera_position": [
            0.24092455431192475,
            0.18145027640468991,
            0.34312749391264874
        ]
    },
    {
        "frame": 34,
        "rotation_matrix": [
            [
                -0.6873798717588304,
                0.707931571211759,
                0.16230157849652568
            ],
            [
                0.44627653653846433,
                0.5879851222922845,
                -0.6746189657118746
            ],
            [
                -0.5730149778461697,
                -0.39128811181094797,
                -0.720102387663988
            ]
        ],
        "translation_vector": [
            -0.01023968120606835,
            0.012161466950733961,
            0.45965588666133333
        ],
        "camera_position": [
            0.2509237796078263,
            0.17995611594713884,
            0.340865574167523
        ]
    },
    {
        "frame": 35,
        "rotation_matrix": [
            [
                -0.7457640068551206,
                0.6637495416629594,
                0.05720657323775824
            ],
            [
                0.47148683598763397,
                0.5865048823369451,
                -0.6585682853624943
            ],
            [
                -0.470676332068828,
                -0.4641643770660748,
                -0.7503434023786023
            ]
        ],
        "translation_vector": [
            -0.009193130329419649,
            0.010857318475323653,
            0.5158046116826904
        ],
        "camera_position": [
            0.23080203424574508,
            0.2391521920172403,
            0.3947067803879663
        ]
    },
    {
        "frame": 36,
        "rotation_matrix": [
            [
                -0.7012873364709249,
                0.7039648065126172,
                0.1123815950107914
            ],
            [
                0.44558086227255345,
                0.555910528196894,
                -0.7017272830781902
            ],
            [
                -0.5564654228988211,
                -0.4420373692704094,
                -0.7035262591307677
            ]
        ],
        "translation_vector": [
            -0.008279381674736191,
            0.012093969053324941,
            0.4655635856997845
        ],
        "camera_position": [
            0.24787497092134209,
            0.20490173124510053,
            0.3369533259986074
        ]
    },
    {
        "frame": 37,
        "rotation_matrix": [
            [
                -0.7010030814784256,
                0.7036196677676121,
                0.11624991564877346
            ],
            [
                0.45028202978571596,
                0.5630936823499243,
                -0.692944152547417
            ],
            [
                -0.553028727472459,
                -0.4334107382474476,
                -0.7115576986878823
            ]
        ],
        "translation_vector": [
            -0.006775038631461134,
            0.010965858067359897,
            0.46316581173753446
        ],
        "camera_position": [
            0.2464569476872547,
            0.19933328142784823,
            0.3379555240057315
        ]
    },
    {
        "frame": 38,
        "rotation_matrix": [
            [
                -0.6931805568940377,
                0.7056011816934848,
                0.14706355067395108
            ],
            [
                0.4434430188923397,
                0.5783524175189866,
                -0.6847384684283425
            ],
            [
                -0.568206832535231,
                -0.4094330879920455,
                -0.7137965690009851
            ]
        ],
        "translation_vector": [
            -0.004828724547754701,
            0.009798866287918557,
            0.46114944518903167
        ],
        "camera_position": [
            0.25433584875670134,
            0.1865497971099688,
            0.3365866818441814
        ]
    },
    {
        "frame": 39,
        "rotation_matrix": [
            [
                -0.6962645161234765,
                0.703485579313835,
                0.1425614368783472
            ],
            [
                0.44597157814613,
                0.5796072570895026,
                -0.6820298959833311
            ],
            [
                -0.5624278398809854,
                -0.41129486652116265,
                -0.7172945404087135
            ]
        ],
        "translation_vector": [
            -0.003045983901119771,
            0.009594224151199397,
            0.46388686665127193
        ],
        "camera_position": [
            0.2545033265670024,
            0.18737621070533658,
            0.3397213043577975
        ]
    },
    {
        "frame": 40,
        "rotation_matrix": [
            [
                -0.7660553720199548,
                0.6421013825399786,
                0.02941056850209664
            ],
            [
                0.4926418678182815,
                0.6159031826132508,
                -0.6147904193457989
            ],
            [
                -0.4128718409771771,
                -0.4564746260057797,
                -0.7881419661082641
            ]
        ],
        "translation_vector": [
            -0.0005561996019143895,
            0.008221461354689498,
            0.5234556791681998
        ],
        "camera_position": [
            0.21164379415720128,
            0.2342377476981777,
            0.41762822197053945
        ]
    },
    {
        "frame": 41,
        "rotation_matrix": [
            [
                -0.7722140959204321,
                0.6353553532431605,
                0.0029941888799010496
            ],
            [
                0.47292312948382864,
                0.5779274660899006,
                -0.6650891350323875
            ],
            [
                -0.42429836631904627,
                -0.5121751839401889,
                -0.7467579777242572
            ]
        ],
        "translation_vector": [
            0.003096423826331428,
            0.007776739299651284,
            0.4857698677476792
        ],
        "camera_position": [
            0.2048246635312255,
            0.2423375506744103,
            0.367915477615026
        ]
    },
    {
        "frame": 42,
        "rotation_matrix": [
            [
                -0.7664541008267749,
                0.6420174428487776,
                0.01901879080637761
            ],
            [
                0.46246076534177993,
                0.5721600997975823,
                -0.6773203530967575
            ],
            [
                -0.44573327433041765,
                -0.5103395176522563,
                -0.7354423328019316
            ]
        ],
        "translation_vector": [
            0.004130143469285498,
            0.007332584531813359,
            0.4857731886442883
        ],
        "camera_position": [
            0.21629980670086738,
            0.2410622183348788,
            0.36214612547874514
        ]
    },
    {
        "frame": 43,
        "rotation_matrix": [
            [
                -0.6774810991377506,
                0.7133553678891692,
                0.1792860268253309
            ],
            [
                0.47228991288515,
                0.6087517473354949,
                -0.6374665075930801
            ],
            [
                -0.5638808371438443,
                -0.3471965282368029,
                -0.7493283474434076
            ]
        ],
        "translation_vector": [
            -0.0018395475805767204,
            0.0062230855539262605,
            0.45954705605711915
        ],
        "camera_position": [
            0.2549444194255315,
            0.15707707936079626,
            0.34864844987915616
        ]
    },
    {
        "frame": 44,
        "rotation_matrix": [
            [
                -0.7058284543683944,
                0.6978125919803351,
                0.12191710084155497
            ],
            [
                0.46016920046010745,
                0.5825156763041106,
                -0.6700147713355808
            ],
            [
                -0.5385633667005479,
                -0.4168129956391137,
                -0.7322680019736759
            ]
        ],
        "translation_vector": [
            0.0005978312175807643,
            0.007624993780529535,
            0.4713107135222409
        ],
        "camera_position": [
            0.2507438636293542,
            0.1915895778196268,
            0.3501617271151756
        ]
    },
    {
        "frame": 45,
        "rotation_matrix": [
            [
                -0.7680374430799439,
                0.6403857974841747,
                0.0049514046268979706
            ],
            [
                0.49683006940459284,
                0.6007088042546376,
                -0.6263456031827725
            ],
            [
                -0.404077180947711,
                -0.4785968688484299,
                -0.7795297742651204
            ]
        ],
        "translation_vector": [
            0.002069032468637108,
            0.00779760815323361,
            0.5271850447599977
        ],
        "camera_position": [
            0.2107384549313133,
            0.2463000408486303,
            0.41583019190289
        ]
    },
    {
        "frame": 46,
        "rotation_matrix": [
            [
                -0.758245972075583,
                0.6516948844326036,
                0.01888977065846803
            ],
            [
                0.4942982309303356,
                0.5935250054906855,
                -0.6351356758649455
            ],
            [
                -0.4251262221156144,
                -0.4722518877269374,
                -0.7721695732208368
            ]
        ],
        "translation_vector": [
            0.0031027275034568626,
            0.007903189222304144,
            0.5218739405276824
        ],
        "camera_position": [
            0.22030839493777413,
            0.23974318150134033,
            0.40793616554957757
        ]
    },
    {
        "frame": 47,
        "rotation_matrix": [
            [
                -0.6743838671589251,
                0.724438161920494,
                0.1428136872608134
            ],
            [
                0.42570260290489265,
                0.5394980107125517,
                -0.7264428334818915
            ],
            [
                -0.6033106112076703,
                -0.42910516891603145,
                -0.6722239659620679
            ]
        ],
        "translation_vector": [
            0.0012068777936280535,
            0.009936493136990063,
            0.45485981410142506
        ],
        "camera_position": [
            0.27100566038082985,
            0.18894767075176305,
            0.3128136037535561
        ]
    },
    {
        "frame": 48,
        "rotation_matrix": [
            [
                -0.7051982569700315,
                0.6978559598807677,
                0.12526961972210832
            ],
            [
                0.4588662283620341,
                0.5839087391793177,
                -0.6696957285057297
            ],
            [
                -0.5404971811538251,
                -0.4147862625122858,
                -0.7319939573492791
            ]
        ],
        "translation_vector": [
            0.0019399012323085068,
            0.008075162475698141,
            0.47348772509189363
        ],
        "camera_position": [
            0.2535813763421895,
            0.19032727425991164,
            0.35175504477361785
        ]
    },
    {
        "frame": 49,
        "rotation_matrix": [
            [
                -0.7712116447620233,
                0.6365718054595157,
                0.002989226901257108
            ],
            [
                0.46850812517697493,
                0.5707677461155161,
                -0.6743324970942521
            ],
            [
                -0.4309672094563701,
                -0.5186525971093039,
                -0.7384217953752199
            ]
        ],
        "translation_vector": [
            0.006060575211720121,
            0.007937600536605516,
            0.48537963951058144
        ],
        "camera_position": [
            0.21013786459824,
            0.24335489294364923,
            0.3637493704023064
        ]
    },
    {
        "frame": 50,
        "rotation_matrix": [
            [
                -0.6601688240155148,
                0.7342079537581625,
                0.15847966568687608
            ],
            [
                0.41468590863236554,
                0.5321903876879409,
                -0.7381117723179251
            ],
            [
                -0.6262688887209084,
                -0.4215590965580163,
                -0.6558011948216224
            ]
        ],
        "translation_vector": [
            0.0010490420421986498,
            0.008642890615278346,
            0.4487802929705436
        ],
        "camera_position": [
            0.27816559526184026,
            0.18381753653920582,
            0.30052381982033416
        ]
    },
    {
        "frame": 51,
        "rotation_matrix": [
            [
                -0.6252516984655438,
                0.744754174146821,
                0.23324136352036595
            ],
            [
                0.4010819745466302,
                0.5630247949684581,
                -0.7225900151154199
            ],
            [
                -0.6694726008282409,
                -0.35825172761846263,
                -0.6507396840508944
            ]
        ],
        "translation_vector": [
            -0.0016689386497206378,
            0.0070533158754487015,
            0.42943774543970137
        ],
        "camera_position": [
            0.2836243397495342,
            0.15111857150950272,
            0.2849381039383067
        ]
    },
    {
        "frame": 52,
        "rotation_matrix": [
            [
                -0.6274183330374197,
                0.7446296100220747,
                0.22775640330607239
            ],
            [
                0.4013709151669026,
                0.5598994577315314,
                -0.7248544582811226
            ],
            [
                -0.6672687792985886,
                -0.3633721798794033,
                -0.6501638524734068
            ]
        ],
        "translation_vector": [
            -0.0017740239337262534,
            0.007051703411546718,
            0.4294548275421261
        ],
        "camera_position": [
            0.28261839474687533,
            0.15342468267744738,
            0.2847315091049515
        ]
    },
    {
        "frame": 53,
        "rotation_matrix": [
            [
                -0.7533249272410625,
                0.6564623378658435,
                0.03948104559100332
            ],
            [
                0.48166966004109063,
                0.591623688637812,
                -0.6465104404713736
            ],
            [
                -0.44776767703034126,
                -0.4680156087207995,
                -0.7618828633067891
            ]
        ],
        "translation_vector": [
            0.0021902329384158384,
            0.0053800290386004064,
            0.5285922869397737
        ],
        "camera_position": [
            0.23574510073011729,
            0.24276868287721914,
            0.4061171773525565
        ]
    },
    {
        "frame": 54,
        "rotation_matrix": [
            [
                -0.7676075997829664,
                0.6404362615327962,
