[
    {
        "frame": 2,
        "rotation_matrix": [
            [
                -0.5173457702523481,
                0.7759437063037938,
                0.36092203957300295
            ],
            [
                0.5101864439910041,
                0.6182574592055049,
                -0.5978858641116773
            ],
            [
                -0.687068516503135,
                -0.12517619096411556,
                -0.7157288417032645
            ]
        ],
        "translation_vector": [
            -0.021536733253937623,
            0.0312991057435268,
            0.42208237265722554
        ],
        "camera_position": [
            0.2628891923103573,
            0.05019505071266707,
            0.3285829022604638
        ]
    },
    {
        "frame": 3,
        "rotation_matrix": [
            [
                -0.5248775273594981,
                0.7830615204779696,
                0.33364387664051276
            ],
            [
                0.5024302888119243,
                0.6014349932406561,
                -0.6211600065924872
            ],
            [
                -0.6870716019144916,
                -0.1584001390540514,
                -0.7091135380108828
            ]
        ],
        "translation_vector": [
            -0.02003960873090315,
            0.0321908978507477,
            0.4191799074794682
        ],
        "camera_position": [
            0.26131458813809205,
            0.06272966968474168,
            0.32392793832036637
        ]
    },
    {
        "frame": 4,
        "rotation_matrix": [
            [
                -0.5909011753471676,
                0.7749806143154028,
                0.2241447041726765
            ],
            [
                0.5988373728634435,
                0.6075242038586102,
                -0.5218315270161151
            ],
            [
                -0.5405826503277228,
                -0.1741246368590103,
                -0.8230741212086387
            ]
        ],
        "translation_vector": [
            -0.01944102783548389,
            0.031785374784268156,
            0.47416892608018857
        ],
        "camera_position": [
            0.22580549823424292,
            0.07832052724824583,
            0.41122038623134666
        ]
    },
    {
        "frame": 5,
        "rotation_matrix": [
            [
                -0.5254343564165629,
                0.7654688192555094,
                0.3714515094123173
            ],
            [
                0.4942122173784046,
                0.6299538935650576,
                -0.5990929612139881
            ],
            [
                -0.6925843062696649,
                -0.1312081503939481,
                -0.7093034611357582
            ]
        ],
        "translation_vector": [
            -0.019664327431657868,
            0.030679845642748116,
            0.4246871369572762
        ],
        "camera_position": [
            0.2686369783588579,
            0.051447955020206264,
            0.3269164798254012
        ]
    },
    {
        "frame": 6,
        "rotation_matrix": [
            [
                -0.5424412094001199,
                0.7739822437977393,
                0.3266634669355484
            ],
            [
                0.501051963712924,
                0.6101763711993328,
                -0.6137032879897549
            ],
            [
                -0.674317776722487,
                -0.16922258216866423,
                -0.7187901318745352
            ]
        ],
        "translation_vector": [
            -0.017599346141560553,
            0.03182193508584142,
            0.4351042869943126
        ],
        "camera_position": [
            0.2679075017788423,
            0.06783405949863179,
            0.33802695744659594
        ]
    },
    {
        "frame": 7,
        "rotation_matrix": [
            [
                -0.5389630269335315,
                0.7686921541048225,
                0.34442884289259706
            ],
            [
                0.4953752790062985,
                0.619968981021878,
                -0.6084749752620283
            ],
            [
                -0.6812651382157151,
                -0.15732398033479156,
                -0.7149314489260776
            ]
        ],
        "translation_vector": [
            -0.01742869572673635,
            0.030864466586431775,
            0.42953650191450743
        ],
        "camera_position": [
            0.26794532799446213,
            0.0618386819423217,
            0.33187235472531945
        ]
    },
    {
        "frame": 8,
        "rotation_matrix": [
            [
                -0.5380254324155593,
                0.7661862293563642,
                0.35140759243181907
            ],
            [
                0.49418883978708394,
                0.6244401793211088,
                -0.6048568864444857
            ],
            [
                -0.6828660371580552,
                -0.1517666774825702,
                -0.7146053812433512
            ]
        ],
        "translation_vector": [
            -0.01751655169998869,
            0.030677342086797517,
            0.4305061046199865
        ],
        "camera_position": [
            0.2693932472377594,
            0.059601256838704424,
            0.3323528298991687
        ]
    },
    {
        "frame": 9,
        "rotation_matrix": [
            [
                -0.5436046647611097,
                0.7669085341030683,
                0.3410942227154312
            ],
            [
                0.494326852104631,
                0.6209530884950927,
                -0.6083241119475136
            ],
            [
                -0.6783324640161987,
                -0.16207579155533278,
                -0.7166564770190978
            ]
        ],
        "translation_vector": [
            -0.018103281740705673,
            0.03084239851715496,
            0.4332240568710889
        ],
        "camera_position": [
            0.2687826877963856,
            0.06494701058458982,
            0.3354099258593799
        ]
    },
    {
        "frame": 10,
        "rotation_matrix": [
            [
                -0.5439077517133641,
                0.7714826167325559,
                0.3301195688013685
            ],
            [
                0.50629104809448,
                0.6154312910683137,
                -0.6040808725604392
            ],
            [
                -0.6692038047153546,
                -0.16142768676245303,
                -0.7253325924712173
            ]
        ],
        "translation_vector": [
            -0.018428363965232106,
            0.0316806305644251,
            0.43829341456544385
        ],
        "camera_position": [
            0.2672446709440374,
            0.06547260312039122,
            0.3431297251703553
        ]
    },
    {
        "frame": 11,
        "rotation_matrix": [
            [
                -0.551394492586454,
                0.7702378253513512,
                0.32046498395822975
            ],
            [
                0.5088190337356079,
                0.6149178425762557,
                -0.6024775828109505
            ],
            [
                -0.661110659764074,
                -0.1691441375850339,
                -0.7309739778315818
            ]
        ],
        "translation_vector": [
            -0.019629956802406867,
            0.03227058539175136,
            0.4371297650301721
        ],
        "camera_position": [
            0.26174740921394124,
            0.06921391361023523,
            0.34526350124719035
        ]
    },
    {
        "frame": 13,
        "rotation_matrix": [
            [
                -0.5215731945154687,
                0.7640814515997867,
                0.37965897603519405
            ],
            [
                0.5072336319667128,
                0.6354911395076818,
                -0.5821211679788723
            ],
            [
                -0.6860579023411848,
                -0.1110429958547216,
                -0.7190229535326544
            ]
        ],
        "translation_vector": [
            -0.021782298717890437,
            0.03238587055564899,
            0.43917701238164875
        ],
        "camera_position": [
            0.27351259399849653,
            0.044830047805572676,
            0.34290069858709415
        ]
    },
    {
        "frame": 14,
        "rotation_matrix": [
            [
                -0.5971284682096076,
                0.7707439238422156,
                0.22224175195933085
            ],
            [
                0.6077346053221142,
                0.6155258944194427,
                -0.5017833424827085
            ],
            [
                -0.5235420154558961,
                -0.16456511525669754,
                -0.8359557888386969
            ]
        ],
        "translation_vector": [
            -0.021080801319857404,
            0.03327000526858354,
            0.4995685870870085
        ],
        "camera_position": [
            0.22873786482026198,
            0.07798091188931969,
            0.4389966209634723
        ]
    },
    {
        "frame": 15,
        "rotation_matrix": [
            [
                -0.5114381919383438,
                0.7755271409145561,
                0.37011975025892874
            ],
            [
                0.4992087517377508,
                0.6187189249820856,
                -0.6066115017516968
            ],
            [
                -0.6994437775942212,
                -0.12547727114464335,
                -0.703586424265576
            ]
        ],
        "translation_vector": [
            -0.02143702593951719,
            0.033558766059962906,
            0.44059573926096923
        ],
        "camera_position": [
            0.2804554047589155,
            0.05114630281666262,
            0.3382885808968697
        ]
    },
    {
        "frame": 16,
        "rotation_matrix": [
            [
                -0.5231128869925157,
                0.7703037013839273,
                0.3646712424864029
            ],
            [
                0.5049292977725439,
                0.6248231112072115,
                -0.5955186680132429
            ],
            [
                -0.6865852545119808,
                -0.1273902952958445,
                -0.7158019285746275
            ]
        ],
        "translation_vector": [
            -0.02189921697002805,
            0.0337273579127528,
            0.442681904243458
        ],
        "camera_position": [
            0.27545317413416653,
            0.052188793689277826,
            0.3449438467243037
        ]
    },
    {
        "frame": 17,
        "rotation_matrix": [
            [
                -0.5497888323331841,
                0.7626544145830125,
                0.34072053615647585
            ],
            [
                0.49336150824707703,
                0.6256330857272537,
                -0.6042993167492114
            ],
            [
                -0.6740375820545048,
                -0.16413861812637817,
                -0.7202304159209605
            ]
        ],
        "translation_vector": [
            -0.021804476583367843,
            0.033872343479224326,
            0.44814451690911783
        ],
        "camera_position": [
            0.2733670784012267,
            0.06899544327863279,
            0.35066557877943816
        ]
    },
    {
        "frame": 18,
        "rotation_matrix": [
            [
                -0.5582229404859467,
                0.7641868056109558,
                0.32311866991145316
            ],
            [
                0.4719210092627901,
                0.6127558376750948,
                -0.6338934014575973
            ],
            [
                -0.6824058248077993,
                -0.20136734970003534,
                -0.7026901740761506
            ]
        ],
        "translation_vector": [
            -0.022296475860097833,
            0.032956787565996244,
            0.4432215750041949
        ],
        "camera_position": [
            0.27445757969604745,
            0.08609456258029792,
            0.33954294348895586
        ]
    },
    {
        "frame": 19,
        "rotation_matrix": [
            [
                -0.5377647137744319,
                0.7675512433189369,
                0.3488182929530179
            ],
            [
                0.49095719871000804,
                0.6214435703013592,
                -0.6105480472214458
            ],
            [
                -0.6853977981099189,
                -0.1570763438925585,
                -0.7110252319963207
            ]
        ],
        "translation_vector": [
            -0.021540752077190868,
            0.03273961814432605,
            0.4432849468347811
        ],
        "camera_position": [
            0.2761689189095812,
            0.06581738460037427,
            0.3426897004569609
        ]
    },
    {
        "frame": 20,
        "rotation_matrix": [
            [
                -0.5406319101566186,
                0.7671339202808743,
                0.345286382695441
            ],
            [
                0.49065577155032203,
                0.6209349637600221,
                -0.6113073569201478
            ],
            [
                -0.6833549967365159,
                -0.16107550755728184,
                -0.7120959410784478
            ]
        ],
        "translation_vector": [
            -0.021034318962396457,
            0.03162655600430733,
            0.44109794732410407
        ],
        "camera_position": [
            0.27453691007689013,
            0.06754818090737788,
            0.34070046817399763
        ]
    },
    {
        "frame": 21,
        "rotation_matrix": [
            [
                -0.5475861323776566,
                0.7717608585767725,
                0.3233181170248932
            ],
            [
                0.4845175781430261,
                0.6074793528373393,
                -0.629453375832352
            ],
            [
                -0.682196558257293,
                -0.18802662855343255,
                -0.7065789714226807
            ]
        ],
        "translation_vector": [
            -0.020420477689767878,
            0.03106823705038983,
            0.44856332970778395
        ],
        "camera_position": [
            0.279773282314809,
            0.08122826343489162,
            0.34310373321079096
        ]
    },
    {
        "frame": 22,
        "rotation_matrix": [
            [
                -0.5351950574247547,
                0.7678165521820485,
                0.35217040293497903
            ],
            [
                0.4932182631372287,
                0.6224963691474443,
                -0.6076462912798407
            ],
            [
                -0.6857856774649127,
                -0.15151241729152531,
                -0.7118581263078125
            ]
        ],
        "translation_vector": [
            -0.021173364541246138,
            0.03051959378818357,
            0.4380358191139255
        ],
        "camera_position": [
            0.2740139898735522,
            0.06362678925337825,
            0.33782110774888374
        ]
    },
    {
        "frame": 23,
        "rotation_matrix": [
            [
                -0.5481997332684481,
                0.767285778545838,
                0.3327906045634543
            ],
            [
                0.5002081087623411,
                0.6196940515404965,
                -0.6047901540317316
            ],
            [
                -0.670275242249633,
                -0.16508124220101714,
                -0.7235186819291985
            ]
        ],
        "translation_vector": [
            -0.021181558995904477,
            0.030996369036516556,
            0.4400229592600241
        ],
        "camera_position": [
            0.2678201354873928,
            0.06968358018531615,
            0.34416015413026085
        ]
    },
    {
        "frame": 25,
        "rotation_matrix": [
            [
                -0.6544993671361692,
                0.7186527570423584,
                0.23488038064889757
            ],
            [
                0.3447146322801242,
                0.5601373022447915,
                -0.7532715479333505
            ],
            [
                -0.6729059374907705,
                -0.41204904735886005,
                -0.6143396307095311
            ]
        ],
        "translation_vector": [
            -0.023872412494861654,
            0.027134568076871174,
            0.4554494500983581
        ],
        "camera_position": [
            0.2814964776714924,
            0.18962440332967362,
            0.30584750641185254
        ]
    },
    {
        "frame": 26,
        "rotation_matrix": [
            [
                -0.5198226435533717,
                0.7682993571370262,
                0.3734976801427504
            ],
            [
                0.4982764289521801,
                0.6278203159832407,
                -0.597965091948825
            ],
            [
                -0.693905627300894,
                -0.12473070456601987,
                -0.7091806763714146
            ]
        ],
        "translation_vector": [
            -0.021540332173496348,
            0.03216311278592758,
            0.43545973289567597
        ],
        "camera_position": [
            0.27494468572285097,
            0.05067196702335807,
            0.3360973106981738
        ]
    },
    {
        "frame": 27,
        "rotation_matrix": [
            [
                -0.5446665484585519,
                0.7657705844555499,
                0.3419557909625942
            ],
            [
                0.49262962352447703,
                0.6221206567415464,
                -0.6085079641891296
            ],
            [
                -0.6787152606331907,
                -0.16297638000051565,
                -0.716089585558642
            ]
        ],
        "translation_vector": [
            -0.021496560037117363,
            0.03281269072223999,
            0.4379026335574768
        ],
        "camera_position": [
            0.2693382394304525,
            0.06741576665171987,
            0.3408951722006366
        ]
    },
    {
        "frame": 28,
        "rotation_matrix": [
            [
                -0.5227556375551965,
                0.7597534595118081,
                0.38665388161002523
            ],
            [
                0.4893969652010488,
                0.6388367127456878,
                -0.5936145760510668
            ],
            [
                -0.698009422469542,
                -0.1210881299224813,
                -0.7057765304511144
            ]
        ],
        "translation_vector": [
            -0.021995252694203434,
            0.03248113666615955,
            0.43590629537648196
        ],
        "camera_position": [
            0.2768723894305308,
            0.04874390488177964,
            0.3354382587555583
        ]
    },
    {
        "frame": 29,
        "rotation_matrix": [
            [
                -0.5420806115466487,
                0.7718083502702429,
                0.33235595532250917
            ],
            [
                0.4966186475373909,
                0.6132891062813665,
                -0.6142038676487929
            ],
            [
                -0.6778779606266486,
                -0.16789384315611255,
                -0.7157465528571734
            ]
        ],
        "translation_vector": [
            -0.02065623700372842,
            0.034115814686981244,
            0.43602340614124824
        ],
        "camera_position": [
            0.2674307620037958,
            0.06822544406827202,
            0.3399015386221174
        ]
    },
    {
        "frame": 30,
        "rotation_matrix": [
            [
                -0.6564137336751806,
                0.7334435994875502,
                0.17658283215917422
            ],
            [
                0.5957021610330963,
                0.6475483329302568,
                -0.47520531547926104
            ],
            [
                -0.4628822156695027,
                -0.20674052067746918,
                -0.8619735561645154
            ]
        ],
        "translation_vector": [
            -0.017924077539953176,
            0.03589017745499818,
            0.5204984120866379
        ],
        "camera_position": [
            0.207783991308633,
            0.0975137880954295,
            0.4688761547202574
        ]
    },
    {
        "frame": 31,
        "rotation_matrix": [
            [
                -0.5217224346323945,
                0.7610606524368086,
                0.38547682746658885
            ],
            [
                0.4827853493587124,
                0.6359214925367626,
                -0.6020981330102282
            ],
            [
                -0.7033661974006379,
                -0.12802553902357044,
                -0.6992034422912199
            ]
        ],
        "translation_vector": [
            -0.019762997806117087,
            0.03266960884728812,
            0.43194297126518433
        ],
        "camera_position": [
            0.2777308773409331,
            0.04956526530933883,
            0.3293045005707721
        ]
    },
    {
        "frame": 32,
        "rotation_matrix": [
            [
                -0.5379923177667738,
                0.7655566481982137,
                0.3528275562133024
            ],
            [
                0.4791776330704622,
                0.6221034529737566,
                -0.619173715336107
            ],
            [
                -0.6935077951897327,
                -0.16404362894561114,
                -0.701524501221041
            ]
        ],
        "translation_vector": [
            -0.018548539401829475,
            0.03283808832220257,
            0.43508876864230206
        ],
        "camera_position": [
            0.27602320351216825,
            0.06514481004069832,
            0.3321023483881349
        ]
    },
    {
        "frame": 33,
        "rotation_matrix": [
            [
                -0.5389358047176834,
                0.7641072734325001,
                0.35452541951297833
            ],
            [
                0.48425549206945595,
                0.6254261960384715,
                -0.6118322414758932
            ],
            [
                -0.6892349503571853,
                -0.1580574199346468,
                -0.7070877139434193
            ]
        ],
        "translation_vector": [
            -0.017934590266671747,
            0.03259944283594171,
            0.43385534352287597
        ],
        "camera_position": [
            0.2735762140858293,
            0.061889461565024624,
            0.33307744135299183
        ]
    },
    {
        "frame": 34,
        "rotation_matrix": [
            [
                -0.5269513754211363,
                0.7647253336249208,
                0.3708334020204035
            ],
            [
                0.5039770790283481,
                0.6324981953127033,
                -0.588177810479304
            ],
            [
                -0.6843459298891365,
                -0.12304957146787365,
                -0.7186998338706819
            ]
        ],
        "translation_vector": [
            -0.01778498869044021,
            0.03214615373427363,
            0.4384542820733176
        ],
        "camera_position": [
            0.274481654466066,
            0.047219858704015474,
            0.340619941865709
        ]
    },
    {
        "frame": 35,
        "rotation_matrix": [
            [
                -0.5122254314383559,
                0.772565814254502,
                0.3751895121576142
            ],
            [
                0.5015510623657995,
                0.6236982600747819,
                -0.5995389997484967
            ],
            [
                -0.697188381449037,
                -0.11892242439913661,
                -0.7069553152410014
            ]
        ],
        "translation_vector": [
            -0.01734324053988892,
            0.03285391356156369,
            0.43105961116395936
        ],
        "camera_position": [
            0.27516818849769187,
            0.044170520044683595,
            0.33094408772999695
        ]
    },
    {
        "frame": 37,
        "rotation_matrix": [
            [
                -0.5456808802410213,
                0.7982493453873971,
                0.25501050866185115
            ],
            [
                0.5675510178793468,
                0.5759385488225642,
                -0.5883711669382485
            ],
            [
                -0.6165372811464863,
                -0.17633142252233677,
                -0.7673258827823728
            ]
        ],
        "translation_vector": [
            -0.010917180620572594,
            0.034615398956340214,
            0.4704876586618741
        ],
        "camera_position": [
            0.2644698802416131,
            0.07174004777307123,
            0.38416805648211466
        ]
    },
    {
        "frame": 38,
        "rotation_matrix": [
            [
                -0.5180439814098655,
                0.7729808803243625,
                0.36623898205678274
            ],
            [
                0.5055529752129164,
                0.6220810122558543,
                -0.5978556710813234
            ],
            [
                -0.689961319624791,
                -0.12456232513767929,
                -0.7130481081791831
            ]
        ],
        "translation_vector": [
            -0.00991017011682049,
            0.03383262421661264,
            0.4329052569420192
        ],
        "camera_position": [
            0.27644979453648894,
            0.04053742427014416,
            0.332538791354389
        ]
    },
    {
        "frame": 39,
        "rotation_matrix": [
            [
                -0.5154804520428304,
                0.7816817246799976,
                0.35107489922098334
            ],
            [
                0.5030991863235688,
                0.6077355221079047,
                -0.614449952305959
            ],
            [
                -0.6936649856251087,
                -0.14011144303566578,
                -0.7065392213091791
            ]
        ],
        "translation_vector": [
            -0.007047299255913011,
            0.033637070058615735,
            0.42974915674011066
        ],
        "camera_position": [
            0.2775464150496138,
            0.04527907719666256,
            0.32677706053071254
        ]
    },
    {
        "frame": 40,
        "rotation_matrix": [
            [
                -0.5220175678307015,
                0.8005422752511883,
                0.2943292788897658
            ],
            [
                0.5065622002510527,
                0.5686126206125134,
                -0.6481314873981839
            ],
            [
                -0.6862159981761801,
                -0.18923993557338947,
                -0.7023502335952114
            ]
        ],
        "translation_vector": [
            -0.0034342531757001957,
            0.03417953666921508,
            0.43120043153272536
        ],
        "camera_position": [
            0.2767898327494157,
            0.06491469081673046,
            0.32601735901409346
        ]
    },
    {
        "frame": 41,
        "rotation_matrix": [
            [
                -0.5110279532897865,
                0.7955895512843906,
                0.32540389801530334
            ],
            [
                0.495249152491929,
                0.5819387880986829,
                -0.6450391645956564
            ],
            [
                -0.7025515695751294,
                -0.16847703936542288,
                -0.6914020388270372
            ]
        ],
        "translation_vector": [
            -0.003201922285164675,
            0.032004648403612085,
            0.4255014961718429
        ],
        "camera_position": [
            0.2814501972024225,
            0.0556099019291691,
            0.31587877163934525
        ]
    },
    {
        "frame": 42,
        "rotation_matrix": [
            [
                -0.5073108134567732,
                0.8004819940210164,
                0.31916189590545496
            ],
            [
                0.5033574034167541,
                0.5758626431311775,
                -0.644215445849847
            ],
            [
                -0.6994762776358967,
                -0.16616495868296546,
                -0.6950698839185298
            ]
        ],
        "translation_vector": [
            -0.002851223203291406,
            0.030495885252117782,
            0.4203613861397383
        ],
        "camera_position": [
            0.27723603166088007,
            0.05457024410908375,
            0.3127364619854711
        ]
    },
    {
        "frame": 43,
        "rotation_matrix": [
            [
                -0.5171262217577717,
                0.8025024337444668,
                0.2976076521273265
            ],
            [
                0.5072928547236035,
                0.5674278379364089,
                -0.6485981870782476
            ],
            [
                -0.6893724902524825,
                -0.1844328944874539,
                -0.7005355644891063
            ]
        ],
        "translation_vector": [
            -0.0025569061157231275,
            0.028470924479657603,
            0.42892689821167046
        ],
        "camera_position": [
            0.27992506420153346,
            0.06500495761988492,
            0.319705691591032
        ]
    },
    {
        "frame": 44,
        "rotation_matrix": [
            [
                -0.49728131315213064,
                0.7989009498632019,
                0.3383320379410828
            ],
            [
                0.4994328192796825,
                0.5824726998357483,
                -0.6413208346626532
            ],
            [
                -0.7094209995595284,
                -0.14994274325130916,
                -0.6886501427649829
            ]
        ],
        "translation_vector": [
            -0.005044313710732432,
            0.026666302163179115,
            0.41379563258949875
        ],
        "camera_position": [
            0.2777288418698648,
            0.050543166295169584,
            0.30376872955670753
        ]
    },
    {
        "frame": 45,
        "rotation_matrix": [
            [
                -0.48432081582126313,
                0.80930696895243,
                0.3323485781032569
            ],
            [
                0.4975039575378314,
                0.5672403027516932,
                -0.6562989038299263
            ],
            [
                -0.7196687846477863,
                -0.1525144876370692,
                -0.6773597061121812
            ]
        ],
        "translation_vector": [
            -0.00486081735620874,
            0.024940248745300906,
            0.422822250675597
        ],
        "camera_position": [
            0.2895299077854662,
            0.05427329803553876,
            0.3043864991048557
        ]
    },
    {
        "frame": 46,
        "rotation_matrix": [
            [
                -0.4937504068544825,
                0.8146631866261608,
                0.3041947206759873
            ],
            [
                0.5185333283805761,
                0.556632249389955,
                -0.6490637305362549
            ],
            [
                -0.6980929186645531,
                -0.1627403800388446,
                -0.697267413275006
            ]
        ],
        "translation_vector": [
            -0.0055745827933151235,
            0.02447125423290102,
            0.4186302922636256
        ],
        "camera_position": [
            0.2768012291384325,
            0.059047970952215326,
            0.3094764232242235
        ]
    },
    {
        "frame": 47,
        "rotation_matrix": [
            [
                -0.4950957577095597,
                0.8148659481395834,
                0.30145261196508905
            ],
            [
                0.5192876238105445,
                0.5556972584101222,
                -0.6492618275801156
            ],
            [
                -0.6965777447314803,
                -0.1649061659188376,
                -0.6982731571432154
            ]
        ],
        "translation_vector": [
            -0.006977448223221204,
            0.02306530117208348,
            0.41873036085159693
        ],
        "camera_position": [
            0.2762462199595236,
            0.061919578698127614,
            0.3094669606479763
        ]
    },
    {
        "frame": 49,
        "rotation_matrix": [
            [
                -0.47779189831691116,
                0.8199017158408214,
                0.31539828513167195
            ],
            [
                0.5002595810998224,
                0.5490730455541303,
                -0.669521577071077
            ],
            [
                -0.7221185868128259,
                -0.16211097127334945,
                -0.6725063416595107
            ]
        ],
        "translation_vector": [
            -0.007866751356193283,
            0.0208835565461299,
            0.43314535481839606
        ],
        "camera_position": [
            0.2985764421922961,
            0.06520097911240029,
            0.30775614957664876
        ]
    },
    {
        "frame": 50,
        "rotation_matrix": [
            [
                -0.4808476217549467,
                0.8191060688215568,
                0.3128111453773775
            ],
            [
                0.5294519656322718,
                0.5556263652694359,
                -0.6410615869833409
            ],
            [
                -0.6989035561082342,
                -0.1426344637076566,
                -0.7008489345230495
            ]
        ],
        "translation_vector": [
            -0.010031704826078944,
            0.02148408849069848,
            0.42511356129091044
        ],
        "camera_position": [
            0.2809148654470674,
            0.056915749134035055,
            0.3148510394215049
        ]
    },
    {
        "frame": 51,
        "rotation_matrix": [
            [
                -0.4746181747347329,
                0.8154200876013061,
                0.3314025783661748
            ],
            [
                0.5290679657800003,
                0.5651944292084192,
                -0.6329631464605039
            ],
            [
                -0.7034377554530912,
                -0.1250813252569984,
                -0.699664195364512
            ]
        ],
        "translation_vector": [
            -0.01125312539616285,
            0.02105349871507373,
            0.42533148897047574
        ],
        "camera_position": [
            0.2827145583515889,
            0.05047773062118081,
            0.3146446175553792
        ]
    },
    {
        "frame": 52,
        "rotation_matrix": [
            [
                -0.4709584141424688,
                0.8159321024238895,
                0.33534009062821946
            ],
            [
                0.5272174588870189,
                0.5651157401069946,
                -0.6345754102768544
            ],
            [
                -0.707276412156609,
                -0.12206147843384141,
                -0.6963196624320036
            ]
        ],
        "translation_vector": [
            -0.011895556235757896,
            0.02104025758669639,
            0.427340268136122
        ],
        "camera_position": [
            0.2855525881780382,
            0.04997757039380507,
            0.3149061182487271
        ]
    },
    {
        "frame": 53,
        "rotation_matrix": [
            [
                -0.4762609375247531,
                0.8255262054592836,
                0.3027903622773355
            ],
            [
                0.5382944976898243,
                0.5460120822022173,
                -0.6419578178089738
            ],
            [
                -0.6952801975785756,
                -0.1427490461936484,
                -0.7044204402669619
            ]
        ],
        "translation_vector": [
            -0.011112867775891329,
            0.021205010225735035,
            0.43219478854804855
        ],
        "camera_position": [
            0.28378931282061365,
            0.0592911656154289,
            0.3214244345810349
        ]
    },
    {
        "frame": 54,
        "rotation_matrix": [
            [
                -0.5791949212002261,
                0.8118647013512003,
                0.07354556380768579
            ],
            [
                0.650221699501227,
                0.5145159572707434,
                -0.5590036415011141
            ],
            [
                -0.49167569062706357,
                -0.2759511486000678,
                -0.8258970752053209
            ]
        ],
        "translation_vector": [
            -0.008771913745679916,
            0.021723229133980365,
            0.5243733451485103
        ],
        "camera_position": [
            0.23861606376546185,
            0.14064608598952452,
            0.4458669116069414
        ]
    },
    {
        "frame": 55,
        "rotation_matrix": [
            [
                -0.49436392827816267,
                0.8222743672174082,
                0.2819027694695361
            ],
            [
                0.5182717947706661,
                0.5391784919152408,
                -0.6638380078009986
            ],
            [
                -0.6978528879087454,
                -0.1820753109930533,
                -0.6927120093979943
            ]
        ],
        "translation_vector": [
            -0.012333038778027024,
            0.01964234773033657,
            0.4325791495791508
        ],
        "camera_position": [
            0.2855995244732962,
            0.0783123934188867,
            0.3161688267019912
        ]
    },
    {
        "frame": 56,
        "rotation_matrix": [
            [
                -0.4762749247941251,
                0.8263536101119267,
                0.3005027571709392
            ],
            [
                0.5398553263242523,
                0.5445667570050037,
                -0.6418748116294863
            ],
            [
                -0.6940593797735793,
                -0.14348086360222184,
                -0.7054748890841368
            ]
        ],
        "translation_vector": [
            -0.011344920864896043,
            0.019579919058451162,
            0.4363917940149715
        ],
        "camera_position": [
            0.28690819296788445,
            0.06132621476325077,
            0.3238404893370908
        ]
    },
    {
        "frame": 57,
        "rotation_matrix": [
            [
                -0.5482766887900117,
                0.812864718314591,
                0.1965798113967998
            ],
            [
                0.6152241760270254,
                0.5512598384608729,
                -0.5635705845162253
            ],
            [
                -0.5664731995084397,
                -0.1880519614878631,
                -0.8023369454407785
            ]
        ],
        "translation_vector": [
            -0.007351332074905136,
            0.01824265378928195,
            0.5150361538246252
        ],
        "camera_position": [
            0.27650029226527423,
            0.09277275505921313,
            0.4249586809831696
        ]
    },
    {
        "frame": 58,
        "rotation_matrix": [
            [
                -0.46434579492889283,
                0.8325802526781737,
                0.30198196234577174
            ],
            [
