[
    {
        "frame": 2,
        "rotation_matrix": [
            [
                -0.6706108937640687,
                0.703462139834701,
                0.2354188755901719
            ],
            [
                0.42357937401477025,
                0.6236624941948195,
                -0.6569821970525174
            ],
            [
                -0.6089840253029734,
                -0.3408608383987242,
                -0.7162069154733892
            ]
        ],
        "translation_vector": [
            -0.03343312029571193,
            -0.0030217162198204572,
            0.5137545368901152
        ],
        "camera_position": [
            0.29172762787502005,
            0.2005222675944876,
            0.37384012600304956
        ]
    },
    {
        "frame": 3,
        "rotation_matrix": [
            [
                -0.6636862577093153,
                0.7105225088222895,
                0.23383394917052533
            ],
            [
                0.40417480307883474,
                0.6036827391118205,
                -0.6871752899039918
            ],
            [
                -0.6294150299158652,
                -0.3615590061875509,
                -0.6878312330511613
            ]
        ],
        "translation_vector": [
            -0.033462958302616655,
            -0.0026609418842867896,
            0.5070424082349629
        ],
        "camera_position": [
            0.29800669264216084,
            0.20870829898749016,
            0.35475584704556196
        ]
    },
    {
        "frame": 4,
        "rotation_matrix": [
            [
                -0.6698151330109454,
                0.7094118372608065,
                0.21927729646221136
            ],
            [
                0.40427790350180426,
                0.5961272091812343,
                -0.6936798448953083
            ],
            [
                -0.622821856014796,
                -0.3759882918762765,
                -0.6860945561963341
            ]
        ],
        "translation_vector": [
            -0.035091559472457394,
            -0.0007480737760790476,
            0.4865693488062477
        ],
        "camera_position": [
            0.27984359702567024,
            0.2082846931471118,
            0.3410084400167644
        ]
    },
    {
        "frame": 5,
        "rotation_matrix": [
            [
                -0.7775598494338891,
                0.624281104119419,
                0.07532452182249069
            ],
            [
                0.4376174754846056,
                0.6232634595112939,
                -0.6480999962879908
            ],
            [
                -0.45154360331957777,
                -0.47097320844975066,
                -0.7578209625127292
            ]
        ],
        "translation_vector": [
            -0.036252768840980915,
            -0.003828752541119687,
            0.5637676802394186
        ],
        "camera_position": [
            0.22805252131017195,
            0.2905377132964566,
            0.42748427404260564
        ]
    },
    {
        "frame": 6,
        "rotation_matrix": [
            [
                -0.6682012693775565,
                0.7067266498624981,
                0.23247474266326681
            ],
            [
                0.41923468177831424,
                0.6158179731415924,
                -0.6670910774024918
            ],
            [
                -0.6146131671193336,
                -0.34828962994885676,
                -0.7077746735180842
            ]
        ],
        "translation_vector": [
            -0.03666059847638856,
            -0.0030951417387317342,
            0.5087704996307312
        ],
        "camera_position": [
            0.2894979804387617,
            0.20501455490058634,
            0.36655279603124913
        ]
    },
    {
        "frame": 7,
        "rotation_matrix": [
            [
                -0.7738497228238704,
                0.6288963484821,
                0.07513979871745666
            ],
            [
                0.44143220514745435,
                0.6206069622136454,
                -0.6480621935513645
            ],
            [
                -0.45419622933713866,
                -0.4683336218101701,
                -0.7578716276112294
            ]
        ],
        "translation_vector": [
            -0.037188585715149304,
            -0.002353848938036139,
            0.564194437813035
        ],
        "camera_position": [
            0.22851567424708855,
            0.28907980526654686,
            0.4288558592137183
        ]
    },
    {
        "frame": 8,
        "rotation_matrix": [
            [
                -0.7764271320237982,
                0.6259747568094475,
                0.07291441897630854
            ],
            [
                0.443412872817473,
                0.6248399362825794,
                -0.6426196995472037
            ],
            [
                -0.4478235510522588,
                -0.46661617831332836,
                -0.7627079449299117
            ]
        ],
        "translation_vector": [
            -0.037668398229680974,
            -0.002008168521717942,
            0.5682041459292704
        ],
        "camera_position": [
            0.2260988797205768,
            0.2899674973876858,
            0.4348298971609883
        ]
    },
    {
        "frame": 9,
        "rotation_matrix": [
            [
                -0.7575978075815741,
                0.6441275347005487,
                0.1055712128763591
            ],
            [
                0.4335620999021522,
                0.6175031780370158,
                -0.656287841303358
            ],
            [
                -0.48792362873305106,
                -0.4514305529699768,
                -0.7470883404050639
            ]
        ],
        "translation_vector": [
            -0.03662331748412249,
            -0.0015280999396255395,
            0.5609713459034245
        ],
        "camera_position": [
            0.24662795589481173,
            0.2777732986541753,
            0.4219586464614666
        ]
    },
    {
        "frame": 10,
        "rotation_matrix": [
            [
                -0.7805943058672012,
                0.6221372214978883,
                0.06014821090098843
            ],
            [
                0.43727236968450167,
                0.6123252787090496,
                -0.6586733847396488
            ],
            [
                -0.4466154994603331,
                -0.4878555428410877,
                -0.7500210430121443
            ]
        ],
        "translation_vector": [
            -0.033990550715228725,
            -0.00055452440934604,
            0.5530283500355744
        ],
        "camera_position": [
            0.22070068062778675,
            0.29128428200577544,
            0.41646212025240237
        ]
    },
    {
        "frame": 11,
        "rotation_matrix": [
            [
                -0.6641716277836685,
                0.7062674421068604,
                0.245076210732549
            ],
            [
                0.4261215680393915,
                0.6270138834758021,
                -0.6521303544386228
            ],
            [
                -0.614244623988556,
                -0.3286942198281346,
                -0.7174006215168283
            ]
        ],
        "translation_vector": [
            -0.03663105714541068,
            -0.0008255789906826244,
            0.5160595965712611
        ],
        "camera_position": [
            0.2930093210139462,
            0.19601477900063594,
            0.37866049088046017
        ]
    },
    {
        "frame": 12,
        "rotation_matrix": [
            [
                -0.667991511344222,
                0.7073639837990702,
                0.2311353179329605
            ],
            [
                0.42308400600229706,
                0.6165064995872804,
                -0.6640178158993073
            ],
            [
                -0.6121987133579344,
                -0.3457686081623761,
                -0.7110954963802983
            ]
        ],
        "translation_vector": [
            -0.03582916246968536,
            -0.0005911387464892192,
            0.5137131669918119
        ],
        "camera_position": [
            0.29081106482806196,
            0.20333458672555432,
            0.37318797767850276
        ]
    },
    {
        "frame": 13,
        "rotation_matrix": [
            [
                -0.6715804069641951,
                0.7099841092679919,
                0.2119016790135038
            ],
            [
                0.41179920741614695,
                0.5954182512188188,
                -0.68985398374363
            ],
            [
                -0.6159554933217489,
                -0.37603147568050665,
                -0.692242124942062
            ]
        ],
        "translation_vector": [
            -0.03534890210637118,
            0.0015296139895425232,
            0.49412705152889447
        ],
        "camera_position": [
            0.27999074789722095,
            0.20999372304896807,
            0.3506012621536176
        ]
    },
    {
        "frame": 14,
        "rotation_matrix": [
            [
                -0.6624019162236431,
                0.7128037125270299,
                0.2305093681196696
            ],
            [
                0.42097951264213257,
                0.6086916486855917,
                -0.6725107633012345
            ],
            [
                -0.6196772961137421,
                -0.3484326968412982,
                -0.7032742739877961
            ]
        ],
        "translation_vector": [
            -0.03553930796849387,
            0.0010523927095246128,
            0.4963717794999993
        ],
        "camera_position": [
            0.2836059807181698,
            0.1976441257742576,
            0.3579853917034953
        ]
    },
    {
        "frame": 15,
        "rotation_matrix": [
            [
                -0.7724300463428341,
                0.6314695010653785,
                0.06780923780023718
            ],
            [
                0.4430565536778953,
                0.6122773813902549,
                -0.6548414300278794
            ],
            [
                -0.45503045365104233,
                -0.4757758689363446,
                -0.7527181469766706
            ]
        ],
        "translation_vector": [
            -0.03295264810487403,
            -0.0003801966676024609,
            0.5691009913407088
        ],
        "camera_position": [
            0.23367311538552146,
            0.29180589674528157,
            0.4303581690665509
        ]
    },
    {
        "frame": 16,
        "rotation_matrix": [
            [
                -0.7760271155014069,
                0.6269397283922229,
                0.068764038348921
            ],
            [
                0.4491193003165861,
                0.6258589923594411,
                -0.6376459642826618
            ],
            [
                -0.4428021794093907,
                -0.4639473015831769,
                -0.7672542807074996
            ]
        ],
        "translation_vector": [
            -0.031954983338941076,
            -0.0003025827477456804,
            0.5832088585344827
        ],
        "camera_position": [
            0.23358411581547342,
            0.29080139888538115,
            0.44947390628891287
        ]
    },
    {
        "frame": 17,
        "rotation_matrix": [
            [
                -0.6534539979172679,
                0.7139308833616721,
                0.2515960381014818
            ],
            [
                0.4244726765524308,
                0.6207951238807866,
                -0.6591178658072132
            ],
            [
                -0.6267541938163278,
                -0.3239075608074975,
                -0.7087052085214152
            ]
        ],
        "translation_vector": [
            -0.024860706639690547,
            0.000457408717612266,
            0.507525905126196
        ],
        "camera_position": [
            0.3016545038608736,
            0.18185634712679893,
            0.36624259397518427
        ]
    },
    {
        "frame": 18,
        "rotation_matrix": [
            [
                -0.7785010819303348,
                0.6251724937272799,
                0.05563648551186781
            ],
            [
                0.44122560689083795,
                0.608165833088629,
                -0.6598895993175112
            ],
            [
                -0.4463810359514725,
                -0.4891765249380105,
                -0.7492998720088389
            ]
        ],
        "translation_vector": [
            -0.02012020832512747,
            -0.0003620160120395017,
            0.5724171399315345
        ],
        "camera_position": [
            0.24001228270385824,
            0.2928117939091487,
            0.4297926167642099
        ]
    },
    {
        "frame": 19,
        "rotation_matrix": [
            [
                -0.6588930694587802,
                0.7109555565015213,
                0.24576842697710197
            ],
            [
                0.41604821278385273,
                0.6166196955685683,
                -0.6683442493777347
            ],
            [
                -0.6267087103739255,
                -0.338115879125098,
                -0.7020782325531203
            ]
        ],
        "translation_vector": [
            -0.02290065324528699,
            0.001110326664687022,
            0.5038946381717736
        ],
        "camera_position": [
            0.30024412771912046,
            0.1859714759541628,
            0.36014379492674947
        ]
    },
    {
        "frame": 20,
        "rotation_matrix": [
            [
                -0.7824536720058659,
                0.6214540706464406,
                0.039510621882039826
            ],
            [
                0.44305453155846086,
                0.600175979036759,
                -0.6659515569865273
            ],
            [
                -0.4375716321130171,
                -0.5035708810726014,
                -0.7449479408023854
            ]
        ],
        "translation_vector": [
            -0.0193378204936104,
            0.0003898727379420339,
            0.564466569096484
        ],
        "camera_position": [
            0.23169087437569155,
            0.29603250254693514,
            0.421521893970618
        ]
    },
    {
        "frame": 21,
        "rotation_matrix": [
            [
                -0.6550121035274693,
                0.7202070250265049,
                0.22860661699739052
            ],
            [
                0.41951457985481727,
                0.5982469858131186,
                -0.6827210713422831
            ],
            [
                -0.6284637312699567,
                -0.3512867561807449,
                -0.6939963641189008
            ]
        ],
        "translation_vector": [
            -0.024565347219355965,
            0.00016022757532021734,
            0.5165192333181855
        ],
        "camera_position": [
            0.30845578708386956,
            0.19904264595292673,
            0.3641876615853673
        ]
    },
    {
        "frame": 22,
        "rotation_matrix": [
            [
                -0.653734236665762,
                0.7261079467147832,
                0.21306993576916247
            ],
            [
                0.41900500592916,
                0.5817984800856912,
                -0.6970977934094214
            ],
            [
                -0.6301320122143756,
                -0.3664393241556114,
                -0.6845844497905578
            ]
        ],
        "translation_vector": [
            -0.02539836030227768,
            0.0010576119548195294,
            0.49861522031106026
        ],
        "camera_position": [
            0.29714648970715124,
            0.20053885856566087,
            0.3474931122120814
        ]
    },
    {
        "frame": 23,
        "rotation_matrix": [
            [
                -0.6403891366907459,
                0.7337120915228779,
                0.2270865922101198
            ],
            [
                0.4335030566170737,
                0.5893573315461026,
                -0.6817133089917717
            ],
            [
                -0.634016445774189,
                -0.3381190655759904,
                -0.6954844671032443
            ]
        ],
        "translation_vector": [
            -0.025666194643917402,
            -0.0005714297782252549,
            0.5118262916556726
        ],
        "camera_position": [
            0.30831765061466077,
            0.1922266011547231,
            0.3614061330932936
        ]
    },
    {
        "frame": 24,
        "rotation_matrix": [
            [
                -0.634422809132864,
                0.74446561669657,
                0.20803520088812166
            ],
            [
                0.43835492469796145,
                0.5681735438863431,
                -0.6964364895815536
            ],
            [
                -0.6366731180480373,
                -0.35064193928312176,
                -0.6868024251345952
            ]
        ],
        "translation_vector": [
            -0.02674580234630972,
            -0.0002278156749490769,
            0.496563286688891
        ],
        "camera_position": [
            0.29928021311037684,
            0.19415668289857219,
            0.34644627874583095
        ]
    },
    {
        "frame": 25,
        "rotation_matrix": [
            [
                -0.7388954883148116,
                0.6732508404109743,
                0.02769048995473125
            ],
            [
                0.5085170199946538,
                0.5841190618219354,
                -0.6326257677268757
            ],
            [
                -0.4420903728015042,
                -0.4533632401311106,
                -0.7739624504935935
            ]
        ],
        "translation_vector": [
            -0.029387857750640813,
            -0.003880836292429104,
            0.5937467810755955
        ],
        "camera_position": [
            0.24274865159873033,
            0.29123523486856445,
            0.45789636079486595
        ]
    },
    {
        "frame": 26,
        "rotation_matrix": [
            [
                -0.7325227437159724,
                0.679954046669155,
                0.032755524069452896
            ],
            [
                0.5102467893815091,
                0.5802738298193336,
                -0.6347680650069487
            ],
            [
                -0.45062028789734465,
                -0.44826864361122176,
                -0.7720081471657341
            ]
        ],
        "translation_vector": [
            -0.031534296357673346,
            -0.003931485912928453,
            0.5896137429908331
        ],
        "camera_position": [
            0.24459835339025512,
            0.2880285636298764,
            0.4537239539676118
        ]
    },
    {
        "frame": 27,
        "rotation_matrix": [
            [
                -0.7168728655770569,
                0.696485239399434,
                0.031648157893502865
            ],
            [
                0.5276636683229895,
                0.571659902920661,
                -0.6283120311793076
            ],
            [
                -0.45570203832248213,
                -0.43372026317830054,
                -0.777317429096557
            ]
        ],
        "translation_vector": [
            -0.03655647719664162,
            -0.004934577040492051,
            0.5852378422898418
        ],
        "camera_position": [
            0.24309152809438186,
            0.282111457583676,
            0.4529720660177833
        ]
    },
    {
        "frame": 28,
        "rotation_matrix": [
            [
                -0.6033228384668607,
                0.7746596205621107,
                0.189483574103026
            ],
            [
                0.4723818755104353,
                0.5385642660714378,
                -0.6977133329671841
            ],
            [
                -0.6425394277968737,
                -0.33143778236872734,
                -0.6908632861463737
            ]
        ],
        "translation_vector": [
            -0.035795818818102135,
            -0.0003760702742335888,
            0.4848163369027259
        ],
        "camera_position": [
            0.29009482546693716,
            0.18861856499374424,
            0.3414621381331976
        ]
    },
    {
        "frame": 29,
        "rotation_matrix": [
            [
                -0.6511456350229816,
                0.7501453126636515,
                0.11528821223035138
            ],
            [
                0.4995892920118681,
                0.5380018812218732,
                -0.6789436759472808
            ],
            [
                -0.5713316911371173,
                -0.3844944546940544,
                -0.7250821422514302
            ]
        ],
        "translation_vector": [
            -0.03667017505012453,
            -0.0019130401035885474,
            0.5328133486083731
        ],
        "camera_position": [
            0.2814912614523772,
            0.2334009570298796,
            0.38926223667265525
        ]
    },
    {
        "frame": 30,
        "rotation_matrix": [
            [
                -0.6355409141215692,
                0.7628687871955747,
                0.11882323005318965
            ],
            [
                0.5092576139066723,
                0.5298856077007447,
                -0.6781429977738441
            ],
            [
                -0.5802968457226034,
                -0.37047598609675936,
                -0.7252607217890893
            ]
        ],
        "translation_vector": [
            -0.036934369804587835,
            0.0001334810135466565,
            0.533803267557755
        ],
        "camera_position": [
            0.2862230730296117,
            0.22586664016081065,
            0.39162572345714425
        ]
    },
    {
        "frame": 31,
        "rotation_matrix": [
            [
                -0.6838512177598275,
                0.7284477905185702,
                0.04136820587134751
            ],
            [
                0.5458301833418022,
                0.5483905475530549,
                -0.6335118138657831
            ],
            [
                -0.4841662141470173,
                -0.41064780998207384,
                -0.7726263348058174
            ]
        ],
        "translation_vector": [
            -0.035257132366994244,
            -0.0005879949057741278,
            0.5604723134887042
        ],
        "camera_position": [
            0.24757207061938047,
            0.2561621591108163,
            0.434121691921805
        ]
    },
    {
        "frame": 32,
        "rotation_matrix": [
            [
                -0.6340946324279605,
                0.7682754088483615,
                0.08761788222122735
            ],
            [
                0.5294969452798041,
                0.5139850030032902,
                -0.6748721372430961
            ],
            [
                -0.5635219446174267,
                -0.3815393988130076,
                -0.7327146136716551
            ]
        ],
        "translation_vector": [
            -0.032745937995234155,
            0.004062951360797161,
            0.541618559782858
        ],
        "camera_position": [
            0.2822986001987668,
            0.22971842251954872,
            0.402462936195561
        ]
    },
    {
        "frame": 33,
        "rotation_matrix": [
            [
                -0.6726851650572971,
                0.7393549811905386,
                0.029135553891684873
            ],
            [
                0.5518246504776437,
                0.5275186155012047,
                -0.6459207888161813
            ],
            [
                -0.492934299716568,
                -0.41842361559600083,
                -0.7628482510135989
            ]
        ],
        "translation_vector": [
            -0.029851537805038356,
            0.003771178626062434,
            0.5549871817397618
        ],
        "camera_position": [
            0.2514105018197491,
            0.25230125943771053,
            0.42667662468652495
        ]
    },
    {
        "frame": 34,
        "rotation_matrix": [
            [
                -0.6316104989486453,
                0.7722395525070026,
                0.06866040461304998
            ],
            [
                0.5371676146831675,
                0.49975942660047845,
                -0.679478821788845
            ],
            [
                -0.5590341057157777,
                -0.3922838118859168,
                -0.7304753791736004
            ]
        ],
        "translation_vector": [
            -0.029549692665965972,
            0.006391507460611866,
            0.5450804783483358
        ],
        "camera_position": [
            0.28262137081121386,
            0.2334514731685411,
            0.4045396569150558
        ]
    },
    {
        "frame": 35,
        "rotation_matrix": [
            [
                -0.6670488831568122,
                0.7446680480712597,
                0.02269990442687969
            ],
            [
                0.5676887282051715,
                0.5277762636548594,
                -0.6318082963932268
            ],
            [
                -0.48246792157411317,
                -0.4085605386038358,
                -0.77479222437225
            ]
        ],
        "translation_vector": [
            -0.027879049361388103,
            0.005039214496199501,
            0.5645380512064478
        ],
        "camera_position": [
            0.25091410620658705,
            0.24874902973473378,
            0.44121636171903855
        ]
    },
    {
        "frame": 36,
        "rotation_matrix": [
            [
                -0.6252198148827046,
                0.7764129578443646,
                0.07926602026973087
            ],
            [
                0.5405216406167863,
                0.5040373417076213,
                -0.6736339615765019
            ],
            [
                -0.5629711707565265,
                -0.37832430143420526,
                -0.7348021392465773
            ]
        ],
        "translation_vector": [
            -0.02771687043900322,
            0.006660462829475569,
            0.5441576133721125
        ],
        "camera_position": [
            0.28541578777531873,
            0.22403066432973306,
            0.40653189836892445
        ]
    },
    {
        "frame": 37,
        "rotation_matrix": [
            [
                -0.6611762229395637,
                0.7497530271133942,
                0.026765659970837796
            ],
            [
                0.559849611822962,
                0.5168290537444507,
                -0.6476543378587796
            ],
            [
                -0.4994140710483147,
                -0.41322890453103295,
                -0.7614640228527092
            ]
        ],
        "translation_vector": [
            -0.026143895089339737,
            0.0056074709574135875,
            0.5634659830080166
        ],
        "camera_position": [
            0.26097777822435975,
            0.24954379147385228,
            0.43339053565820124
        ]
    },
    {
        "frame": 38,
        "rotation_matrix": [
            [
                -0.6228253041804641,
                0.7781366742128729,
                0.08119086597297306
            ],
            [
                0.5453989936876363,
                0.5062425381183184,
                -0.6680257706735839
            ],
            [
                -0.5609176215426163,
                -0.37178193722187663,
                -0.7396956218597773
            ]
        ],
        "translation_vector": [
            -0.02663575043184359,
            0.006342596652393744,
            0.5447203089415086
        ],
        "camera_position": [
            0.28549455490106007,
            0.22003253373100348,
            0.4093268253223276
        ]
    },
    {
        "frame": 39,
        "rotation_matrix": [
            [
                -0.6565179092981794,
                0.7529414358505093,
                0.04542498156434055
            ],
            [
                0.5622545339777509,
                0.5286177574045353,
                -0.6359505527775421
            ],
            [
                -0.5028459742229319,
                -0.39197252548612715,
                -0.7703917610357849
            ]
        ],
        "translation_vector": [
            -0.025588819408749408,
            0.005008307747047312,
            0.5646169818526005
        ],
        "camera_position": [
            0.2642999143445082,
            0.23793374632682587,
            0.4393236786902451
        ]
    },
    {
        "frame": 40,
        "rotation_matrix": [
            [
                -0.6536060400247768,
                0.7559396410881918,
                0.036802221055059425
            ],
            [
                0.5590466407441086,
                0.5150018857054302,
                -0.6497999008868638
            ],
            [
                -0.5101627170970622,
                -0.40413898197440234,
                -0.7592138600768801
            ]
        ],
        "translation_vector": [
            -0.025680202221349074,
            0.005940951112230746,
            0.5627470754061263
        ],
        "camera_position": [
            0.26698657298456574,
            0.24378111198830033,
            0.4320508972888502
        ]
    },
    {
        "frame": 41,
        "rotation_matrix": [
            [
                -0.6244761822246827,
                0.7768585950098948,
                0.08074788661839405
            ],
            [
                0.5428450437437328,
                0.5060328537752067,
                -0.6702611501370082
            ],
            [
                -0.5615592188869751,
                -0.37472853408750767,
                -0.7377193025966434
            ]
        ],
        "translation_vector": [
            -0.026297618226192945,
            0.0063934048463749355,
            0.5472280296668314
        ],
        "camera_position": [
            0.2874080805277673,
            0.2222562152162024,
            0.4101094083876354
        ]
    },
    {
        "frame": 42,
        "rotation_matrix": [
            [
                -0.6253207898373585,
                0.7764233353103348,
                0.07836270913360305
            ],
            [
                0.5310682196734947,
                0.4969796745431355,
                -0.6862781864111844
            ],
            [
                -0.5717870721256357,
                -0.3875280731464174,
                -0.7231054810146429
            ]
        ],
        "translation_vector": [
            -0.02625625323837122,
            0.005788267542795715,
            0.5482644274189834
        ],
        "camera_position": [
            0.2939979657524042,
            0.2299771735249042,
            0.402482885399211
        ]
    },
    {
        "frame": 43,
        "rotation_matrix": [
            [
                -0.6580596270505408,
                0.7519072401553119,
                0.039912772994683904
            ],
            [
                0.563027405243779,
                0.5265659752288718,
                -0.6369681425909177
            ],
            [
                -0.49995766639842654,
                -0.3966910333411741,
                -0.7698561916852725
            ]
        ],
        "translation_vector": [
            -0.025566322889277997,
            0.004332310960185648,
            0.5648691300217438
        ],
        "camera_position": [
            0.2631472773619859,
            0.2410207746297073,
            0.43864796414633694
        ]
    },
    {
        "frame": 44,
        "rotation_matrix": [
            [
                -0.6697687854247323,
                0.7424139101897056,
                0.015210523577792345
            ],
            [
                0.5726504619286499,
                0.52944029082412,
                -0.6259108777653369
            ],
            [
                -0.47273800621864825,
                -0.41050525503201835,
                -0.7797462491525784
            ]
        ],
        "translation_vector": [
            -0.02480789043227122,
            0.0035915416553572326,
            0.5651928284668029
        ],
        "camera_position": [
            0.24851588222672644,
            0.24853084227289368,
            0.4433323140372969
        ]
    },
    {
        "frame": 45,
        "rotation_matrix": [
            [
                -0.6604936291668295,
                0.7498512759161915,
                0.038356613991464006
            ],
            [
                0.5614423693920911,
                0.5271654292363094,
                -0.6378707361758277
            ],
            [
                -0.4985284662699064,
                -0.39977452923486434,
                -0.7691876845696487
            ]
        ],
        "translation_vector": [
            -0.025247907216243558,
            0.0029464210076662082,
            0.5668820634180726
        ],
        "camera_position": [
            0.2642765181738367,
            0.24400393417974509,
            0.43888656175304175
        ]
    },
    {
        "frame": 46,
        "rotation_matrix": [
            [
                -0.6591821940737195,
                0.7512980898436875,
                0.032093850086637704
            ],
            [
                0.559503116696011,
                0.5185242886912895,
                -0.6465978846583413
            ],
            [
                -0.5024291964283196,
                -0.4082692031422628,
                -0.7621556011353421
            ]
        ],
        "translation_vector": [
            -0.024818288900618296,
            0.0024220165595118643,
            0.5650831872984885
        ],
        "camera_position": [
            0.26619939176513197,
            0.24809612121794783,
            0.43304390153432576
        ]
    },
    {
        "frame": 47,
        "rotation_matrix": [
            [
                -0.6675930782114343,
                0.7442277089982487,
                0.02108551833367614
            ],
            [
                0.5735167857167323,
                0.5321072004366434,
                -0.6228486363030957
            ],
            [
                -0.4747609697788243,
                -0.4037165396694767,
                -0.7820581673839704
            ]
        ],
        "translation_vector": [
            -0.024350057849302123,
            0.0008436608400975324,
            0.56824559689515
        ],
        "camera_position": [
            0.25304104692699836,
            0.2470832158203449,
            0.44544001672679595
        ]
    },
    {
        "frame": 48,
        "rotation_matrix": [
            [
                -0.6824775170379294,
                0.7307511303274612,
                -0.015073959761151307
            ],
            [
                0.5710967288667439,
                0.52027209238348,
                -0.6349531291084572
            ],
            [
                -0.4561501562155249,
                -0.4419499241000662,
                -0.7724035859396938
            ]
        ],
        "translation_vector": [
            -0.02247792807321462,
            0.0007668575391160278,
            0.5684332177169171
        ],
        "camera_position": [
            0.2435122706880046,
            0.26724581419643295,
            0.4392079429425379
        ]
    },
    {
        "frame": 49,
        "rotation_matrix": [
            [
                -0.6308963744596261,
                0.7719974054736548,
                0.07739360849349622
            ],
            [
                0.5477793402682466,
                0.5138479151458251,
                -0.6602258056722511
            ],
            [
                -0.5494611533757267,
                -0.3741394473217624,
                -0.7470690161482955
            ]
        ],
        "translation_vector": [
            -0.02408146315892173,
            0.0014724120121680463,
            0.5523843829716267
        ],
        "camera_position": [
            0.2875142954950539,
            0.22450301899018593,
            0.4155051332609837
        ]
    },
    {
        "frame": 50,
        "rotation_matrix": [
            [
                -0.6694791594303106,
                0.742575852439907,
                0.01946171784890141
            ],
            [
                0.575030596676768,
                0.5346562979061845,
                -0.6192596030703225
            ],
            [
                -0.4702525576475315,
                -0.40339031530565855,
                -0.7849450844126337
            ]
        ],
        "translation_vector": [
            -0.023000280749124177,
            0.0001487973649228183,
            0.5719415124648991
        ],
        "camera_position": [
            0.253473187401296,
            0.24771556468498113,
            0.4494824479523746
        ]
    },
    {
        "frame": 51,
        "rotation_matrix": [
            [
                -0.6663134461467962,
                0.7452271306517894,
                0.025747140122378775
            ],
            [
                0.5739253039215478,
                0.5345837304149983,
                -0.6203466617095184
            ],
            [
                -0.4760631649293394,
                -0.39856838674948314,
                -0.7839050351167385
            ]
        ],
        "translation_vector": [
            -0.02272145082427932,
            0.0005273144316775486,
            0.5733622186393356
        ],
        "camera_position": [
            0.25751438516070674,
            0.24517480239221998,
            0.45037366026259834
        ]
    },
    {
        "frame": 52,
        "rotation_matrix": [
            [
                -0.6561738228034065,
                0.7529880526051744,
                0.04944599985267559
            ],
            [
                0.5553036226110821,
                0.5261964764795853,
                -0.6440148716104921
            ],
            [
                -0.5109538149212437,
                -0.39512815740508384,
                -0.7634133469118095
            ]
        ],
        "translation_vector": [
            -0.022501229873558463,
            0.0005589336841566777,
            0.5731574158997895
        ],
        "camera_position": [
            0.27778187228087675,
            0.24311968197606632,
            0.43902857859323624
        ]
    },
    {
        "frame": 53,
        "rotation_matrix": [
            [
                -0.6596168591061577,
                0.7506759380269827,
                0.037299266081743776
            ],
            [
                0.5662506642424259,
                0.5289704027957836,
                -0.6321000697762008
            ],
            [
                -0.49423252060941786,
                -0.39582312847201834,
                -0.773988544190859
            ]
        ],
        "translation_vector": [
            -0.02176327475756228,
            0.00036743566943979824,
            0.5744249481229601
        ],
        "camera_position": [
            0.26933600638041044,
            0.2435134841375138,
            0.44564233963288313
        ]
    },
    {
        "frame": 54,
        "rotation_matrix": [
            [
                -0.5490261044813798,
                0.8119988976091048,
