[
    {
        "frame": 2,
        "rotation_matrix": [
            [
                -0.548036565727634,
                0.7638759701977301,
                0.3408070198513189
            ],
            [
                0.798433008672227,
                0.5991798270013873,
                -0.059061540592868986
            ],
            [
                -0.24932038281712207,
                0.23974369036340476,
                -0.9382762437805082
            ]
        ],
        "translation_vector": [
            -0.02318003517075894,
            0.02653138829294263,
            0.4285503363789938
        ],
        "camera_position": [
            0.07295929087500339,
            -0.10093263994216944,
            0.4115655032617995
        ]
    },
    {
        "frame": 3,
        "rotation_matrix": [
            [
                -0.5045218151872928,
                0.6225278255636099,
                0.5982615184007435
            ],
            [
                -0.42057780165696357,
                0.4279475612396765,
                -0.7999844983388175
            ],
            [
                -0.7540371680186032,
                -0.6552251454485377,
                0.0459125039442162
            ]
        ],
        "translation_vector": [
            -0.030418000376631754,
            -0.008561024519291843,
            0.2887744612162528
        ],
        "camera_position": [
            0.19879955529496007,
            0.21181200954944396,
            -0.0019091264028740142
        ]
    },
    {
        "frame": 4,
        "rotation_matrix": [
            [
                -0.520608612110633,
                0.7786168090825676,
                0.35031776662099307
            ],
            [
                0.4965707688001099,
                0.6098996719010468,
                -0.6176081782070755
            ],
            [
                -0.6945387999021422,
                -0.14757457378923794,
                -0.7041573692019538
            ]
        ],
        "translation_vector": [
            -0.019506027930886596,
            0.031854452548321956,
            0.41963720103109875
        ],
        "camera_position": [
            0.26548132187791634,
            0.057687482155886496,
            0.32199750604387767
        ]
    },
    {
        "frame": 5,
        "rotation_matrix": [
            [
                -0.507338896099051,
                0.7745931056944607,
                0.37764105327096786
            ],
            [
                0.49445897396307414,
                0.6205736541739333,
                -0.6086038636195095
            ],
            [
                -0.7057744452531417,
                -0.12204040460364177,
                -0.697845664937312
            ]
        ],
        "translation_vector": [
            -0.019098617316979944,
            0.0310985982647302,
            0.41936207952025334
        ],
        "camera_position": [
            0.2709085866173276,
            0.04667380439727505,
            0.31878915824897436
        ]
    },
    {
        "frame": 6,
        "rotation_matrix": [
            [
                -0.6294861514584129,
                0.7661066939604573,
                0.12972169668584493
            ],
            [
                0.593218945406778,
                0.5816687088223121,
                -0.5565543962520232
            ],
            [
                -0.5018351003392909,
                -0.2733899168695917,
                -0.8206214020006374
            ]
        ],
        "translation_vector": [
            -0.015870603340816282,
            0.03454841223623924,
            0.5008159117298994
        ],
        "camera_position": [
            0.22084190562389355,
            0.12898086559408226,
            0.43226708793442237
        ]
    },
    {
        "frame": 7,
        "rotation_matrix": [
            [
                -0.5376169915151482,
                0.772629009004034,
                0.3376572002484846
            ],
            [
                0.5016208036318603,
                0.6149496799960505,
                -0.608451691127966
            ],
            [
                -0.677749614384197,
                -0.1577380915257925,
                -0.7181741812985712
            ]
        ],
        "translation_vector": [
            -0.017138133544782955,
            0.031168674880928726,
            0.430380180675251
        ],
        "camera_position": [
            0.2668413939528097,
            0.06196160082319624,
            0.33383938103531446
        ]
    },
    {
        "frame": 8,
        "rotation_matrix": [
            [
                -0.5445199446392066,
                0.7726067629906548,
                0.3264610538352435
            ],
            [
                0.5077109848977348,
                0.613432497565126,
                -0.6049215872699403
            ],
            [
                -0.6676283290156939,
                -0.16364400603784496,
                -0.7262871701906887
            ]
        ],
        "translation_vector": [
            -0.017283027319802045,
            0.03145132625807302,
            0.4295331644434312
        ],
        "camera_position": [
            0.2613893719239885,
            0.06435024592964145,
            0.33663224802073555
        ]
    },
    {
        "frame": 9,
        "rotation_matrix": [
            [
                -0.5298572495708849,
                0.7691773273809198,
                0.3572359642033853
            ],
            [
                0.5037440262311127,
                0.6243083670944856,
                -0.597060314216483
            ],
            [
                -0.6822706582534861,
                -0.136401252996307,
                -0.7182627980533255
            ]
        ],
        "translation_vector": [
            -0.018270790905439115,
            0.03074806524371339,
            0.43286253164288463
        ],
        "camera_position": [
            0.27015933919593554,
            0.053900195405406914,
            0.33579448625208785
        ]
    },
    {
        "frame": 10,
        "rotation_matrix": [
            [
                -0.529174384763735,
                0.7695126047279177,
                0.3575259734267956
            ],
            [
                0.5050610746777424,
                0.6242372322355577,
                -0.5960211311155452
            ],
            [
                -0.6818267971818696,
                -0.13482666300011067,
                -0.7189812164368192
            ]
        ],
        "translation_vector": [
            -0.019013195957095424,
            0.03122717468493745,
            0.4345087305599284
        ],
        "camera_position": [
            0.2704267694267235,
            0.05372109103509454,
            0.3378133830201695
        ]
    },
    {
        "frame": 11,
        "rotation_matrix": [
            [
                -0.5287033533349739,
                0.7673893962567305,
                0.3627482304368753
            ],
            [
                0.5037984849923088,
                0.6276492741926778,
                -0.5935010321177713
            ],
            [
                -0.6831250622629857,
                -0.13103397696069508,
                -0.7184498912172343
            ]
        ],
        "translation_vector": [
            -0.020050891432589226,
            0.03151804726387594,
            0.43577971360613343
        ],
        "camera_position": [
            0.2712123259909139,
            0.05270651093432603,
            0.33906530680230484
        ]
    },
    {
        "frame": 14,
        "rotation_matrix": [
            [
                -0.650951588923173,
                0.6860023425313464,
                -0.32505817159379574
            ],
            [
                0.24659249167182568,
                -0.21389404955496938,
                -0.9452203333699802
            ],
            [
                -0.7179513715631978,
                -0.6954495823612818,
                -0.029928355518495264
            ]
        ],
        "translation_vector": [
            -0.008828917776321051,
            0.05788525304413327,
            0.4682527998723461
        ],
        "camera_position": [
            0.3161614730724832,
            0.34408418357042064,
            0.06585844257716882
        ]
    },
    {
        "frame": 15,
        "rotation_matrix": [
            [
                -0.5471662333633188,
                0.7751333998739464,
                0.31587549044972585
            ],
            [
                0.5095819263961426,
                0.607868276556002,
                -0.6089519017518809
            ],
            [
                -0.6640296479505975,
                -0.17223347745630876,
                -0.7275989663859568
            ]
        ],
        "translation_vector": [
            -0.021337418669906266,
            0.03441906884719816,
            0.44290427917140995
        ],
        "camera_position": [
            0.26488712216277904,
            0.07190002999930126,
            0.34995622075135313
        ]
    },
    {
        "frame": 16,
        "rotation_matrix": [
            [
                -0.523112891276013,
                0.7703037015707984,
                0.36467123594708806
            ],
            [
                0.5049293013817678,
                0.6248231102738285,
                -0.5955186659323614
            ],
            [
                -0.6865852485940622,
                -0.12739029874392274,
                -0.7158019336373463
            ]
        ],
        "translation_vector": [
            -0.021899216919530354,
            0.03372735798801525,
            0.44268190628078996
        ],
        "camera_position": [
            0.2754531726860921,
            0.052188795424864584,
            0.3449438502368205
        ]
    },
    {
        "frame": 17,
        "rotation_matrix": [
            [
                -0.5228023287994024,
                0.7709163547894404,
                0.3638209709734762
            ],
            [
                0.5024115297549081,
                0.623441944984526,
                -0.5990849655960696
            ],
            [
                -0.6886656516563422,
                -0.1304151645786347,
                -0.7132541658319795
            ]
        ],
        "translation_vector": [
            -0.021864187298901574,
            0.03374981669539688,
            0.4424478392457225
        ],
        "camera_position": [
            0.2763116844660419,
            0.053516315982145526,
            0.3437514221318374
        ]
    },
    {
        "frame": 18,
        "rotation_matrix": [
            [
                -0.5181351420396224,
                0.7716628558963413,
                0.3688799417337336
            ],
            [
                0.4979410391340756,
                0.6228145339716199,
                -0.603454039525622
            ],
            [
                -0.6954068565448988,
                -0.1289902829813795,
                -0.7069447013499192
            ]
        ],
        "translation_vector": [
            -0.021940721909839034,
            0.033360363956261026,
            0.440340193046256
        ],
        "camera_position": [
            0.2782358360991929,
            0.05295312670794331,
            0.33952110487459936
        ]
    },
    {
        "frame": 19,
        "rotation_matrix": [
            [
                -0.5573186716623215,
                0.7691978904141636,
                0.3126187831832018
            ],
            [
                0.5101882421544564,
                0.6142999622308074,
                -0.6019497603376666
            ],
            [
                -0.6550601924891264,
                -0.1759834133821383,
                -0.7347965585320062
            ]
        ],
        "translation_vector": [
            -0.020707481321797484,
            0.03345826055240051,
            0.4631548840733775
        ],
        "camera_position": [
            0.27478365039287417,
            0.07688232017871072,
            0.36693835441885
        ]
    },
    {
        "frame": 20,
        "rotation_matrix": [
            [
                -0.5395122916913582,
                0.7722444511479479,
                0.3355070711403021
            ],
            [
                0.5000472484211645,
                0.6144670416368408,
                -0.6102319264742645
            ],
            [
                -0.6774062565848955,
                -0.16145823736581102,
                -0.7176712347073445
            ]
        ],
        "translation_vector": [
            -0.02063168920938196,
            0.032033832200626396,
            0.44326722445749894
        ],
        "camera_position": [
            0.27312251161140494,
            0.06781811814808744,
            0.34459028103716915
        ]
    },
    {
        "frame": 21,
        "rotation_matrix": [
            [
                -0.5849824975078497,
                0.7607341050320376,
                0.281210062143202
            ],
            [
                0.5277938779212618,
                0.6203301876029933,
                -0.580193140925737
            ],
            [
                -0.6158158004130091,
                -0.19098188340662195,
                -0.7643931057853312
            ]
        ],
        "translation_vector": [
            -0.01992892158009958,
            0.03201627546765638,
            0.4748166835527264
        ],
        "camera_position": [
            0.26384355152723815,
            0.08598133265307603,
            0.38712643611986924
        ]
    },
    {
        "frame": 22,
        "rotation_matrix": [
            [
                -0.666978134070383,
                0.7411389832548283,
                0.07650605317221332
            ],
            [
                0.616958938730306,
                0.6069394923755339,
                -0.5009851499951908
            ],
            [
                -0.4177341697692021,
                -0.2869450471691903,
                -0.8620676906788158
            ]
        ],
        "translation_vector": [
            -0.018208542704451148,
            0.03359104321583544,
            0.5331842170956769
        ],
        "camera_position": [
            0.18986027205206318,
            0.14610190043313206,
            0.4778625642983781
        ]
    },
    {
        "frame": 23,
        "rotation_matrix": [
            [
                -0.5387735505865991,
                0.7721818878882867,
                0.33683555810749954
            ],
            [
                0.5087158248225874,
                0.6169046989013981,
                -0.6005304339069337
            ],
            [
                -0.6715141627422194,
                -0.15219633533911658,
                -0.7251930810108155
            ]
        ],
        "translation_vector": [
            -0.020661687212918278,
            0.03125310558298708,
            0.44267804954349793
        ],
        "camera_position": [
            0.2702336598378304,
            0.06404836982521053,
            0.34675509064480403
        ]
    },
    {
        "frame": 25,
        "rotation_matrix": [
            [
                -0.7546906254989871,
                0.6437698408670057,
                -0.12650079752324714
            ],
            [
                0.6466836696432913,
                0.7624394996900843,
                0.022050866854154562
            ],
            [
                0.11064488781969987,
                -0.06516441745617968,
                -0.9917213860237979
            ]
        ],
        "translation_vector": [
            -0.011476686832827578,
            0.013736235085322419,
            0.4913481398567489
        ],
        "camera_position": [
            -0.07190950669145005,
            0.028933711951913806,
            0.4855257523507289
        ]
    },
    {
        "frame": 26,
        "rotation_matrix": [
            [
                -0.5137764319434164,
                0.7716972612283872,
                0.3748561257230546
            ],
            [
                0.4855324503234917,
                0.6217711123971053,
                -0.6145396028502415
            ],
            [
                -0.7073132387156048,
                -0.1337311511992357,
                -0.6941354057650201
            ]
        ],
        "translation_vector": [
            -0.020984689232145304,
            0.031750352558763094,
            0.44228406145843857
        ],
        "camera_position": [
            0.28663610670683576,
            0.05559953187462346,
            0.33438311482073607
        ]
    },
    {
        "frame": 27,
        "rotation_matrix": [
            [
                -0.5360357365184261,
                0.7708268712584512,
                0.34422612294980726
            ],
            [
                0.5029409783184908,
                0.6190897313151897,
                -0.6031403459462199
            ],
            [
                -0.6780236437641302,
                -0.15017935652410308,
                -0.7195346408414388
            ]
        ],
        "translation_vector": [
            -0.020937650015778145,
            0.0331218009207349,
            0.44158778029207296
        ],
        "camera_position": [
            0.27152531622942805,
            0.06195130511364428,
            0.3449220854467301
        ]
    },
    {
        "frame": 28,
        "rotation_matrix": [
            [
                -0.5341045786813526,
                0.7693562164859059,
                0.3504615687719649
            ],
            [
                0.5001351926992589,
                0.6217618275057396,
                -0.6027246625785262
            ],
            [
                -0.6816135914543445,
                -0.14663983773591302,
                -0.7168679585066521
            ]
        ],
        "translation_vector": [
            -0.021006829517754785,
            0.033465581295225866,
            0.44031248133155054
        ],
        "camera_position": [
            0.27216581298368026,
            0.05992146470903854,
            0.3431785272190238
        ]
    },
    {
        "frame": 29,
        "rotation_matrix": [
            [
                -0.5189707125036445,
                0.7682599878420622,
                0.3747612448538058
            ],
            [
                0.4947545786476184,
                0.6274937513403658,
                -0.6012233353222523
            ],
            [
                -0.6970561716753374,
                -0.12660246091490518,
                -0.705751025801318
            ]
        ],
        "translation_vector": [
            -0.02104247474401981,
            0.03334857581960466,
            0.4356709955575101
        ],
        "camera_position": [
            0.2762673675844303,
            0.05039708863493272,
            0.33541109803897756
        ]
    },
    {
        "frame": 30,
        "rotation_matrix": [
            [
                -0.6523629981490369,
                0.740495586738838,
                0.16152029180974062
            ],
            [
                0.6025845029188855,
                0.6360141247939324,
                -0.4820559613827091
            ],
            [
                -0.4596894989968766,
                -0.21714584749175456,
                -0.8611232463643566
            ]
        ],
        "translation_vector": [
            -0.017875795605517348,
            0.03590854281050801,
            0.523921448897368
        ],
        "camera_position": [
            0.20754174932182262,
            0.10416597436700736,
            0.47135816976332495
        ]
    },
    {
        "frame": 31,
        "rotation_matrix": [
            [
                -0.5455246109531866,
                0.770585158700829,
                0.3295472834577653
            ],
            [
                0.48757607397665526,
                0.6116233714257086,
                -0.6230460846609673
            ],
            [
                -0.6816688865790235,
                -0.1792076022825712,
                -0.7093744880909139
            ]
        ],
        "translation_vector": [
            -0.01795414148181288,
            0.03370265436913357,
            0.4531220371720965
        ],
        "camera_position": [
            0.2826521606167632,
            0.07442477769486057,
            0.34834825856118634
        ]
    },
    {
        "frame": 32,
        "rotation_matrix": [
            [
                -0.5458616737634465,
                0.7698194752316881,
                0.33077637259964177
            ],
            [
                0.5002951670163464,
                0.6161395730714246,
                -0.6083393562440695
            ],
            [
                -0.6721158969822503,
                -0.16658331864076645,
                -0.7214639415621366
            ]
        ],
        "translation_vector": [
            -0.018465973363885297,
            0.033728438623524634,
            0.4344748216231442
        ],
        "camera_position": [
            0.26506339248900423,
            0.0658102978026027,
            0.34008436164292
        ]
    },
    {
        "frame": 33,
        "rotation_matrix": [
            [
                -0.5102707788282524,
                0.7692744582503934,
                0.38450037731785447
            ],
            [
                0.4814620833051157,
                0.625983773190341,
                -0.6134644064995801
            ],
            [
                -0.7126134959524039,
                -0.12791060779289523,
                -0.6897977107823319
            ]
        ],
        "translation_vector": [
            -0.017904107496291316,
            0.032327200746760605,
            0.4294313163287724
        ],
        "camera_position": [
            0.2813182873051738,
            0.04846569017144382,
            0.3229364620495983
        ]
    },
    {
        "frame": 34,
        "rotation_matrix": [
            [
                -0.5207967946697227,
                0.7659167765331282,
                0.37701749307803367
            ],
            [
                0.5008743455352961,
                0.6317823045616996,
                -0.591587702396946
            ],
            [
                -0.691299926693423,
                -0.11925858907353726,
                -0.7126582633253175
            ]
        ],
        "translation_vector": [
            -0.017884316358156748,
            0.03223076822687099,
            0.43283843642950287
        ],
        "camera_position": [
            0.27376351979789,
            0.04495477013275002,
            0.33427591464688516
        ]
    },
    {
        "frame": 35,
        "rotation_matrix": [
            [
                -0.5122254330190872,
                0.7725658143409606,
                0.37518950982149957
            ],
            [
                0.5015510637831841,
                0.6236982597475313,
                -0.5995389989032052
            ],
            [
                -0.6971883792680175,
                -0.11892242555375981,
                -0.7069553171976609
            ]
        ],
        "translation_vector": [
            -0.017343240516232223,
            0.03285391358884531,
            0.4310596119397841
        ],
        "camera_position": [
            0.2751681880228912,
            0.04417052061161706,
            0.33094408906110095
        ]
    },
    {
        "frame": 38,
        "rotation_matrix": [
            [
                -0.5270413802487155,
                0.7877867889962227,
                0.3187779142107401
            ],
            [
                0.5024936944034983,
                0.5913833478443601,
                -0.6306867867468932
            ],
            [
                -0.6853666687184699,
                -0.1722141427857137,
                -0.7075413899089785
            ]
        ],
        "translation_vector": [
            -0.00792734381098428,
            0.03489100570615986,
            0.45075469069768315
        ],
        "camera_position": [
            0.2872216921901063,
            0.06323742962709991,
            0.3434599587647129
        ]
    },
    {
        "frame": 39,
        "rotation_matrix": [
            [
                -0.5145985917728917,
                0.7896999751586881,
                0.3340093390606376
            ],
            [
                0.5089088260599676,
                0.5948139799688373,
                -0.6222605049269128
            ],
            [
                -0.6900725295964347,
                -0.15023407891686294,
                -0.7079757237563866
            ]
        ],
        "translation_vector": [
            -0.006508647253769992,
            0.03427550809755317,
            0.431742395210943
        ],
        "camera_position": [
            0.27714111749756787,
            0.04961474826153535,
            0.32916537866860374
        ]
    },
    {
        "frame": 40,
        "rotation_matrix": [
            [
                -0.5173564679535345,
                0.7911574917469134,
                0.3262086882953551
            ],
            [
                0.5126323263107398,
                0.5917399408094715,
                -0.6221349857322304
            ],
            [
                -0.6852374647433418,
                -0.15464044006512648,
                -0.7117133911966118
            ]
        ],
        "translation_vector": [
            -0.004039234444732459,
            0.03346509588075277,
            0.43180644608312563
        ],
        "camera_position": [
            0.2766449403567082,
            0.05016777558146519,
            0.3294598704006117
        ]
    },
    {
        "frame": 41,
        "rotation_matrix": [
            [
                -0.5034109374526787,
                0.8006726232311713,
                0.3248088337178192
            ],
            [
                0.501767671955525,
                0.5769325237545377,
                -0.6444983059826866
            ],
            [
                -0.7034249294937931,
                -0.1614689240762284,
                -0.6921857807874396
            ]
        ],
        "translation_vector": [
            -0.0030863537955014603,
            0.03237931984952353,
            0.4223575896855343
        ],
        "camera_position": [
            0.27929625754781257,
            0.05198810185337499,
            0.31422080975662947
        ]
    },
    {
        "frame": 42,
        "rotation_matrix": [
            [
                -0.5167976524145764,
                0.7980660670657569,
                0.30985599729064117
            ],
            [
                0.5083503867175185,
                0.5772858539795518,
                -0.6389999429728063
            ],
            [
                -0.6888396553501637,
                -0.1727182543719548,
                -0.7040371679277825
            ]
        ],
        "translation_vector": [
            -0.0025414416713609974,
            0.03067612148906028,
            0.4257854366757773
        ],
        "camera_position": [
            0.276390264141396,
            0.05786026472838819,
            0.32015829380788036
        ]
    },
    {
        "frame": 43,
        "rotation_matrix": [
            [
                -0.5100812066654095,
                0.8037267624830386,
                0.30633389279557843
            ],
            [
                0.5027588012633735,
                0.5675745576522272,
                -0.6519913413981004
            ],
            [
                -0.6978902136862041,
                -0.17855646942749426,
                -0.6935898188890987
            ]
        ],
        "translation_vector": [
            -0.0031747140060944348,
            0.028756753890835558,
            0.4179864673646525
        ],
        "camera_position": [
            0.27563159196163034,
            0.06086418862192579,
            0.309632835241084
        ]
    },
    {
        "frame": 44,
        "rotation_matrix": [
            [
                -0.5167367681884301,
                0.8019476175095132,
                0.2997717984951089
            ],
            [
                0.5141164243234798,
                0.5706398003146573,
                -0.6403549957154138
            ],
            [
                -0.6845928824075052,
                -0.1767773658239748,
                -0.7071650078230117
            ]
        ],
        "translation_vector": [
            -0.0037906037905396663,
            0.02745197313996486,
            0.4238527724409703
        ],
        "camera_position": [
            0.274094336578227,
            0.06230225381721628,
            0.31844917339711826
        ]
    },
    {
        "frame": 45,
        "rotation_matrix": [
            [
                -0.5094964007749094,
                0.8077694237739249,
                0.296516400243484
            ],
            [
                0.5168071263738329,
                0.5627853267712006,
                -0.645122523324255
            ],
            [
                -0.6879853281332633,
                -0.17544581495998732,
                -0.704198093072107
            ]
        ],
        "translation_vector": [
            -0.005368378286020076,
            0.026220884706266503,
            0.41651455820525285
        ],
        "camera_position": [
            0.2702695955083715,
            0.06265541877407238,
            0.3118162531349271
        ]
    },
    {
        "frame": 46,
        "rotation_matrix": [
            [
                -0.49375040657480523,
                0.814663186686323,
                0.30419472096882316
            ],
            [
                0.5185333280362321,
                0.5566322493204291,
                -0.6490637308709754
            ],
            [
                -0.6980929191181386,
                -0.16274037997548732,
                -0.6972674128356711
            ]
        ],
        "translation_vector": [
            -0.005574582797298239,
            0.024471254232729903,
            0.4186302920832839
        ],
        "camera_position": [
            0.2768012292105296,
            0.05904797090172009,
            0.3094764229254822
        ]
    },
    {
        "frame": 47,
        "rotation_matrix": [
            [
                -0.48208718553211954,
                0.8165724734435347,
                0.31749226944923825
            ],
            [
                0.5234682525430927,
                0.5590489121423522,
                -0.6429971247306894
            ],
            [
                -0.7025474604076231,
                -0.14378355068212983,
                -0.6969600823777777
            ]
        ],
        "translation_vector": [
            -0.007247343858096365,
            0.02298867053801003,
            0.4169521436331583
        ],
        "camera_position": [
            0.27740097882303566,
            0.053017049920329,
            0.3076816250804646
        ]
    },
    {
        "frame": 50,
        "rotation_matrix": [
            [
                -0.4796792277415226,
                0.822923717208605,
                0.30447396297363094
            ],
            [
                0.5370277916496429,
                0.549758141693765,
                -0.6398180496338982
            ],
            [
                -0.693908487820407,
                -0.1433964479929312,
                -0.7056404674009324
            ]
        ],
        "translation_vector": [
            -0.009619140150281586,
            0.021723839307621257,
            0.42785448856011704
        ],
        "camera_position": [
            0.28061145399557635,
            0.05732577495796143,
            0.31873952350546536
        ]
    },
    {
        "frame": 51,
        "rotation_matrix": [
            [
                -0.48289008870048444,
                0.8241165967742932,
                0.2960557331922411
            ],
            [
                0.5411457447384969,
                0.5466439201629891,
                -0.6390162028464199
            ],
            [
                -0.6884609249523578,
                -0.1483652906511374,
                -0.7099361206078668
            ]
        ],
        "translation_vector": [
            -0.010046187238267452,
            0.021866238347037836,
            0.4302795353937557
        ],
        "camera_position": [
            0.2795466208437299,
            0.06016473171804619,
            0.3224180960620689
        ]
    },
    {
        "frame": 52,
        "rotation_matrix": [
            [
                -0.45228929216678754,
                0.8261803824313334,
                0.33594697777607985
            ],
            [
                0.5337781877435865,
                0.5525201610916217,
                -0.6401580413276557
            ],
            [
                -0.7145034936796592,
                -0.1102154584117116,
                -0.6908960198515096
            ]
        ],
        "translation_vector": [
            -0.010931073914095063,
            0.021495743456753848,
            0.427285518077376
        ],
        "camera_position": [
            0.2888790287952323,
            0.044247676436806105,
            0.31264279805329387
        ]
    },
    {
        "frame": 53,
        "rotation_matrix": [
            [
                -0.4762609392869729,
                0.8255262056385004,
                0.30279035901691254
            ],
            [
                0.5382944990016401,
                0.5460120813245084,
                -0.6419578174555179
            ],
            [
                -0.6952801953558462,
                -0.14274904851444445,
                -0.7044204419905467
            ]
        ],
        "translation_vector": [
            -0.011112867733044178,
            0.021205010242894833,
            0.432194789364669
        ],
        "camera_position": [
            0.2837893123915106,
            0.059291166710899186,
            0.3214244358555179
        ]
    },
    {
        "frame": 54,
        "rotation_matrix": [
            [
                -0.47561663637593876,
                0.8269074306905513,
                0.30002152634634227
            ],
            [
                0.5399344117656273,
                0.5436896970990878,
                -0.6425514331628306
            ],
            [
                -0.6944491674656568,
                -0.14361620499460623,
                -0.7050636421410504
            ]
        ],
        "translation_vector": [
            -0.011684605985301544,
            0.02083221124032112,
            0.43329694276780634
        ],
        "camera_position": [
            0.2840972804525901,
            0.060564291450860175,
            0.32239332110733676
        ]
    },
    {
        "frame": 55,
        "rotation_matrix": [
            [
                -0.47080483436070175,
                0.830574766008544,
                0.29746994135953453
            ],
            [
                0.5426636984043084,
                0.538480543035399,
                -0.6446354126220957
            ],
            [
                -0.6955996825594087,
                -0.14207133012031065,
                -0.7042420171937313
            ]
        ],
        "translation_vector": [
            -0.011362358325254276,
            0.020335251798193506,
            0.4348958668357689
        ],
        "camera_position": [
            0.28612877073930093,
            0.06027338494143367,
            0.32276072602806033
        ]
    },
    {
        "frame": 56,
        "rotation_matrix": [
            [
                -0.4746677494139014,
                0.8296905581317534,
                0.29377560384307155
            ],
            [
                0.5471665066178043,
                0.5396010025199137,
                -0.6398746534401663
            ],
            [
                -0.6894195686967481,
                -0.14298369077109443,
                -0.7101100777143399
            ]
        ],
        "translation_vector": [
            -0.010977033604297986,
            0.019782584946394746,
            0.43865910934858154
        ],
        "camera_position": [
            0.2863853622388171,
            0.06115393691329234,
            0.3273794135918577
        ]
    },
    {
        "frame": 57,
        "rotation_matrix": [
            [
                -0.45096400582483626,
                0.8304167017228186,
                0.327169018933964
            ],
            [
                0.5423078250956699,
                0.5460701189399678,
                -0.6385214546441598
            ],
            [
                -0.7088961054276017,
                -0.11052387389466978,
                -0.696599443732834
            ]
        ],
        "translation_vector": [
            -0.011099534298734526,
            0.01945791343499813,
            0.4314855262290086
        ],
        "camera_position": [
            0.2903207399261424,
            0.046281305447551574,
            0.31662829648789254
        ]
    },
    {
        "frame": 58,
        "rotation_matrix": [
            [
                -0.45243860859358875,
                0.8308466428551406,
                0.3240264827297913
            ],
            [
                0.5444001438700501,
                0.5451022033607295,
                -0.6375673072276735
            ],
            [
                -0.7063482064875412,
                -0.11206000155104495,
                -0.6989383143341147
            ]
        ],
        "translation_vector": [
            -0.009970619412331431,
            0.019273206678152986,
            0.4359152429688268
        ],
        "camera_position": [
            0.29290452038945636,
            0.046626851043044815,
            0.3201965763354254
        ]
    },
    {
        "frame": 59,
        "rotation_matrix": [
            [
                -0.45583950673118917,
                0.830706134219584,
                0.3195898350589714
            ],
            [
                0.547629253686209,
                0.5448176914862336,
                -0.6350400645240397
            ],
            [
                -0.7016498732346153,
                -0.11445960690813756,
                -0.7032684080607366
            ]
        ],
        "translation_vector": [
            -0.009169831319959302,
            0.018825525941212097,
            0.43817141225145123
        ],
        "camera_position": [
            0.2929535357541283,
            0.04751388314762827,
            0.3230376596392736
        ]
    },
    {
        "frame": 63,
        "rotation_matrix": [
            [
                -0.4426330764673419,
                0.8396840288991367,
                0.31465328733189807
            ],
            [
                0.5540805992883371,
                0.5320106292524779,
                -0.6402807039530862
            ],
            [
                -0.7050323745115066,
                -0.10906613578052649,
                -0.7007381314846298
            ]
        ],
        "translation_vector": [
            -0.01041883312968484,
            0.019231259264970192,
            0.4401907740661817
        ],
        "camera_position": [
            0.29508135885794184,
            0.046527200169524455,
            0.3240501848304062
        ]
    },
    {
        "frame": 64,
        "rotation_matrix": [
            [
                -0.4229890599513511,
                0.8472044727517314,
                0.3214418089031559
            ],
