[
    {
        "frame": 2,
        "rotation_matrix": [
            [
                -0.3078456700796966,
                0.6269468720353186,
                0.7156595999903255
            ],
            [
                0.75651883222305,
                0.6174493345834184,
                -0.2154891545168029
            ],
            [
                -0.5769837951841068,
                0.47507256168676365,
                -0.6643762196431483
            ]
        ],
        "translation_vector": [
            -0.06514158486975671,
            -0.018163444027122874,
            0.35316787728182353
        ],
        "camera_position": [
            0.1974595747914455,
            -0.11572504886394508,
            0.2773415145820012
        ]
    },
    {
        "frame": 3,
        "rotation_matrix": [
            [
                -0.3261467565297598,
                0.5814536562997656,
                0.7453455163752927
            ],
            [
                0.898484063308761,
                0.43576988536905725,
                0.053207095256336545
            ],
            [
                -0.29386167015331527,
                0.6870343896640638,
                -0.6645517784444125
            ]
        ],
        "translation_vector": [
            -0.06603456991498335,
            -0.013478691836460357,
            0.3381249173079585
        ],
        "camera_position": [
            0.08993538193326836,
            -0.1880337960771366,
            0.2746372477857507
        ]
    },
    {
        "frame": 4,
        "rotation_matrix": [
            [
                -0.6922479202944273,
                0.6411892858895883,
                0.3311632777172614
            ],
            [
                0.07923322536464783,
                0.5236458986153419,
                -0.8482435197875933
            ],
            [
                -0.7172969488617355,
                -0.5609556778603189,
                -0.4132962794774649
            ]
        ],
        "translation_vector": [
            -0.06959470354163137,
            -0.02105114763601626,
            0.29811498100128214
        ],
        "camera_position": [
            0.16732812781682135,
            0.2228760166341925,
            0.12840052307459007
        ]
    },
    {
        "frame": 5,
        "rotation_matrix": [
            [
                -0.7642177659528784,
                0.6093088977452799,
                0.21145655187395726
            ],
            [
                0.10708640549315812,
                0.4431841942806347,
                -0.890011388521731
            ],
            [
                -0.636006059688543,
                -0.6575183929505369,
                -0.4039379345533133
            ]
        ],
        "translation_vector": [
            -0.06772259672359378,
            -0.014057478987494699,
            0.28007074011590144
        ],
        "camera_position": [
            0.12787724117760227,
            0.2316456962142658,
            0.1149402666855815
        ]
    },
    {
        "frame": 6,
        "rotation_matrix": [
            [
                -0.7006751870209158,
                0.6650150464915496,
                0.2584748928485062
            ],
            [
                0.1638992559311651,
                0.5026092277015999,
                -0.8488350830016461
            ],
            [
                -0.6943999684608396,
                -0.5523938379173351,
                -0.4611612859212509
            ]
        ],
        "translation_vector": [
            -0.06706512032182121,
            -0.013850119579466056,
            0.2802433523780556
        ],
        "camera_position": [
            0.14988013362224162,
            0.2063652129851218,
            0.13481556713978246
        ]
    },
    {
        "frame": 19,
        "rotation_matrix": [
            [
                -0.8952237947350575,
                0.4446302689283962,
                0.0296358109864667
            ],
            [
                0.001310773896562284,
                0.0691323103990481,
                -0.9976066386761273
            ],
            [
                -0.4456149001233639,
                -0.8930423548810835,
                -0.062471699004371106
            ]
        ],
        "translation_vector": [
            -0.05720449928810947,
            -0.00791231470814354,
            0.30595447823592936
        ],
        "camera_position": [
            0.08513741658836013,
            0.2992121562289922,
            0.012915420121733509
        ]
    },
    {
        "frame": 22,
        "rotation_matrix": [
            [
                -0.5051192980164123,
                0.8616856351547935,
                0.04850114369050501
            ],
            [
                0.16530636776454682,
                0.04143947696847028,
                0.9853712876500268
            ],
            [
                0.8470704218351028,
                0.5057476009992136,
                -0.16337400201880647
            ]
        ],
        "translation_vector": [
            -0.05456458831021854,
            -0.0799898683418312,
            0.5265006866721783
        ],
        "camera_position": [
            -0.46032195070613313,
            -0.21594419896698006,
            0.16748268875227695
        ]
    },
    {
        "frame": 25,
        "rotation_matrix": [
            [
                -0.39519198950951273,
                0.6307247304193166,
                0.6678395060678827
            ],
            [
                0.2718141669950215,
                0.7747543560127695,
                -0.5708526486406464
            ],
            [
                -0.8774624493665332,
                -0.04406815490486382,
                -0.47761663253593367
            ]
        ],
        "translation_vector": [
            -0.03446067228852325,
            0.000992589986745845,
            0.3230441992607575
        ],
        "camera_position": [
            0.2695707726750429,
            0.035202146637422,
            0.17787210359407274
        ]
    },
    {
        "frame": 26,
        "rotation_matrix": [
            [
                -0.9275905196962513,
                0.2824274128252251,
                -0.24456202537288665
            ],
            [
                0.3732669611695697,
                0.7281750945412164,
                -0.5748328516961483
            ],
            [
                0.015735420835603614,
                -0.6244964276717209,
                -0.7808691365116088
            ]
        ],
        "translation_vector": [
            -0.03776494639646205,
            0.011646295902327568,
            0.33617417079959555
        ],
        "camera_position": [
            -0.044667425786130456,
            0.2121248822263541,
            0.25996683617620114
        ]
    },
    {
        "frame": 27,
        "rotation_matrix": [
            [
                -0.7560885347153412,
                0.5358961670770954,
                0.3756932602324483
            ],
            [
                0.47755635230080284,
                0.84427209837731,
                -0.24319653426545007
            ],
            [
                -0.44751542772194997,
                -0.0044634083000091584,
                -0.8942650725244655
            ]
        ],
        "translation_vector": [
            -0.030170576656370372,
            0.0004364115965192077,
            0.42154677162066845
        ],
        "camera_position": [
            0.16562864558086318,
            0.017681381613598866,
            0.3884155703907229
        ]
    },
    {
        "frame": 28,
        "rotation_matrix": [
            [
                -0.826384910816008,
                0.5189255421881868,
                -0.21864185518860502
            ],
            [
                0.5619514470274231,
                0.7351399746820418,
                -0.37918305448460066
            ],
            [
                -0.03603540424920837,
                -0.4362172615671951,
                -0.8991195417470434
            ]
        ],
        "translation_vector": [
            -0.024559404730160394,
            0.002509604619889096,
            0.4400326330550317
        ],
        "camera_position": [
            -0.005849043620259588,
            0.20284942193015876,
            0.3912238251189732
        ]
    },
    {
        "frame": 29,
        "rotation_matrix": [
            [
                -0.8022091733308568,
                0.5661094772017738,
                0.18968527103114144
            ],
            [
                0.5820783463884165,
                0.8122666762819438,
                0.03751859895585425
            ],
            [
                -0.13283539019986332,
                0.14050945314895322,
                -0.9811278472687605
            ]
        ],
        "translation_vector": [
            -0.037909987116488596,
            -0.0035030671107060796,
            0.43608212345243597
        ],
        "camera_position": [
            0.029554459113374995,
            -0.03696703302828892,
            0.43517471136629854
        ]
    },
    {
        "frame": 30,
        "rotation_matrix": [
            [
                -0.7919031120027948,
                0.5846612969362407,
                0.17624025949005562
            ],
            [
                0.49283677284065325,
                0.782338218687145,
                -0.38086589098715007
            ],
            [
                -0.36055703645373427,
                -0.21475120359676303,
                -0.9076786568039606
            ]
        ],
        "translation_vector": [
            -0.04098568418317954,
            0.0075465462243205226,
            0.4541896924943457
        ],
        "camera_position": [
            0.12758538317408363,
            0.11559657486438624,
            0.42235583968489426
        ]
    },
    {
        "frame": 31,
        "rotation_matrix": [
            [
                -0.7125207705225003,
                0.4105135484501838,
                0.5690279238428119
            ],
            [
                0.6320930360651986,
                0.02349921042537162,
                0.774536106884155
            ],
            [
                0.3045858587195107,
                0.9115516516622755,
                -0.2762264307047313
            ]
        ],
        "translation_vector": [
            -0.04892728218380217,
            -0.004982560133649095,
            0.43463227355800294
        ],
        "camera_position": [
            -0.16409510750779646,
            -0.37598736837319374,
            0.15175708412256264
        ]
    },
    {
        "frame": 32,
        "rotation_matrix": [
            [
                -0.7936335099016629,
                0.5850106651253645,
                0.16705799487227674
            ],
            [
                0.5031044403828747,
                0.7854572979212746,
                -0.3604757345637067
            ],
            [
                -0.34209907048719307,
                -0.2020380034344728,
                -0.9176866955230475
            ]
        ],
        "translation_vector": [
            -0.04625733402864623,
            0.007070436374347925,
            0.47786661094730615
        ],
        "camera_position": [
            0.12320918512271138,
            0.11805472388109658,
            0.4488082093177229
        ]
    },
    {
        "frame": 33,
        "rotation_matrix": [
            [
                -0.8060447728400764,
                0.5736406591190083,
                0.14569906788548542
            ],
            [
                0.48248580157089294,
                0.7794494840605712,
                -0.3995822231784115
            ],
            [
                -0.34278167316775043,
                -0.251783430755915,
                -0.9050446555486082
            ]
        ],
        "translation_vector": [
            -0.04666501682122524,
            0.008219735114173931,
            0.4681188717208619
        ],
        "camera_position": [
            0.11888257172137111,
            0.13822665823673652,
            0.43375199249698293
        ]
    },
    {
        "frame": 34,
        "rotation_matrix": [
            [
                -0.8042773943738034,
                0.5644441529939362,
                0.18585120674949487
            ],
            [
                0.42382208129815,
                0.764059727830244,
                -0.48640268884133336
            ],
            [
                -0.4165485761629608,
                -0.3124348419413758,
                -0.8537398627437269
            ]
        ],
        "translation_vector": [
            -0.04828759815468028,
            0.007724619004429253,
            0.4702031276929247
        ],
        "camera_position": [
            0.15375195561975064,
            0.168261422027493,
            0.4141627375403399
        ]
    },
    {
        "frame": 36,
        "rotation_matrix": [
            [
                -0.7118063870796889,
                -0.14149345878585295,
                -0.6879762121130181
            ],
            [
                0.3624087060712511,
                0.765054527554267,
                -0.532307711415568
            ],
            [
                0.6016573751532693,
                -0.6282285977170524,
                -0.4932922378612339
            ]
        ],
        "translation_vector": [
            -0.030619645209135477,
            0.017523211855333162,
            0.37698867728694097
        ],
        "camera_position": [
            -0.25496384160364416,
            0.21909637601252985,
            0.1742277415393586
        ]
    },
    {
        "frame": 37,
        "rotation_matrix": [
            [
                -0.8197778627237342,
                0.5723668478841093,
                0.018985447882927338
            ],
            [
                0.5726761086459102,
                0.8194649949385046,
                0.022785887224650966
            ],
            [
                -0.0025160235062720235,
                0.029551878343782968,
                -0.9995600812918002
            ]
        ],
        "translation_vector": [
            -0.045120477465859524,
            0.00452729277777109,
            0.44791617288733226
        ],
        "camera_position": [
            -0.038454473372887474,
            0.008878743259559384,
            0.44847260027388747
        ]
    },
    {
        "frame": 38,
        "rotation_matrix": [
            [
                -0.7713643309093733,
                0.5883819674582587,
                0.2424948027704588
            ],
            [
                0.46974803611524885,
                0.7834905477792972,
                -0.406791524132895
            ],
            [
                -0.42934118317091585,
                -0.19987301446279712,
                -0.8807479358607392
            ]
        ],
        "translation_vector": [
            -0.04569702631372908,
            0.014466914193778966,
            0.4819362482700932
        ],
        "camera_position": [
            0.16487021838702093,
            0.11187866644373828,
            0.44143066533788466
        ]
    },
    {
        "frame": 40,
        "rotation_matrix": [
            [
                -0.7776963972063573,
                0.589438743790953,
                0.21851837700842253
            ],
            [
                0.4733158581859209,
                0.7777924290172874,
                -0.4135348059754024
            ],
            [
                -0.4137153757862729,
                -0.21817631558336437,
                -0.8838770746865716
            ]
        ],
        "translation_vector": [
            -0.047348619834701844,
            0.01573554993168606,
            0.46852233328539017
        ],
        "camera_position": [
            0.14956415680134208,
            0.11789059583704065,
            0.43096989051740153
        ]
    },
    {
        "frame": 41,
        "rotation_matrix": [
            [
                -0.774308163508466,
                0.5876935435866828,
                0.23465542131106673
            ],
            [
                0.4614440851333023,
                0.7781207852422347,
                -0.4261424642880556
            ],
            [
                -0.43303143560212365,
                -0.2216852327074015,
                -0.8736929857677862
            ]
        ],
        "translation_vector": [
            -0.04687945594950755,
            0.014682076084427413,
            0.48353708601187395
        ],
        "camera_position": [
            0.16631265591341393,
            0.12331935645178209,
            0.43972013497731693
        ]
    },
    {
        "frame": 42,
        "rotation_matrix": [
            [
                -0.7798570045181844,
                0.586265880244519,
                0.21935216015586417
            ],
            [
                0.4870040888522526,
                0.7884209261407715,
                -0.37579177833544286
            ],
            [
                -0.39325573097554695,
                -0.18623845168076,
                -0.9003694625932409
            ]
        ],
        "translation_vector": [
            -0.0472268554196514,
            0.014775580597223906,
            0.48405188130563137
        ],
        "camera_position": [
            0.14633021424653797,
            0.10618718993257148,
            0.4517373867006372
        ]
    },
    {
        "frame": 43,
        "rotation_matrix": [
            [
                -0.7711560237982815,
                0.591805263304494,
                0.23470176242355462
            ],
            [
                0.4718552398944681,
                0.7787807544244553,
                -0.4133438872442776
            ],
            [
                -0.42740030363086795,
                -0.20800737213660156,
                -0.8798078844799399
            ]
        ],
        "translation_vector": [
            -0.046653819039110624,
            0.016044640284032775,
            0.48370459355059786
        ],
        "camera_position": [
            0.16318736897572325,
            0.11572883999059584,
            0.4431488027016877
        ]
    },
    {
        "frame": 44,
        "rotation_matrix": [
            [
                -0.7645762928262638,
                0.5977881595546087,
                0.24098217515899573
            ],
            [
                0.4918993867773448,
                0.7827920224540902,
                -0.3811451729594742
            ],
            [
                -0.41648299573466313,
                -0.17287557918499924,
                -0.8925558516895913
            ]
        ],
        "translation_vector": [
            -0.045118525620586915,
            0.01619356142225875,
            0.4863795966400512
        ],
        "camera_position": [
            0.1601066734827401,
            0.09837828416899881,
            0.4511658133366334
        ]
    },
    {
        "frame": 45,
        "rotation_matrix": [
            [
                -0.8116024499690704,
                0.5789139997351701,
                0.0784859485183814
            ],
            [
                0.4957313508281141,
                0.75352607940562,
                -0.43179726198961466
            ],
            [
                -0.3091146890885903,
                -0.3115397704406647,
                -0.8985494312632122
            ]
        ],
        "translation_vector": [
            -0.04335968082251803,
            0.0160887285044153,
            0.47884160712872537
        ],
        "camera_position": [
            0.10485046421024372,
            0.16215645410197282,
            0.4406130483445891
        ]
    },
    {
        "frame": 47,
        "rotation_matrix": [
            [
                -0.7645533922611447,
                0.6117495143753016,
                0.20302867295916316
            ],
            [
                0.47401367294411706,
                0.7470800759252483,
                -0.4660283231924361
            ],
            [
                -0.43677127680744277,
                -0.2600651684042073,
                -0.8611602405701784
            ]
        ],
        "translation_vector": [
            -0.04027096942878903,
            0.015084347033209102,
            0.46677135080264365
        ],
        "camera_position": [
            0.16593282583960478,
            0.1347575008173805,
            0.41717082318471704
        ]
    },
    {
        "frame": 48,
        "rotation_matrix": [
            [
                -0.8097561739735977,
                0.5813964860617836,
                -0.07920268118347323
            ],
            [
                0.5531183653110793,
                0.7112822010258478,
                -0.43374843453253437
            ],
            [
                -0.19584435827268576,
                -0.3950389303585598,
                -0.8975462276863097
            ]
        ],
        "translation_vector": [
            -0.03475206924328781,
            0.011812277253186456,
            0.47360330199159517
        ],
        "camera_position": [
            0.05807824464137494,
            0.19889461021069102,
            0.4274519568284281
        ]
    },
    {
        "frame": 49,
        "rotation_matrix": [
            [
                -0.5998873751858081,
                0.7787738141865945,
                0.18342977792590015
            ],
            [
                0.3539569771209852,
                0.4639283157104378,
                -0.8120868033833889
            ],
            [
                -0.7175302052457833,
                -0.4222343711960693,
                -0.5539571647163741
            ]
        ],
        "translation_vector": [
            -0.023071538237833755,
            0.01910205976096218,
            0.3248674895898208
        ],
        "camera_position": [
            0.2125006046382988,
            0.14627574361012993,
            0.19970721122639634
        ]
    },
    {
        "frame": 50,
        "rotation_matrix": [
            [
                -0.8172326935896539,
                0.5665622835202581,
                0.10553626590186743
            ],
            [
                0.4714278129462673,
                0.7625361189120797,
                -0.4430513339729407
            ],
            [
                -0.33149139009768896,
                -0.3123233040405625,
                -0.8902626646357176
            ]
        ],
        "translation_vector": [
            -0.03106660860994358,
            0.012862579866408305,
            0.48112679180965057
        ],
        "camera_position": [
            0.1280369628999552,
            0.158060096265178,
            0.4373066567391676
        ]
    },
    {
        "frame": 51,
        "rotation_matrix": [
            [
                -0.8186420591990184,
                0.5628615036674436,
                0.11407062110646744
            ],
            [
                0.4731589507590619,
                0.7735988531949097,
                -0.4215037623225967
            ],
            [
                -0.3254931431335758,
                -0.29108717255273353,
                -0.8996235166714356
            ]
        ],
        "translation_vector": [
            -0.031096411847476885,
            0.01251598461758264,
            0.487097934127424
        ],
        "camera_position": [
            0.1271681568151155,
            0.1496085821857954,
            0.4470274780822115
        ]
    },
    {
        "frame": 52,
        "rotation_matrix": [
            [
                -0.7768953363793918,
                0.5918822825404779,
                0.21473006293163874
            ],
            [
                0.4692506988640594,
                0.7716824486452415,
                -0.4293133821213535
            ],
            [
                -0.419806405295993,
                -0.23276933231754826,
                -0.877257670245692
            ]
        ],
        "translation_vector": [
            -0.028788130339904273,
            0.011603754678087127,
            0.4979608097752376
        ],
        "camera_position": [
            0.18123670333373107,
            0.1239947756838781,
            0.44800326406281105
        ]
    },
    {
        "frame": 53,
        "rotation_matrix": [
            [
                -0.8296164724864281,
                0.552406544920401,
                0.08113887914114144
            ],
            [
                0.465789877423058,
                0.7648895548165539,
                -0.44495365941044646
            ],
            [
                -0.3078575947891954,
                -0.33134721677062556,
                -0.8918703511547919
            ]
        ],
        "translation_vector": [
            -0.026730255814789647,
            0.013458389553065667,
            0.47447659231488754
        ],
        "camera_position": [
            0.11762658033587507,
            0.16168828495204302,
            0.43132882767998365
        ]
    },
    {
        "frame": 54,
        "rotation_matrix": [
            [
                -0.8215169331071009,
                0.5650519580751437,
                0.076329635750139
            ],
            [
                0.4884852057395236,
                0.7665189145355008,
                -0.4169303987872935
            ],
            [
                -0.29409544775789753,
                -0.30522948470742833,
                -0.9057277898316466
            ]
        ],
        "translation_vector": [
            -0.02921239360663781,
            0.013229014502138047,
            0.4913306427520783
        ],
        "camera_position": [
            0.11403745150209743,
            0.15633482927912565,
            0.45275716679172584
        ]
    },
    {
        "frame": 55,
        "rotation_matrix": [
            [
                -0.7651553346569654,
                0.6049000078324205,
                0.22052957708734897
            ],
            [
                0.4692543855909728,
                0.7584565691741555,
                -0.45226535825796765
            ],
            [
                -0.44083742519167524,
                -0.24256878035086657,
                -0.864189071528602
            ]
        ],
        "translation_vector": [
            -0.030489499030956553,
            0.012623229979543326,
            0.5062472829592995
        ],
        "camera_position": [
            0.19392003986728013,
            0.13166871248382875,
            0.4499262553804474
        ]
    },
    {
        "frame": 56,
        "rotation_matrix": [
            [
                -0.8153445038504439,
                0.5731197093475565,
                0.08214096906079174
            ],
            [
                0.47688471182742476,
                0.7452329269529937,
                -0.4660567092214714
            ],
            [
                -0.32832044052441756,
                -0.34082500398657006,
                -0.8809335985143301
            ]
        ],
        "translation_vector": [
            -0.030354740267948384,
            0.013846514715782333,
            0.4815856592988438
        ],
        "camera_position": [
            0.12676165398790892,
            0.17121445548035039,
            0.43319161670284867
        ]
    },
    {
        "frame": 59,
        "rotation_matrix": [
            [
                -0.802534261614749,
                0.5946872185587572,
                0.04781078348363167
            ],
            [
                0.5384544349229582,
                0.7564908351695289,
                -0.3711986500733891
            ],
            [
                -0.2569155122725512,
                -0.2721557061451361,
                -0.9273217840460639
            ]
        ],
        "translation_vector": [
            -0.03765515724927921,
            0.011860687698504043,
            0.5127240840900504
        ],
        "camera_position": [
            0.09512077700693672,
            0.15296132434938603,
            0.48166320621468384
        ]
    },
    {
        "frame": 60,
        "rotation_matrix": [
            [
                -0.7933228609693062,
                0.6042270480970172,
                0.0744883387614455
            ],
            [
                0.5149902582431903,
                0.7312907469707366,
                -0.4472123402921633
            ],
            [
                -0.32469042514075935,
                -0.31642300444649474,
                -0.8913207111242095
            ]
        ],
        "translation_vector": [
            -0.03484741349144963,
            0.012486317926236157,
            0.4920398034176437
        ],
        "camera_position": [
            0.12568503109609422,
            0.1676173339292369,
            0.4467450288861658
        ]
    },
    {
        "frame": 61,
        "rotation_matrix": [
            [
                -0.7911261597371776,
                0.6066954049754024,
                0.0777179835124292
            ],
            [
                0.5155485376305639,
                0.7297905327385256,
                -0.4490161285212433
            ],
            [
                -0.32913387052458276,
                -0.31516101266963703,
                -0.8901373104002304
            ]
        ],
        "translation_vector": [
            -0.035798549931487705,
            0.013034888045738637,
            0.49471413653812096
        ],
        "camera_position": [
            0.12778589176040253,
            0.16812068611046874,
            0.4489985769943649
        ]
    },
    {
        "frame": 63,
        "rotation_matrix": [
            [
                -0.6875967657875173,
                0.7092953917783862,
                0.15527631783530887
            ],
            [
                0.526268432244924,
                0.6341739396249713,
                -0.5664494253885453
            ],
            [
                -0.500252161315687,
                -0.3077717685274087,
                -0.809335723662619
            ]
        ],
        "translation_vector": [
            -0.03818382341595653,
            0.0034092775151296313,
            0.5514072619404567
        ],
        "camera_position": [
            0.2477934059316901,
            0.19462912322264347,
            0.4541338221657415
        ]
    },
    {
        "frame": 64,
        "rotation_matrix": [
            [
                -0.7951474583914585,
                0.601817207672781,
                0.07454239037313376
            ],
            [
                0.5462547489562504,
                0.764209801169538,
                -0.34291271344054736
            ],
            [
                -0.26333679700404133,
                -0.23194703780249476,
                -0.9364049887726467
            ]
        ],
        "translation_vector": [
            -0.04097919415550282,
            0.013615662689197075,
            0.5223599235358816
        ],
        "camera_position": [
            0.09753446666337648,
            0.13541659825372804,
            0.49686410925985747
        ]
    },
    {
        "frame": 66,
        "rotation_matrix": [
            [
                -0.7959285854523973,
                0.6028994093696115,
                0.054863367026818224
            ],
            [
                0.5425307070464745,
                0.7505612760054973,
                -0.37725084873682113
            ],
            [
                -0.26862263264922076,
                -0.27049967309180445,
                -0.9244846175495992
            ]
        ],
        "translation_vector": [
            -0.0415815175489996,
            0.014477470443192739,
            0.5224829518972929
        ],
        "camera_position": [
            0.0994003553334579,
            0.1555347113660681,
            0.490770392032034
        ]
    },
    {
        "frame": 67,
        "rotation_matrix": [
            [
                -0.7918525188477836,
                0.6053092062516611,
                0.08105771537247013
            ],
            [
                0.5458957390169071,
                0.7610542852106124,
                -0.35042005805282994
            ],
            [
                -0.27380180882822,
                -0.23323194418764326,
                -0.933078469204411
            ]
        ],
        "translation_vector": [
            -0.04206458877191981,
            0.014394852203814928,
            0.5235138231433395
        ],
        "camera_position": [
            0.10217199266804161,
            0.13660696566697364,
            0.49693338111479296
        ]
    },
    {
        "frame": 68,
        "rotation_matrix": [
            [
                -0.7928519312526396,
                0.6040617177394885,
                0.0805931527524402
            ],
            [
                0.5239732539642317,
                0.7432349070749155,
                -0.4159974784003813
            ],
            [
                -0.3111877957746645,
                -0.28759574765103807,
                -0.9057874152879064
            ]
        ],
        "translation_vector": [
            -0.042015153675609915,
            0.015859668636187027,
            0.5225138730350389
        ],
        "camera_position": [
            0.12097810249577554,
            0.1638650545288737,
            0.4832702063674963
        ]
    },
    {
        "frame": 70,
        "rotation_matrix": [
            [
                -0.5660230455901443,
                0.7795297513201578,
                0.26823735509356356
            ],
            [
                0.35585008021972736,
                0.5245333621152048,
                -0.7734568329491521
            ],
            [
                -0.7436320543578465,
                -0.3423421078904144,
                -0.5742936956790285
            ]
        ],
        "translation_vector": [
            -0.03150902440748129,
            0.01720870139336785,
            0.38809413968909634
        ],
        "camera_position": [
            0.26464069065123974,
            0.148396649802287,
            0.24464210280094756
        ]
    },
    {
        "frame": 71,
        "rotation_matrix": [
            [
                -0.7988584482778339,
                0.5997432535771591,
                0.04618667993929711
            ],
            [
                0.5411715200495691,
                0.7501116238561252,
                -0.38008675015470694
            ],
            [
                -0.2625996296691419,
                -0.2786405956507616,
                -0.9237969760466953
            ]
        ],
        "translation_vector": [
            -0.040143934358972566,
            0.01650188308706454,
            0.5255231680449848
        ],
        "camera_position": [
            0.09700251904748419,
            0.15812988805704603,
            0.49360297564417355
        ]
    },
    {
        "frame": 72,
        "rotation_matrix": [
            [
                -0.7284553134628591,
                0.6590142462731001,
                0.18722467651681304
            ],
            [
                0.5160268690698113,
                0.7075583396201626,
                -0.48278097148910665
            ],
            [
                -0.450631919293047,
                -0.2550714002844215,
                -0.8554936902579755
            ]
        ],
        "translation_vector": [
            -0.03937029234296563,
            0.01970626104804639,
            0.435166357260069
        ],
        "camera_position": [
            0.1572513919443535,
            0.12300074628967055,
            0.38916697095001485
        ]
    },
    {
        "frame": 73,
        "rotation_matrix": [
            [
                -0.7899412974059501,
                0.6086718198021923,
                -0.07423855084315471
            ],
            [
                0.579678064121026,
                0.7018127339357951,
                -0.4140437518698528
            ],
            [
                -0.19991520359768472,
                -0.3701047179708092,
                -0.9072245637692158
            ]
        ],
        "translation_vector": [
            -0.036032735602248095,
            0.01589250548060409,
            0.5083875629438818
        ],
        "camera_position": [
            0.06395812043070208,
            0.19893518363425158,
            0.46512685953923394
        ]
    },
    {
        "frame": 74,
        "rotation_matrix": [
            [
                -0.8008027561023652,
                0.5950959112737781,
                0.06764467609566374
            ],
            [
                0.5048159760304323,
                0.731427616930018,
                -0.4584478940256089
            ],
            [
                -0.3222976515013686,
                -0.3329782238785377,
                -0.8861431748083357
            ]
        ],
        "translation_vector": [
            -0.03667434711746169,
            0.02128508944223007,
            0.5060084528571985
        ],
        "camera_position": [
            0.1229713645441235,
            0.17474604767128085,
            0.4606348656554497
        ]
    },
    {
        "frame": 75,
        "rotation_matrix": [
            [
                -0.7979418953495133,
                0.5987137620033185,
                -0.06950225056686954
            ],
            [
                0.580632995765404,
                0.7326152179972439,
                -0.35516231020104555
            ],
            [
                -0.16172215641191137,
                -0.3237541869176133,
                -0.9322173408485793
            ]
        ],
        "translation_vector": [
            -0.03695337591970816,
            0.018050411713739157,
            0.5077156199557772
        ],
        "camera_position": [
            0.042141553454176445,
            0.17327554612716492,
            0.47714378827433085
        ]
    },
    {
        "frame": 77,
        "rotation_matrix": [
            [
                -0.7206770879679774,
                0.6215983539561819,
                0.3069853762591331
            ],
            [
                0.46713426500286415,
                0.7625894454844226,
                -0.4474851015352301
            ],
            [
                -0.512259810387493,
                -0.17908887177802651,
                -0.8399506310891394
            ]
        ],
        "translation_vector": [
            -0.04233504773574188,
            0.021109488061494645,
            0.48229480390477525
        ],
        "camera_position": [
            0.2066893806877605,
            0.09659115548762903,
            0.42754624687748843
        ]
    },
    {
        "frame": 78,
        "rotation_matrix": [
            [
                -0.8079639808819662,
                0.5833175896215268,
                0.08327541795450792
            ],
            [
                0.5135076602510096,
                0.7663725680219718,
                -0.3859831211943635
            ],
            [
                -0.2889707398005889,
                -0.26909789412320007,
                -0.9187394815275761
            ]
        ],
        "translation_vector": [
            -0.044821692590105225,
            0.021642111490029158,
            0.5268784903412953
        ],
        "camera_position": [
            0.10492476392983602,
            0.15134125333403914,
            0.496150105970221
        ]
    },
    {
        "frame": 79,
        "rotation_matrix": [
            [
                -0.7383021358898226,
