[
    {
        "frame": 2,
        "rotation_matrix": [
            [
                -0.9032222236882836,
                0.4287578356360945,
                0.018876785114100708
            ],
            [
                0.2900851001070148,
                0.642327021797711,
                -0.7094128782059054
            ],
            [
                -0.31629139939539186,
                -0.6352816032667209,
                -0.7045403006353643
            ]
        ],
        "translation_vector": [
            -9.566484980914442e-05,
            0.013084085623278,
            0.3788648270424059
        ],
        "camera_position": [
            0.11594978142072489,
            0.2323226100474728,
            0.27620936383013694
        ]
    },
    {
        "frame": 3,
        "rotation_matrix": [
            [
                -0.7710396204740497,
                0.5860040425848856,
                0.24919302906262228
            ],
            [
                0.2886289096876834,
                0.6704314709861082,
                -0.6835312686365576
            ],
            [
                -0.567618935688136,
                -0.45510537767156123,
                -0.6860669348268383
            ]
        ],
        "translation_vector": [
            -0.007310606862550742,
            0.011571430167052187,
            0.344890159041459
        ],
        "camera_position": [
            0.18678956819104536,
            0.1534875603126617,
            0.24634892087590407
        ]
    },
    {
        "frame": 4,
        "rotation_matrix": [
            [
                -0.9103307099824443,
                0.4138705261787418,
                -0.003030845326047832
            ],
            [
                0.2801300148304218,
                0.610737456090751,
                -0.740626042290512
            ],
            [
                -0.3046722390602181,
                -0.675063661655944,
                -0.6719106186522897
            ]
        ],
        "translation_vector": [
            0.00017736774233133204,
            0.014464970480507815,
            0.38025280334336325
        ],
        "camera_position": [
            0.11196186391112546,
            0.2477871432253694,
            0.2662095677517271
        ]
    },
    {
        "frame": 5,
        "rotation_matrix": [
            [
                -0.8976669401246493,
                0.44006847091270407,
                0.023104231556229066
            ],
            [
                0.2870017654794249,
                0.6236122508193006,
                -0.7271435533921614
            ],
            [
                -0.334401033519549,
                -0.6461017733582229,
                -0.6860965291009837
            ]
        ],
        "translation_vector": [
            -0.0019030718848769828,
            0.014571910442541879,
            0.38860493930732903
        ],
        "camera_position": [
            0.12405940459602008,
            0.24282860048683383,
            0.27726033980265546
        ]
    },
    {
        "frame": 6,
        "rotation_matrix": [
            [
                -0.777605935188873,
                0.5878561707613015,
                0.22305634278562406
            ],
            [
                0.24460812505168658,
                0.6096544330836342,
                -0.7539816558644982
            ],
            [
                -0.5792200572474479,
                -0.5317392168340903,
                -0.6178653013100279
            ]
        ],
        "translation_vector": [
            -0.005602852815826478,
            0.015156049218432777,
            0.35487793310615795
        ],
        "camera_position": [
            0.1974883123435165,
            0.18275623322916876,
            0.2319438960112584
        ]
    },
    {
        "frame": 7,
        "rotation_matrix": [
            [
                -0.90012680180129,
                0.4347025564103123,
                0.028380065703243473
            ],
            [
                0.2767043419066407,
                0.6208497225018895,
                -0.7334714236010424
            ],
            [
                -0.33646165880972834,
                -0.6523643993349624,
                -0.6791275599114939
            ]
        ],
        "translation_vector": [
            -0.0005383873321148501,
            0.01506007685907479,
            0.3866794033716493
        ],
        "camera_position": [
            0.1254509879622406,
            0.24313987052654315,
            0.27366605516104636
        ]
    },
    {
        "frame": 8,
        "rotation_matrix": [
            [
                -0.7698915102309245,
                0.5868330932867876,
                0.2507867283127373
            ],
            [
                0.26615736298395287,
                0.652425763832145,
                -0.7095779596474725
            ],
            [
                -0.5800235517664559,
                -0.47954931270047946,
                -0.6584870052512222
            ]
        ],
        "translation_vector": [
            -0.0061574680662007004,
            0.01355430670210704,
            0.3373501107120677
        ],
        "camera_position": [
            0.1873228484864262,
            0.15654624086016855,
            0.23330271268908753
        ]
    },
    {
        "frame": 9,
        "rotation_matrix": [
            [
                -0.8672262617516244,
                0.48788968490678086,
                0.0994095885207511
            ],
            [
                0.2843275758773345,
                0.6491473434056746,
                -0.7055250216293353
            ],
            [
                -0.40874985079388293,
                -0.583584939756774,
                -0.7016781153528027
            ]
        ],
        "translation_vector": [
            -0.003112237451254061,
            0.014229186710112767,
            0.39353942376489054
        ],
        "camera_position": [
            0.15411441653088287,
            0.22194527070750356,
            0.28648643469020457
        ]
    },
    {
        "frame": 10,
        "rotation_matrix": [
            [
                -0.7668786290186125,
                0.5880842760938398,
                0.2570098297064092
            ],
            [
                0.2664269690728659,
                0.6560330562731779,
                -0.7061425488012449
            ],
            [
                -0.5838782737053839,
                -0.4730512797657953,
                -0.6597792420247577
            ]
        ],
        "translation_vector": [
            -0.006389020064519028,
            0.013342781264703058,
            0.3367593315538997
        ],
        "camera_position": [
            0.18817197744266217,
            0.15430840943197008,
            0.23325076304652378
        ]
    },
    {
        "frame": 11,
        "rotation_matrix": [
            [
                -0.7699547858622754,
                0.5840774126937575,
                0.25694980776163995
            ],
            [
                0.2640854872868845,
                0.6582545540034689,
                -0.7049537556025517
            ],
            [
                -0.5808859467505014,
                -0.47492580274676544,
                -0.6610726123151026
            ]
        ],
        "translation_vector": [
            -0.006949398251878467,
            0.013634855841666408,
            0.3377338514128072
        ],
        "camera_position": [
            0.18723335803569202,
            0.15548230109676225,
            0.23466418879826656
        ]
    },
    {
        "frame": 12,
        "rotation_matrix": [
            [
                -0.774126600302067,
                0.5880617220402068,
                0.23433185395048256
            ],
            [
                0.23438602609558032,
                0.6101322356303451,
                -0.7568367365659782
            ],
            [
                -0.5880401325384907,
                -0.5309633378264683,
                -0.6101530434311462
            ]
        ],
        "translation_vector": [
            -0.005156846987309095,
            0.01534411378014762,
            0.35322360100449685
        ],
        "camera_position": [
            0.2001211548709565,
            0.1812193880636393,
            0.22834185767854168
        ]
    },
    {
        "frame": 13,
        "rotation_matrix": [
            [
                -0.7611045974573506,
                0.5868893482041126,
                0.27618958107400776
            ],
            [
                0.22329829156673048,
                0.636856128806281,
                -0.7379377644390185
            ],
            [
                -0.608980841006237,
                -0.4999751635495794,
                -0.6157655163460418
            ]
        ],
        "translation_vector": [
            -0.007211526908504524,
            0.01446172458080784,
            0.3457303824302386
        ],
        "camera_position": [
            0.20182517437702147,
            0.1678789348941099,
            0.22555244875652833
        ]
    },
    {
        "frame": 14,
        "rotation_matrix": [
            [
                -0.7782746547406536,
                0.5826799436869278,
                0.23403556356527352
            ],
            [
                0.22973922797886434,
                0.6111024312772286,
                -0.7574785182529835
            ],
            [
                -0.5843872422597809,
                -0.5357591825737182,
                -0.6094699741348619
            ]
        ],
        "translation_vector": [
            -0.006396469850684161,
            0.015996953138433967,
            0.3547454233470909
        ],
        "camera_position": [
            0.19865536162544684,
            0.18400943577067194,
            0.22982103377800867
        ]
    },
    {
        "frame": 15,
        "rotation_matrix": [
            [
                -0.7573305422771881,
                0.5894655288666772,
                0.2810353002952985
            ],
            [
                0.22199959839361955,
                0.6371193542291836,
                -0.7381023687671378
            ],
            [
                -0.6141389322028135,
                -0.496597743394507,
                -0.6133710567089643
            ]
        ],
        "translation_vector": [
            -0.008072776277738263,
            0.01465954520502418,
            0.34550295016369553
        ],
        "camera_position": [
            0.20281863970220343,
            0.16699472875109683,
            0.2250104897842788
        ]
    },
    {
        "frame": 16,
        "rotation_matrix": [
            [
                -0.7735671571782307,
                0.5852522267417374,
                0.24305078569926225
            ],
            [
                0.22944603383068166,
                0.6161751174832317,
                -0.7534472391308471
            ],
            [
                -0.590718520866377,
                -0.5270750000601092,
                -0.610936636171932
            ]
        ],
        "translation_vector": [
            -0.0075564630550444,
            0.01592570155764031,
            0.3549836995335985
        ],
        "camera_position": [
            0.200195925217977,
            0.18171244925398372,
            0.2307083274413864
        ]
    },
    {
        "frame": 17,
        "rotation_matrix": [
            [
                -0.7783121163050665,
                0.5816861134965653,
                0.23637156127163367
            ],
            [
                0.23138927173195065,
                0.6156919537789475,
                -0.7532479160138583
            ],
            [
                -0.5836859211426006,
                -0.5315681361943396,
                -0.6137964337162525
            ]
        ],
        "translation_vector": [
            -0.007373502014692657,
            0.01569053004867713,
            0.3563644466940746
        ],
        "camera_position": [
            0.19863540405241734,
            0.18406051536338466,
            0.23229697172765984
        ]
    },
    {
        "frame": 18,
        "rotation_matrix": [
            [
                -0.7714053245776207,
                0.5869983628529722,
                0.24569645341605187
            ],
            [
                0.2309390478666728,
                0.6180279081030311,
                -0.7514709980938887
            ],
            [
                -0.5929595107456582,
                -0.5229478241791634,
                -0.6123108620648081
            ]
        ],
        "translation_vector": [
            -0.007838887622502554,
            0.015438795919981277,
            0.3544226768457071
        ],
        "camera_position": [
            0.20054591657886459,
            0.1804043751511591,
            0.23054464906164387
        ]
    },
    {
        "frame": 19,
        "rotation_matrix": [
            [
                -0.7527332943805027,
                0.5831478694059756,
                0.3055014728906336
            ],
            [
                0.25893040103534726,
                0.6889102111133018,
                -0.6770212466706644
            ],
            [
                -0.6052665817230864,
                -0.4305128144795433,
                -0.6695603644318806
            ]
        ],
        "translation_vector": [
            -0.009761145944374144,
            0.01323668821940582,
            0.3515233686143026
        ],
        "camera_position": [
            0.2019904271842952,
            0.14790861656222415,
            0.24730967841891452
        ]
    },
    {
        "frame": 20,
        "rotation_matrix": [
            [
                -0.7695667102266863,
                0.5813865315094104,
                0.2641150875855688
            ],
            [
                0.2538744726583969,
                0.6580731810245241,
                -0.7088634851286135
            ],
            [
                -0.5859307387766034,
                -0.47846566166833804,
                -0.6540304121071001
            ]
        ],
        "translation_vector": [
            -0.01066951265613983,
            0.015154676518310876,
            0.3401026807964859
        ],
        "camera_position": [
            0.18721832775508604,
            0.1589576789747126,
            0.23599807256249353
        ]
    },
    {
        "frame": 21,
        "rotation_matrix": [
            [
                -0.7701506578528755,
                0.5793723168040287,
                0.2668251913330434
            ],
            [
                0.2500567240918051,
                0.6590603524838239,
                -0.7093032401733214
            ],
            [
                -0.586804566227341,
                -0.4795489237867497,
                -0.65245170759966
            ]
        ],
        "translation_vector": [
            -0.010696087446110563,
            0.01490384201507644,
            0.340457986941249
        ],
        "camera_position": [
            0.1878178966519476,
            0.1596407468248513,
            0.23555772395740907
        ]
    },
    {
        "frame": 22,
        "rotation_matrix": [
            [
                -0.7731132406727249,
                0.5854176010506483,
                0.2440945502804626
            ],
            [
                0.2298754105686425,
                0.6172960801887311,
                -0.7523980628626883
            ],
            [
                -0.5911456780797906,
                -0.5255775696923641,
                -0.6118128844049076
            ]
        ],
        "translation_vector": [
            -0.008574334966124307,
            0.015901843982501655,
            0.35557282616002167
        ],
        "camera_position": [
            0.1999109646205636,
            0.1820845224701318,
            0.23160150143485672
        ]
    },
    {
        "frame": 23,
        "rotation_matrix": [
            [
                -0.7743366594187798,
                0.5843578540543868,
                0.24275221169974268
            ],
            [
                0.22721061691821554,
                0.614815220677277,
                -0.7552334605823526
            ],
            [
                -0.590574358942046,
                -0.5296490751700639,
                -0.6088462726597639
            ]
        ],
        "translation_vector": [
            -0.008380642697342304,
            0.01588914089702702,
            0.35576874762668986
        ],
        "camera_position": [
            0.20000827968569052,
            0.18356099687012564,
            0.23064290633692977
        ]
    },
    {
        "frame": 24,
        "rotation_matrix": [
            [
                -0.772619818273464,
                0.586544494713174,
                0.24294890848231146
            ],
            [
                0.2297212081024184,
                0.6150308933129259,
                -0.7542977971720908
            ],
            [
                -0.5918503045188408,
                -0.5269749102114545,
                -0.6099267669553328
            ]
        ],
        "translation_vector": [
            -0.008492756437708044,
            0.01573935641826399,
            0.35581405239451513
        ],
        "camera_position": [
            0.2004113193550756,
            0.18280626740795547,
            0.23095598239601223
        ]
    },
    {
        "frame": 25,
        "rotation_matrix": [
            [
                -0.7726148167056894,
                0.5861385147177127,
                0.24394258867886823
            ],
            [
                0.22874343088105148,
                0.6154322576807647,
                -0.7542675778758638
            ],
            [
                -0.5922354158910117,
                -0.5269580417551953,
                -0.6095674157908462
            ]
        ],
        "translation_vector": [
            -0.008508285969676694,
            0.015785685818764723,
            0.355843192355422
        ],
        "camera_position": [
            0.20055844127866268,
            0.18278644565410873,
            0.23089257950315165
        ]
    },
    {
        "frame": 26,
        "rotation_matrix": [
            [
                -0.7663846487623027,
                0.5817571119100609,
                0.2724210580765497
            ],
            [
                0.25121110008257114,
                0.6617269885241294,
                -0.7064066646444462
            ],
            [
                -0.5912254674291241,
                -0.47294402988181566,
                -0.653281249740387
            ]
        ],
        "translation_vector": [
            -0.011177065283569532,
            0.014903427781136824,
            0.34001301347448126
        ],
        "camera_position": [
            0.18871451508399295,
            0.15744746163958237,
            0.23569687503198708
        ]
    },
    {
        "frame": 27,
        "rotation_matrix": [
            [
                -0.7729190339580407,
                0.5849405433216635,
                0.2458469599647842
            ],
            [
                0.22803100549044145,
                0.6176529449745394,
                -0.7526663936295394
            ],
            [
                -0.5921131880649064,
                -0.525689452379288,
                -0.610780297796824
            ]
        ],
        "translation_vector": [
            -0.00889405704670907,
            0.01575864454200624,
            0.3553117363990943
        ],
        "camera_position": [
            0.19991691945555518,
            0.1822527534826326,
            0.23106498721115387
        ]
    },
    {
        "frame": 28,
        "rotation_matrix": [
            [
                -0.772767591549595,
                0.5856533483677454,
                0.2446229854210074
            ],
            [
                0.23088612996394905,
                0.6184120065012072,
                -0.7511712089832921
            ],
            [
                -0.5912037249890334,
                -0.5240007116033322,
                -0.6131079919543478
            ]
        ],
        "translation_vector": [
            -0.00882698391729526,
            0.015604078489892486,
            0.35563810413448144
        ],
        "camera_position": [
            0.19983059951574292,
            0.18187442283834368,
            0.23192518155077788
        ]
    },
    {
        "frame": 29,
        "rotation_matrix": [
            [
                -0.911168899840185,
                0.4112703827973995,
                0.02505809645019655
            ],
            [
                0.2714140025853589,
                0.6448503989777158,
                -0.714494508123663
            ],
            [
                -0.31000915335618984,
                -0.6442240566541743,
                -0.6991921693378849
            ]
        ],
        "translation_vector": [
            -0.004691628658000752,
            0.015568931521259136,
            0.3861436508978168
        ],
        "camera_position": [
            0.1112075741457688,
            0.24065292544362338,
            0.28123009630000917
        ]
    },
    {
        "frame": 30,
        "rotation_matrix": [
            [
                -0.7704179532198004,
                0.5781688357769091,
                0.2686577277745546
            ],
            [
                0.2529933450073776,
                0.664051404956678,
                -0.7035837540456996
            ],
            [
                -0.5851927415293112,
                -0.4740849384988254,
                -0.6578699919816784
            ]
        ],
        "translation_vector": [
            -0.01176776235263681,
            0.015283179353943887,
            0.3421451166890304
        ],
        "camera_position": [
            0.18728820078332237,
            0.15886078334012446,
            0.23900150217103477
        ]
    },
    {
        "frame": 31,
        "rotation_matrix": [
            [
                -0.7754029962485394,
                0.5826140753485387,
                0.24353856494312093
            ],
            [
                0.22780580543841916,
                0.6177908454174097,
                -0.7526214096921473
            ],
            [
                -0.5889437226232577,
                -0.528105397173906,
                -0.6117597412861115
            ]
        ],
        "translation_vector": [
            -0.009734069681165936,
            0.016430442001929335,
            0.35687738202012437
        ],
        "camera_position": [
            0.19888991701654762,
            0.18398950092583866,
            0.2330597386780607
        ]
    },
    {
        "frame": 32,
        "rotation_matrix": [
            [
                -0.7742100352636695,
                0.5843276997226372,
                0.2432282069042959
            ],
            [
                0.23001314344464485,
                0.6177673416669783,
                -0.7519690588132112
            ],
            [
                -0.5896547931966132,
                -0.5262363070965029,
                -0.6126847263917177
            ]
        ],
        "translation_vector": [
            -0.010163896218017639,
            0.016318519071432624,
            0.3570808131664552
        ],
        "camera_position": [
            0.19893194872479528,
            0.18376688640632474,
            0.23352112799426206
        ]
    },
    {
        "frame": 33,
        "rotation_matrix": [
            [
                -0.7695941608485733,
                0.5801090183105149,
                0.26683019780862666
            ],
            [
                0.2560255991541776,
                0.6631597006839215,
                -0.7033278779961418
            ],
            [
                -0.5849578789669598,
                -0.4729616668014671,
                -0.6588865923441252
            ]
        ],
        "translation_vector": [
            -0.012711429840507634,
            0.015184616303073075,
            0.3430742371108541
        ],
        "camera_position": [
            0.1870136854003615,
            0.15956515250414505,
            0.2401185723124302
        ]
    },
    {
        "frame": 34,
        "rotation_matrix": [
            [
                -0.7688657748814578,
                0.5827382427846493,
                0.26317591191481543
            ],
            [
                0.2537657554026308,
                0.6558868242845488,
                -0.7109257451484378
            ],
            [
                -0.5868972325721664,
                -0.4798214398358919,
                -0.6521679417703264
            ]
        ],
        "translation_vector": [
            -0.012705158722686068,
            0.015471989425577235,
            0.3414681976597895
        ],
        "camera_position": [
            0.18671191742746288,
            0.1610996701179393,
            0.23703773899198052
        ]
    },
    {
        "frame": 35,
        "rotation_matrix": [
            [
                -0.7702203476299181,
                0.5828908128116755,
                0.2588414890171058
            ],
            [
                0.2551736953438013,
                0.6535925035703938,
                -0.7125329637856581
            ],
            [
                -0.5845057752507131,
                -0.4827578478039786,
                -0.6521486479954042
            ]
        ],
        "translation_vector": [
            -0.012764798395898246,
            0.01556463888035079,
            0.3428439867277803
        ],
        "camera_position": [
            0.18659089637466095,
            0.16277817758462376,
            0.23797962011334353
        ]
    },
    {
        "frame": 36,
        "rotation_matrix": [
            [
                -0.7666940950075377,
                0.5847772567939227,
                0.2649824986997211
            ],
            [
                0.2565433176320773,
                0.6574059964994833,
                -0.7085216171330622
            ],
            [
                -0.5885284112588789,
                -0.4752398507102462,
                -0.6540499930723973
            ]
        ],
        "translation_vector": [
            -0.013010229424963451,
            0.015356549013161181,
            0.3426995722819021
        ],
        "camera_position": [
            0.1877739487081364,
            0.1603770924363157,
            0.23847058291896314
        ]
    },
    {
        "frame": 37,
        "rotation_matrix": [
            [
                -0.7640832700785452,
                0.5879188895983677,
                0.2655713381362892
            ],
            [
                0.2570551546521538,
                0.6550353524368341,
                -0.7105289118147898
            ],
            [
                -0.5916919839349137,
                -0.47463677302899165,
                -0.6516291351956197
            ]
        ],
        "translation_vector": [
            -0.01278543810789555,
            0.015259102746329356,
            0.34146404946249015
        ],
        "camera_position": [
            0.1883499704937318,
            0.1595929433723992,
            0.23674540282822876
        ]
    },
    {
        "frame": 38,
        "rotation_matrix": [
            [
                -0.7681571505948867,
                0.5856909590374916,
                0.25865168178785924
            ],
            [
                0.2592933073076412,
                0.6539416699009886,
                -0.7107230636137906
            ],
            [
                -0.5854071854490769,
                -0.4788803533961802,
                -0.6541957156354204
            ]
        ],
        "translation_vector": [
            -0.012389512798555108,
            0.01515192256976613,
            0.3425716533517909
        ],
        "camera_position": [
            0.1870980224395278,
            0.16139878650612902,
            0.23808229707118564
        ]
    },
    {
        "frame": 39,
        "rotation_matrix": [
            [
                -0.7659909596856247,
                0.5863072547155128,
                0.26363166112562136
            ],
            [
                0.25923373144718964,
                0.6569959189237304,
                -0.707922478098788
            ],
            [
                -0.5882650101441205,
                -0.4739199991407004,
                -0.6552435518603875
            ]
        ],
        "translation_vector": [
            -0.012627355130530487,
            0.015109164207446586,
            0.3412694826301427
        ],
        "camera_position": [
            0.18716765077002867,
            0.15921128361308276,
            0.2376397155165535
        ]
    },
    {
        "frame": 40,
        "rotation_matrix": [
            [
                -0.7681117764977134,
                0.5836292557380804,
                0.26340309537312
            ],
            [
                0.25692195262284184,
                0.6577127525634013,
                -0.7080996013103943
            ],
            [
                -0.586511218192792,
                -0.47622560510968687,
                -0.6551440787887194
            ]
        ],
        "translation_vector": [
            -0.013009377055158169,
            0.016401422353214564,
            0.3419465711032794
        ],
        "camera_position": [
            0.18634895879688662,
            0.15964894114527217,
            0.23906482213485866
        ]
    },
    {
        "frame": 41,
        "rotation_matrix": [
            [
                -0.7456442039135573,
                0.5891514605623099,
                0.3113121868597732
            ],
            [
                0.2541636033916179,
                0.6833365711909575,
                -0.6844355288732263
            ],
            [
                -0.6159671938351146,
                -0.43122115786482673,
                -0.659266811790653
            ]
        ],
        "translation_vector": [
            -0.012600518279094875,
            0.015064594429060576,
            0.3528562410396849
        ],
        "camera_position": [
            0.20412349359558424,
            0.14928850226539747,
            0.24685984760701354
        ]
    },
    {
        "frame": 42,
        "rotation_matrix": [
            [
                -0.7469212893539838,
                0.5885835859408513,
                0.30931852493956935
            ],
            [
                0.2548203420622175,
                0.683072574318378,
                -0.6844548571566705
            ],
            [
                -0.6141458953547414,
                -0.4324132520807754,
                -0.6601845186338823
            ]
        ],
        "translation_vector": [
            -0.012482651674055358,
            0.015416899373991612,
            0.3540404232215727
        ],
        "camera_position": [
            0.20418037485622292,
            0.14990799351426057,
            0.24814529344344738
        ]
    },
    {
        "frame": 43,
        "rotation_matrix": [
            [
                -0.7735958336369172,
                0.5877088942443516,
                0.23695514724454653
            ],
            [
                0.22938876670242317,
                0.6082975630173572,
                -0.7598387121869254
            ],
            [
                -0.5907032079567067,
                -0.5334532129936285,
                -0.6053902787924745
            ]
        ],
        "translation_vector": [
            -0.010693611600081915,
            0.018005778481087746,
            0.35821922810117185
        ],
        "camera_position": [
            0.19919839049148896,
            0.18642505766535428,
            0.23307783221325964
        ]
    },
    {
        "frame": 44,
        "rotation_matrix": [
            [
                -0.765967448263461,
                0.5895257759487078,
                0.25642392184200796
            ],
            [
                0.24525562567850862,
                0.6366637112450999,
                -0.7311012220319834
            ],
            [
                -0.5942588209474098,
                -0.4971103280718377,
                -0.6322481913382627
            ]
        ],
        "translation_vector": [
            -0.012620697597939531,
            0.017560730755301002,
            0.3398031796210962
        ],
        "camera_position": [
            0.1879571253326518,
            0.16517961663089012,
            0.23091486621584972
        ]
    },
    {
        "frame": 45,
        "rotation_matrix": [
            [
                -0.7664077509663015,
                0.5853149747333136,
                0.2646233920342569
            ],
            [
                0.25617086006374246,
                0.6562846371385156,
                -0.7096949806150318
            ],
            [
                -0.5890633664666121,
                -0.476126932034839,
                -0.6529222732286852
            ]
        ],
        "translation_vector": [
            -0.013289161822975699,
            0.01752060545099663,
            0.34343223021757446
        ],
        "camera_position": [
            0.1876301604929076,
            0.15979717536116378,
            0.24018546127845256
        ]
    },
    {
        "frame": 46,
        "rotation_matrix": [
            [
                -0.749184518000773,
                0.5901094222080059,
                0.30082125558092293
            ],
            [
                0.2591939750357636,
                0.6791375515697873,
                -0.686724594981827
            ],
            [
                -0.60954166493613,
                -0.4365123776814672,
                -0.6617521460771869
            ]
        ],
        "translation_vector": [
            -0.01258820327466557,
            0.016258992112885055,
            0.3540309142683549
        ],
        "camera_position": [
            0.2021514731233535,
            0.15092520142653587,
            0.24923296618287893
        ]
    },
    {
        "frame": 47,
        "rotation_matrix": [
            [
                -0.7690403694251323,
                0.5933264616860564,
                0.23778271606145104
            ],
            [
                0.23258491318974592,
                0.606246869117009,
                -0.760505747409145
            ],
            [
                -0.5953832113445712,
                -0.5295549485642905,
                -0.6042270997730051
            ]
        ],
        "translation_vector": [
            -0.011562496514328953,
            0.01884350753927637,
            0.3577272991017451
        ],
        "camera_position": [
            0.19971008596874767,
            0.18487277917210232,
            0.23322848605647323
        ]
    },
    {
        "frame": 48,
        "rotation_matrix": [
            [
                -0.7633841163857672,
                0.5888544340030373,
                0.2655092209413529
            ],
            [
                0.25544070077571696,
                0.65273591550858,
                -0.7132221764586311
            ],
            [
                -0.5932914454440853,
                -0.476640619502932,
                -0.648705619370396
            ]
        ],
        "translation_vector": [
            -0.013805148495940745,
            0.01717908986685332,
            0.3429327816590999
        ],
        "camera_position": [
            0.18853221588026225,
            0.1603715074499175,
            0.23838032461513162
        ]
    },
    {
        "frame": 49,
        "rotation_matrix": [
            [
                -0.7678841683452393,
                0.5900977614014014,
                0.24927602370423674
            ],
            [
                0.26121117784548864,
                0.6437526838324615,
                -0.7192712997381976
            ],
            [
                -0.5849124930904732,
                -0.4872033600536416,
                -0.6484676255443513
            ]
        ],
        "translation_vector": [
            -0.013321112269170814,
            0.017244250825084007,
            0.34283625629100906
        ],
        "camera_position": [
            0.1857957471036495,
            0.1637907017932775,
            0.2380421416692916
        ]
    },
    {
        "frame": 50,
        "rotation_matrix": [
            [
                -0.7690838924985754,
                0.5880863206184052,
                0.25032867554626237
            ],
            [
                0.26224866755863063,
                0.6475252847781726,
                -0.7154974786375342
            ],
            [
                -0.5828684265449299,
                -0.4846292243297471,
                -0.6522261205000803
            ]
        ],
        "translation_vector": [
            -0.013769903605461363,
            0.017343029370721772,
            0.3432168761012156
        ],
        "camera_position": [
            0.1849118831286613,
            0.16320077035622407,
            0.23971090710829557
        ]
    },
    {
        "frame": 51,
        "rotation_matrix": [
            [
                -0.7689836689775431,
                0.5942153522011491,
                0.2357376339371822
            ],
            [
                0.23525021645838087,
                0.605925800688962,
                -0.7599416159914694
            ],
            [
                -0.5944084895945897,
                -0.5289253626627346,
                -0.6057363355701666
            ]
        ],
        "translation_vector": [
            -0.012394774667529222,
            0.018711960899219147,
            0.35752438188040375
        ],
        "camera_position": [
            0.1985821556748815,
            0.18513081885106242,
            0.23370742161465427
        ]
    },
    {
        "frame": 52,
        "rotation_matrix": [
            [
                -0.7704266189602014,
                0.5922693127746378,
                0.23592347476037878
            ],
            [
                0.2320400834356061,
                0.6051813419232311,
                -0.7615201527649776
            ],
            [
                -0.5938015025888279,
                -0.5319516937969614,
                -0.6036780358682882
            ]
        ],
        "translation_vector": [
            -0.012635041317552569,
            0.019258183671114266,
            0.3575835706467745
        ],
        "camera_position": [
            0.19813061884256492,
            0.18604583988045412,
            0.23351174540939498
        ]
    },
    {
        "frame": 53,
        "rotation_matrix": [
            [
                -0.8555391827377645,
                0.505098281603302,
                0.11370326609992121
            ],
            [
                0.27819908572988394,
                0.6337052229327927,
                -0.7218192011347133
            ],
            [
                -0.43664399171344914,
                -0.5859124647497189,
                -0.6826775286703487
            ]
        ],
        "translation_vector": [
            -0.013021364226031479,
            0.01941178674269071,
            0.3957845575578131
        ],
        "camera_position": [
            0.15627632043831513,
            0.22617082367797384,
            0.2856855956802381
        ]
    },
    {
        "frame": 54,
        "rotation_matrix": [
            [
                -0.8957203658658931,
                0.44325692231417235,
                0.034760998168036294
            ],
