[
    {
        "frame": 2,
        "rotation_matrix": [
            [
                -0.6428719110700911,
                0.7656598953679763,
                0.021923288580596834
            ],
            [
                0.4602278782375521,
                0.4089842312901285,
                -0.7879861665340222
            ],
            [
                -0.6122956851473391,
                -0.49648446418908443,
                -0.6153025034638071
            ]
        ],
        "translation_vector": [
            -0.0005826131631141962,
            0.0019064505274406676,
            0.310721216324791
        ],
        "camera_position": [
            0.18900131272060777,
            0.15393463192924647,
            0.1927025717232736
        ]
    },
    {
        "frame": 3,
        "rotation_matrix": [
            [
                -0.7714491740360102,
                0.625570041078032,
                -0.11631120145878895
            ],
            [
                0.5565799742041193,
                0.5748503237198883,
                -0.5998048329532548
            ],
            [
                -0.3083584021785357,
                -0.5274554284721784,
                -0.7916475647541216
            ]
        ],
        "translation_vector": [
            -0.0015590872486242284,
            -0.0015068134385982205,
            0.38226167764642843
        ],
        "camera_position": [
            0.11750950574772334,
            0.2034675074386204,
            0.3015313929137234
        ]
    },
    {
        "frame": 4,
        "rotation_matrix": [
            [
                -0.770365182851322,
                0.6268048715875101,
                -0.11684664310374589
            ],
            [
                0.557080944466996,
                0.5725325467165353,
                -0.6015540742626868
            ],
            [
                -0.31015851811970124,
                -0.5285093527123652,
                -0.790240189900101
            ]
        ],
        "translation_vector": [
            -0.0015584206412359756,
            -0.001763216925027859,
            0.38317031369950144
        ],
        "camera_position": [
            0.11862523823214811,
            0.20449541919832656,
            0.30155381491644384
        ]
    },
    {
        "frame": 5,
        "rotation_matrix": [
            [
                -0.712255570016354,
                0.7019005815403472,
                0.005251344018544352
            ],
            [
                0.5143442899662904,
                0.5269940223455474,
                -0.676555431425344
            ],
            [
                -0.4776420776687823,
                -0.4791793756469319,
                -0.7363729840202351
            ]
        ],
        "translation_vector": [
            -0.001801655520273936,
            -0.0008528219922781224,
            0.35011384195279377
        ],
        "camera_position": [
            0.1663845078334522,
            0.16948134734175935,
            0.2572468543075928
        ]
    },
    {
        "frame": 6,
        "rotation_matrix": [
            [
                -0.7169764803473728,
                0.6968386286066601,
                -0.018990848066429367
            ],
            [
                0.523202746908257,
                0.5199206480134396,
                -0.6752343336923405
            ],
            [
                -0.4606556330452798,
                -0.49406319985491104,
                -0.7373587609113889
            ]
        ],
        "translation_vector": [
            -0.001601268003187293,
            -0.000593525692235814,
            0.3506213283904034
        ],
        "camera_position": [
            0.16067815276437852,
            0.1746535071038349,
            0.2581025298883647
        ]
    },
    {
        "frame": 7,
        "rotation_matrix": [
            [
                -0.7711344694192579,
                0.6262072300388299,
                -0.11496145058486154
            ],
            [
                0.5559074323204956,
                0.5742263255409633,
                -0.6010250025968618
            ],
            [
                -0.31035231071205727,
                -0.527379021295709,
                -0.7909189662240164
            ]
        ],
        "translation_vector": [
            -0.0017629081526929745,
            -0.002558732677896124,
            0.3810027848850223
        ],
        "camera_position": [
            0.11830807394679756,
            0.20350611329838322,
            0.2996017999568745
        ]
    },
    {
        "frame": 8,
        "rotation_matrix": [
            [
                -0.7691602267333677,
                0.6288222280776915,
                -0.1139085206948197
            ],
            [
                0.5572610681430642,
                0.5727222854949812,
                -0.6012065249391898
            ],
            [
                -0.312814078237418,
                -0.525900930948799,
                -0.7909333494572479
            ]
        ],
        "translation_vector": [
            -0.0015710293908355987,
            -0.0033379794950220867,
            0.3822641562187588
        ],
        "camera_position": [
            0.12022936236715116,
            0.2039327090710476,
            0.3001597007691529
        ]
    },
    {
        "frame": 9,
        "rotation_matrix": [
            [
                -0.7653089848457507,
                0.6288134734940586,
                -0.13746189750873955
            ],
            [
                0.5547161595153688,
                0.5360110580062275,
                -0.6363820613967401
            ],
            [
                -0.32648451737699036,
                -0.5632812452473286,
                -0.7590270737369863
            ]
        ],
        "translation_vector": [
            -0.00043778182856945235,
            -0.0034679739062500855,
            0.37265276392403074
        ],
        "camera_position": [
            0.12325406057870684,
            0.21204246838286925,
            0.2805864022170775
        ]
    },
    {
        "frame": 10,
        "rotation_matrix": [
            [
                -0.6384196045207744,
                0.7689276896286004,
                0.034214276054898296
            ],
            [
                0.45148308657942193,
                0.4101147434366116,
                -0.7924449001341614
            ],
            [
                -0.6233646052642516,
                -0.49046519278981004,
                -0.6089831389828443
            ]
        ],
        "translation_vector": [
            -0.0008395823802808902,
            -0.0006543941150183203,
            0.306095931671298
        ],
        "camera_position": [
            0.19056881164297837,
            0.15104335495384913,
            0.18591741572327097
        ]
    },
    {
        "frame": 11,
        "rotation_matrix": [
            [
                -0.7672948950285773,
                0.6305014152571504,
                -0.11716018701681512
            ],
            [
                0.5625991441029912,
                0.5741220953391959,
                -0.5948663906272681
            ],
            [
                -0.3077998491189794,
                -0.522352165690985,
                -0.7952405094562722
            ]
        ],
        "translation_vector": [
            -0.001461072584860958,
            -0.00518981002829454,
            0.3820809005691785
        ],
        "camera_position": [
            0.11940315269078253,
            0.20348157882187737,
            0.3005877869252846
        ]
    },
    {
        "frame": 12,
        "rotation_matrix": [
            [
                -0.733475970450812,
                0.6722955195717977,
                -0.10015854998414236
            ],
            [
                0.5416065451805496,
                0.48902908470810447,
                -0.6837491532185928
            ],
            [
                -0.41070104819543457,
                -0.5557600999291331,
                -0.7228107361805933
            ]
        ],
        "translation_vector": [
            -0.0005072192121849,
            -0.0036958931990346802,
            0.35766192666208596
        ],
        "camera_position": [
            0.14852181502271422,
            0.20092262857466267,
            0.2559440143283489
        ]
    },
    {
        "frame": 13,
        "rotation_matrix": [
            [
                -0.7191254002549115,
                0.6925720526071252,
                -0.05659161294544249
            ],
            [
                0.5430991867664084,
                0.5093774733068859,
                -0.6675161893326317
            ],
            [
                -0.4334765645820765,
                -0.5107627057989311,
                -0.7424415979207222
            ]
        ],
        "translation_vector": [
            -0.001858812068524195,
            -0.004302149044235364,
            0.3551366639110481
        ],
        "camera_position": [
            0.15494319570379664,
            0.18486934248726347,
            0.2606912849252837
        ]
    },
    {
        "frame": 14,
        "rotation_matrix": [
            [
                -0.7625101182682792,
                0.6321530074013043,
                -0.13769856488715282
            ],
            [
                0.5594016985238467,
                0.5372652910986662,
                -0.6312018272068778
            ],
            [
                -0.32503547379806147,
                -0.5583265909968398,
                -0.7632976867243326
            ]
        ],
        "translation_vector": [
            -0.0007411463996253884,
            -0.005595047540655171,
            0.3712596012637421
        ],
        "camera_position": [
            0.1232372878675715,
            0.21075865031951996,
            0.27974793579224183
        ]
    },
    {
        "frame": 15,
        "rotation_matrix": [
            [
                -0.7325030752838817,
                0.6736703509693486,
                -0.0980178704343779
            ],
            [
                0.5451076725061111,
                0.494176267798207,
                -0.6772351450714922
            ],
            [
                -0.40779513248030075,
                -0.5495071196716832,
                -0.7292085129477743
            ]
        ],
        "translation_vector": [
            -0.0011903261597530765,
            -0.004181999383362823,
            0.3588816899188273
        ],
        "camera_position": [
            0.14775792866287932,
            0.2000765760192144,
            0.25875071323551035
        ]
    },
    {
        "frame": 16,
        "rotation_matrix": [
            [
                -0.7596823624768858,
                0.6350579785546353,
                -0.13994310277980004
            ],
            [
                0.5488799487270142,
                0.5107808558793747,
                -0.6616900476450915
            ],
            [
                -0.3487312862749306,
                -0.5794862217009422,
                -0.7366017980101588
            ]
        ],
        "translation_vector": [
            -0.0008785477808799459,
            -0.005284266678375764,
            0.37106276561617546
        ],
        "camera_position": [
            0.13163420631182104,
            0.21828279109528473,
            0.2697060069549165
        ]
    },
    {
        "frame": 17,
        "rotation_matrix": [
            [
                -0.7636092105165793,
                0.6311542129737178,
                -0.13618125076446302
            ],
            [
                0.5578422801477669,
                0.5386834124807625,
                -0.6313732427000855
            ],
            [
                -0.32513530121133727,
                -0.5580900828393278,
                -0.7634281206129397
            ]
        ],
        "translation_vector": [
            -0.0007070889474917715,
            -0.005434239493587792,
            0.37180778724624886
        ],
        "camera_position": [
            0.12337934581604279,
            0.21087585562736638,
            0.28032119457871296
        ]
    },
    {
        "frame": 18,
        "rotation_matrix": [
            [
                -0.7689755810041161,
                0.6295913982524384,
                -0.11086580656776675
            ],
            [
                0.5610406084453252,
                0.5815060651626637,
                -0.5891384657738237
            ],
            [
                -0.30644737149253104,
                -0.5152333135828613,
                -0.800390305463368
            ]
        ],
        "translation_vector": [
            -0.001968722819772493,
            -0.005301771305449062,
            0.3817675259388666
        ],
        "camera_position": [
            0.11845226407004883,
            0.2010218505309092,
            0.3022212852461053
        ]
    },
    {
        "frame": 19,
        "rotation_matrix": [
            [
                -0.7178657453537355,
                0.6955292900140604,
                -0.03012936076757647
            ],
            [
                0.531322473052287,
                0.5193935483917412,
                -0.6692733160067253
            ],
            [
                -0.44985019870766707,
                -0.4964567943150474,
                -0.7424051791987305
            ]
        ],
        "translation_vector": [
            -0.001836544779261335,
            -0.002819991929373939,
            0.3510640856755139
        ],
        "camera_position": [
            0.15810618119931788,
            0.17703020687464105,
            0.2586891161662639
        ]
    },
    {
        "frame": 20,
        "rotation_matrix": [
            [
                -0.7553709404764376,
                0.6376798543750622,
                -0.15092761711476643
            ],
            [
                0.5528323766552786,
                0.4964632937690424,
                -0.6692537345892581
            ],
            [
                -0.35183960209933485,
                -0.5889724961865302,
                -0.7275440145657094
            ]
        ],
        "translation_vector": [
            0.0006347128622163839,
            -0.0030044593939174595,
            0.35914048689705763
        ],
        "camera_position": [
            0.1285002520865907,
            0.21261072925055738,
            0.25937556166021425
        ]
    },
    {
        "frame": 21,
        "rotation_matrix": [
            [
                -0.7176690332193192,
                0.6944837259129273,
                -0.051415106730860555
            ],
            [
                0.5251165181217705,
                0.49119665812657476,
                -0.6949665354827905
            ],
            [
                -0.45738802034346715,
                -0.5257548834650827,
                -0.7172015068018899
            ]
        ],
        "translation_vector": [
            -0.0015060363016051218,
            -0.0013160639816617561,
            0.34904437391264703
        ],
        "camera_position": [
            0.1592589665150401,
            0.18520414806235835,
            0.24934309746787597
        ]
    },
    {
        "frame": 22,
        "rotation_matrix": [
            [
                -0.7609075344675444,
                0.6349899088567404,
                -0.13344489364764373
            ],
            [
                0.5243264842477168,
                0.48057406434857874,
                -0.702944028064765
            ],
            [
                -0.3822322094054232,
                -0.6048440991905242,
                -0.6986144528761569
            ]
        ],
        "translation_vector": [
            0.0030346919898451273,
            -0.0007343524681610496,
            0.33391469919033806
        ],
        "camera_position": [
            0.13032711367216115,
            0.2003922473985034,
            0.23316639035001432
        ]
    },
    {
        "frame": 23,
        "rotation_matrix": [
            [
                -0.7760959628981918,
                0.6138555600106181,
                -0.14441747753363673
            ],
            [
                0.5608254128152086,
                0.5671451183910484,
                -0.603175986778199
            ],
            [
                -0.28835726575513765,
                -0.5491154397112263,
                -0.7844248346125762
            ]
        ],
        "translation_vector": [
            -0.0019948320621461717,
            -0.0018687522661696792,
            0.38624364544390904
        ],
        "camera_position": [
            0.1108760241665349,
            0.21437674168147533,
            0.3015638325907876
        ]
    },
    {
        "frame": 24,
        "rotation_matrix": [
            [
                -0.7695740360288572,
                0.6284871289954848,
                -0.11295898263205068
            ],
            [
                0.5589140374067711,
                0.577414934232201,
                -0.5951529992491725
            ],
            [
                -0.3088217962837425,
                -0.521148656731106,
                -0.7956338201254686
            ]
        ],
        "translation_vector": [
            -0.002483054557255011,
            -0.0017029343066756499,
            0.38339227306015955
        ],
        "camera_position": [
            0.11744079001922157,
            0.2023482356369068,
            0.3037458690446918
        ]
    },
    {
        "frame": 25,
        "rotation_matrix": [
            [
                -0.7636594103169807,
                0.6308951998567632,
                -0.13709687024879927
            ],
            [
                0.5297360286711562,
                0.490912545155738,
                -0.6916535353314025
            ],
            [
                -0.36905832189781795,
                -0.6008128825236775,
                -0.7090979024306562
            ]
        ],
        "translation_vector": [
            8.137668073735292e-05,
            -0.0005317594775015844,
            0.3579903229589977
        ],
        "camera_position": [
            0.13246314406875095,
            0.21529490509383115,
            0.2534935502663788
        ]
    },
    {
        "frame": 26,
        "rotation_matrix": [
            [
                -0.6401583722713122,
                0.7672996562137758,
                0.03805911172328613
            ],
            [
                0.4477668760138117,
                0.41291096055985443,
                -0.7931011054048341
            ],
            [
                -0.6242612298996117,
                -0.49066870312234057,
                -0.6078997784342945
            ]
        ],
        "translation_vector": [
            -0.0023198386639322693,
            0.0024917944633320263,
            0.30780063481354436
        ],
        "camera_position": [
            0.18954719568703482,
            0.15177926046812945,
            0.1891764736472897
        ]
    },
    {
        "frame": 27,
        "rotation_matrix": [
            [
                -0.7715865561230525,
                0.6257851022949694,
                -0.11422430632681599
            ],
            [
                0.5559090046962589,
                0.576043284735788,
                -0.5992823313000463
            ],
            [
                -0.3092238103830012,
                -0.5258965105954577,
                -0.7923468276176407
            ]
        ],
        "translation_vector": [
            -0.003219758272751425,
            0.0006922243932454721,
            0.3852279716805427
        ],
        "camera_position": [
            0.11625252529847573,
            0.20420617163738267,
            0.3052812244635782
        ]
    },
    {
        "frame": 28,
        "rotation_matrix": [
            [
                -0.6414456066927965,
                0.7665507430811095,
                0.030781356960165374
            ],
            [
                0.4583677491065573,
                0.41511647593064915,
                -0.7858608769940816
            ],
            [
                -0.6151800876438528,
                -0.48997782571532533,
                -0.6176367784335579
            ]
        ],
        "translation_vector": [
            -0.00222756757114122,
            0.005330574296440028,
            0.3141740075383206
        ],
        "camera_position": [
            0.18940136671902016,
            0.15343303147019358,
            0.19830307922757132
        ]
    },
    {
        "frame": 29,
        "rotation_matrix": [
            [
                -0.730158158133422,
                0.6783633619733003,
                -0.08180594870478256
            ],
            [
                0.5254251445688869,
                0.4808982641826143,
                -0.7019011874622467
            ],
            [
                -0.4368037105679996,
                -0.5554817806539012,
                -0.7075609583601954
            ]
        ],
        "translation_vector": [
            -0.0026285888584849917,
            0.0051509827743584785,
            0.35954739666964863
        ],
        "camera_position": [
            0.15242589552207636,
            0.19902806783179489,
            0.2578021472840865
        ]
    },
    {
        "frame": 30,
        "rotation_matrix": [
            [
                -0.7740078116022806,
                0.6244356489041435,
                -0.10484287270153188
            ],
            [
                0.5449983278141842,
                0.5727313584564659,
                -0.6123361933777506
            ],
            [
                -0.3223177473525022,
                -0.5310921873067539,
                -0.7836149298752139
            ]
        ],
        "translation_vector": [
            -0.0038447865495614625,
            0.0037807639714543353,
            0.38626117420251427
        ],
        "camera_position": [
            0.11946242669308015,
            0.20537575157748744,
            0.3045920230877808
        ]
    },
    {
        "frame": 31,
        "rotation_matrix": [
            [
                -0.7703795445858581,
                0.6242307048149476,
                -0.12981288244977812
            ],
            [
                0.520729732263598,
                0.4985222979570789,
                -0.6930483853067373
            ],
            [
                -0.3679074655675903,
                -0.6015077269710074,
                -0.7091068686550741
            ]
        ],
        "translation_vector": [
            0.0016236882368527966,
            0.003084022899958476,
            0.34231363381065655
        ],
        "camera_position": [
            0.12558465522997672,
            0.2033532855491039,
            0.24508510171070524
        ]
    },
    {
        "frame": 32,
        "rotation_matrix": [
            [
                -0.7607281023204483,
                0.633750462895868,
                -0.14018953284465485
            ],
            [
                0.5304831951946262,
                0.482610967222852,
                -0.6969033174926946
            ],
            [
                -0.3740057940139826,
                -0.604522129533317,
                -0.7033296957675497
            ]
        ],
        "translation_vector": [
            -0.001060079007313082,
            0.004284542693345652,
            0.36042515353289567
        ],
        "camera_position": [
            0.13172178594022543,
            0.21648903961932653,
            0.2563350136173819
        ]
    },
    {
        "frame": 33,
        "rotation_matrix": [
            [
                -0.7733245072626485,
                0.6253380215992131,
                -0.10450629267830862
            ],
            [
                0.5485230881092337,
                0.5772386685315221,
                -0.6049115153169647
            ],
            [
                -0.31794909699210033,
                -0.525117013906747,
                -0.7894051516348048
            ]
        ],
        "translation_vector": [
            -0.004395036158926918,
            0.0031630972947248206,
            0.38632218917470507
        ],
        "camera_position": [
            0.11769697012801272,
            0.20378687553097632,
            0.3064188113678382
        ]
    },
    {
        "frame": 34,
        "rotation_matrix": [
            [
                -0.7620283183612956,
                0.6365372127794493,
                -0.1188832148052287
            ],
            [
                0.5091501878649458,
                0.4755472331822238,
                -0.7173708352099506
            ],
            [
                -0.4000986481013731,
                -0.6071863023485475,
                -0.6864734998729025
            ]
        ],
        "translation_vector": [
            0.0007437564872435231,
            0.003859874649300554,
            0.34080068590853413
        ],
        "camera_position": [
            0.13495540130644315,
            0.20462052692336988,
            0.23680802127792738
        ]
    },
    {
        "frame": 35,
        "rotation_matrix": [
            [
                -0.7715272014132446,
                0.6261516556846217,
                -0.11260498018672885
            ],
            [
                0.5409936764136917,
                0.5525774644950658,
                -0.6340220720232078
            ],
            [
                -0.33477099569682633,
                -0.5500838570760015,
                -0.7650726309472484
            ]
        ],
        "translation_vector": [
            -0.0035871008650551805,
            0.003779626499451528,
            0.38136711983965516
        ],
        "camera_position": [
            0.12285835050774031,
            0.20994142896131995,
            0.29376598693531825
        ]
    },
    {
        "frame": 36,
        "rotation_matrix": [
            [
                -0.7754288740187185,
                0.6246354484018385,
                -0.09241546373792886
            ],
            [
                0.5375224279569307,
                0.5761944488030396,
                -0.6156862810001915
            ],
            [
                -0.33133019901806177,
                -0.527096304073928,
                -0.7825533754641
            ]
        ],
        "translation_vector": [
            -0.004201388122649208,
            0.0024851889515202863,
            0.38583481790111057
        ],
        "camera_position": [
            0.12324500454285817,
            0.20456449037452093,
            0.3030781626315371
        ]
    },
    {
        "frame": 37,
        "rotation_matrix": [
            [
                -0.7381837696484516,
                0.6742030846998728,
                -0.023128398318475962
            ],
            [
                0.4927013751873286,
                0.5154052703693827,
                -0.7011438954765129
            ],
            [
                -0.46079287876020525,
                -0.5289684374862457,
                -0.7126445923651162
            ]
        ],
        "translation_vector": [
            -0.0013403718833042955,
            0.0017601690063725793,
            0.37943376597544676
        ],
        "camera_position": [
            0.1729836988631019,
            0.20070496879329733,
            0.27160455258214633
        ]
    },
    {
        "frame": 38,
        "rotation_matrix": [
            [
                -0.7610396010580569,
                0.6349712851441146,
                -0.13277873573665772
            ],
            [
                0.5277182866704669,
                0.4869563288167328,
                -0.6959791259362004
            ],
            [
                -0.37726931432993666,
                -0.5997374432764407,
                -0.7056790088965786
            ]
        ],
        "translation_vector": [
            -0.0013130923103083492,
            0.0038887628522638854,
            0.3608460461128203
        ],
        "camera_position": [
            0.1330846538779985,
            0.21535300334172752,
            0.25717362721916764
        ]
    },
    {
        "frame": 39,
        "rotation_matrix": [
            [
                -0.7600360270009422,
                0.6335456323079598,
                -0.1447935407541726
            ],
            [
                0.5373664077849201,
                0.4873520371227663,
                -0.6882770777068056
            ],
            [
                -0.36548950935006863,
                -0.6009225604816285,
                -0.7108512466467576
            ]
        ],
        "translation_vector": [
            -0.0012537949608818603,
            0.0035844940563272403,
            0.359875014703895
        ],
        "camera_position": [
            0.1286514265159579,
            0.21530444113009917,
            0.2581031865216645
        ]
    },
    {
        "frame": 40,
        "rotation_matrix": [
            [
                -0.7602090937282608,
                0.6340013646769499,
                -0.14186050683901202
            ],
            [
                0.5354519659578362,
                0.48776955544212564,
                -0.6894723003396726
            ],
            [
                -0.3679311429666488,
                -0.6001025998706857,
                -0.7102841288271189
            ]
        ],
        "translation_vector": [
            -0.0012092638039726768,
            0.0036599993799634836,
            0.35996443428950986
        ],
        "camera_position": [
            0.12956307853158014,
            0.21499703150960534,
            0.25802894603368276
        ]
    },
    {
        "frame": 41,
        "rotation_matrix": [
            [
                -0.76170560419789,
                0.6310518677282004,
                -0.14689490382677434
            ],
            [
                0.536619689381274,
                0.48737456157336323,
                -0.6888434841816513
            ],
            [
                -0.3631031279152967,
                -0.6035226399795801,
                -0.7098707921377001
            ]
        ],
        "translation_vector": [
            -0.0010403656626628312,
            0.0035948148253523997,
            0.3595523155429129
        ],
        "camera_position": [
            0.1278330696521903,
            0.21590246608232994,
            0.25755912740471393
        ]
    },
    {
        "frame": 42,
        "rotation_matrix": [
            [
                -0.7732837140269834,
                0.6260294284700301,
                -0.10059548851773638
            ],
            [
                0.545383136252928,
                0.5757900454899846,
                -0.609116621186421
            ],
            [
                -0.32340304932321634,
                -0.5258830461273012,
                -0.7866749579618739
            ]
        ],
        "translation_vector": [
            -0.004684898343280117,
            0.0028070394193052653,
            0.38685542398822487
        ],
        "camera_position": [
            0.11995655621220083,
            0.2047573276551462,
            0.3055680091323858
        ]
    },
    {
        "frame": 43,
        "rotation_matrix": [
            [
                -0.7658564469837299,
                0.6297711168271546,
                -0.12981618937457506
            ],
            [
                0.5120200418501978,
                0.475155585527262,
                -0.71558552688408
            ],
            [
                -0.3889722089779408,
                -0.614504279848825,
                -0.6863564020902684
            ]
        ],
        "translation_vector": [
            0.0006354095524461054,
            0.0043778605446511,
            0.33950794770445464
        ],
        "camera_position": [
            0.13030423654709825,
            0.20614875943314145,
            0.23623867355874043
        ]
    },
    {
        "frame": 44,
        "rotation_matrix": [
            [
                -0.7372990280252238,
                0.6752910507654055,
                -0.019290931268728828
            ],
            [
                0.49053758551696713,
                0.5155101855658588,
                -0.7025824690191452
            ],
            [
                -0.4645029821952109,
                -0.5274762983623137,
                -0.711340800318488
            ]
        ],
        "translation_vector": [
            -0.0016202599070366608,
            0.002547830199698526,
            0.3797409156038703
        ],
        "camera_position": [
            0.17394636523046395,
            0.20008504709554423,
            0.2718840113291741
        ]
    },
    {
        "frame": 45,
        "rotation_matrix": [
            [
                -0.7713260376346676,
                0.6262204315952287,
                -0.11359627951429101
            ],
            [
                0.543437794641898,
                0.5551373042354684,
                -0.6296808213697848
            ],
            [
                -0.3312574633446825,
                -0.5474217245404699,
                -0.7685037075249436
            ]
        ],
        "translation_vector": [
            -0.0037283789275880217,
            0.004757192232860391,
            0.38237652277160106
        ],
        "camera_position": [
            0.1212040431751505,
            0.2090151077087228,
            0.29642975815827943
        ]
    },
    {
        "frame": 46,
        "rotation_matrix": [
            [
                -0.769450937614933,
                0.6283309111662037,
                -0.11465391696993599
            ],
            [
                0.5441174442422703,
                0.5508438329604545,
                -0.632856443880202
            ],
            [
                -0.3344868629330014,
                -0.5493371803933207,
                -0.7657331132729966
            ]
        ],
        "translation_vector": [
            -0.0035393956185694347,
            0.005117233660673029,
            0.38178918329160805
        ],
        "camera_position": [
            0.12219569884262829,
            0.20913610852427467,
            0.29518128866146015
        ]
    },
    {
        "frame": 47,
        "rotation_matrix": [
            [
                -0.769124661851105,
                0.6256401772645949,
                -0.13046694265119355
            ],
            [
                0.5219255739700467,
                0.49707043300112796,
                -0.6931916617156537
            ],
            [
                -0.3688372944381586,
                -0.601244836342399,
                -0.7088467373157197
            ]
        ],
        "translation_vector": [
            0.0022206300860696457,
            0.004156498866876342,
            0.3438082091716452
        ],
        "camera_position": [
            0.12634784798374252,
            0.20325752236436445,
            0.24687829650821919
        ]
    },
    {
        "frame": 48,
        "rotation_matrix": [
            [
                -0.7697907859402503,
                0.6241457222019267,
                -0.13365726070261635
            ],
            [
                0.525201250586522,
                0.500353757695984,
                -0.688338407719533
            ],
            [
                -0.3627475599695263,
                -0.6000735243422627,
                -0.7129698262336288
            ]
        ],
        "translation_vector": [
            0.0022337098005052063,
            0.004038103383200302,
            0.34373694677299216
        ],
        "camera_position": [
            0.12428841098931671,
            0.20285280047834317,
            0.2481522043969574
        ]
    },
    {
        "frame": 49,
        "rotation_matrix": [
            [
                -0.768430043106432,
                0.6257526676411513,
                -0.1339733846382558
            ],
            [
                0.5277819261159087,
                0.5013227891395412,
                -0.6856542128177538
            ],
            [
                -0.36188604189278806,
                -0.5975860273042994,
                -0.7154924406685487
            ]
        ],
        "translation_vector": [
            0.0023017054519547326,
            0.004280502263671061,
            0.3439014099987959
        ],
        "camera_position": [
            0.12396264795601321,
            0.20192446572510098,
            0.2493021708692944
        ]
    },
    {
        "frame": 50,
        "rotation_matrix": [
            [
                -0.7695472849176865,
                0.6249245943086384,
                -0.13140101865663156
            ],
            [
                0.5227654791934976,
                0.4983115409875799,
                -0.6916660045731436
            ],
            [
                -0.3667604532108249,
                -0.6009616123736746,
                -0.7101632984136983
            ]
        ],
        "translation_vector": [
            0.002093259801619254,
            0.005259478237717484,
            0.3441626783451862
        ],
        "camera_position": [
            0.12508664862384714,
            0.20289956985942834,
            0.24832456161357733
        ]
    },
    {
        "frame": 51,
        "rotation_matrix": [
            [
                -0.7708128983966704,
                0.6212050540836536,
                -0.14125068653372785
            ],
            [
                0.5293775494306217,
                0.5012292536707642,
                -0.6844915232663435
            ],
            [
                -0.35441061753868786,
                -0.6023898372695,
                -0.7152059830078825
            ]
        ],
        "translation_vector": [
            0.001917189740208386,
            0.005946222323194493,
            0.3437434361625667
        ],
        "camera_position": [
            0.12015632146384982,
            0.20289616403895733,
            0.25018830530585945
        ]
    },
    {
        "frame": 52,
        "rotation_matrix": [
            [
                -0.7704547617529662,
                0.623058670794685,
                -0.13489756424687716
            ],
            [
                0.5237862925746475,
                0.49807665202777796,
                -0.6910626371145421
            ],
            [
                -0.3633832409496697,
                -0.6030899944886832,
                -0.7100951195048127
            ]
        ],
        "translation_vector": [
            0.0016723170828449132,
            0.00643469768954334,
            0.3444613018549836
        ],
        "camera_position": [
            0.12308950246280055,
            0.20349424029648344,
            0.24927265996099282
        ]
    },
    {
        "frame": 53,
        "rotation_matrix": [
            [
                -0.7725670232101682,
                0.6220339347213981,
                -0.12733412230504004
            ],
            [
                0.539069557092174,
                0.5366353488093425,
                -0.6491737171395051
            ],
            [
                -0.33547609045150556,
                -0.5701721551104459,
                -0.7499063316655507
            ]
        ],
        "translation_vector": [
            -0.003539897666805012,
            0.009557430899734702,
            0.3830686581537247
        ],
        "camera_position": [
            0.12062344756694461,
            0.21548816358436942,
            0.293019295393137
        ]
    },
    {
        "frame": 54,
