[
    {
        "frame": 2,
        "rotation_matrix": [
            [
                -0.7410276411216421,
                0.6641583692772519,
                0.09885188724893482
            ],
            [
                0.41904641746191035,
                0.5724438055003158,
                -0.7047752759260606
            ],
            [
                -0.5246695484836461,
                -0.48083443102932827,
                -0.7025098681375721
            ]
        ],
        "translation_vector": [
            -0.020550212820520955,
            0.022969517442025696,
            0.46039945442810065
        ],
        "camera_position": [
            0.21670400415106048,
            0.22187574757630754,
            0.341654935334663
        ]
    },
    {
        "frame": 3,
        "rotation_matrix": [
            [
                -0.6773081466890792,
                0.7029036743166612,
                0.21720980424635972
            ],
            [
                0.41820447357351026,
                0.6107517022820796,
                -0.672374431728814
            ],
            [
                -0.6052757162745818,
                -0.3645665683955118,
                -0.7076245646503609
            ]
        ],
        "translation_vector": [
            -0.02252208991118986,
            0.020563891147700613,
            0.434982746452894
        ],
        "camera_position": [
            0.23943018717700026,
            0.16185159541345057,
            0.3265231299545443
        ]
    },
    {
        "frame": 4,
        "rotation_matrix": [
            [
                -0.7950698191347303,
                0.6065102621204693,
                0.0030470713196197874
            ],
            [
                0.45772380757753395,
                0.6033077720327378,
                -0.653076295835041
            ],
            [
                -0.3979357971806406,
                -0.517846535324369,
                -0.7572859877052758
            ]
        ],
        "translation_vector": [
            -0.02051527414816019,
            0.023373936848994355,
            0.49744958340873147
        ],
        "camera_position": [
            0.17094311385185548,
            0.2559435898038355,
            0.3920390747051536
        ]
    },
    {
        "frame": 5,
        "rotation_matrix": [
            [
                -0.6746140432072629,
                0.7021650597516832,
                0.22772817474231058
            ],
            [
                0.4198297276969446,
                0.6187162333028302,
                -0.6640280283161755
            ],
            [
                -0.6071563986729108,
                -0.35235557539433565,
                -0.7121844255802482
            ]
        ],
        "translation_vector": [
            -0.02342060227156312,
            0.02029324911095724,
            0.4344301131587127
        ],
        "camera_position": [
            0.23944744653940128,
            0.1569632384326896,
            0.32820317779664665
        ]
    },
    {
        "frame": 6,
        "rotation_matrix": [
            [
                -0.7925601455850668,
                0.6096386909623726,
                0.013750713140127047
            ],
            [
                0.4444340801279272,
                0.5929320509693028,
                -0.6714982735303032
            ],
            [
                -0.4175245670029735,
                -0.5260914838837627,
                -0.7408785234665395
            ]
        ],
        "translation_vector": [
            -0.021240761061386327,
            0.021735301117320218,
            0.5071791792623511
        ],
        "camera_position": [
            0.18526527797690695,
            0.2668842801116592,
            0.3906454542520369
        ]
    },
    {
        "frame": 7,
        "rotation_matrix": [
            [
                -0.8036044998068509,
                0.5936730582852819,
                -0.042096410255285655
            ],
            [
                0.47005042196110336,
                0.5896986771544949,
                -0.6567404898256444
            ],
            [
                -0.36506493765406955,
                -0.547547048232788,
                -0.752940782045435
            ]
        ],
        "translation_vector": [
            -0.021476635042928606,
            0.02355275232599716,
            0.49414305977372314
        ],
        "camera_position": [
            0.15206460357809815,
            0.2694276465014445,
            0.3866244187279985
        ]
    },
    {
        "frame": 8,
        "rotation_matrix": [
            [
                -0.6774839380435548,
                0.7013390363674056,
                0.2216733402108512
            ],
            [
                0.4177917094698286,
                0.6149640593363115,
                -0.6687819474409301
            ],
            [
                -0.6053640237008433,
                -0.3604757436941405,
                -0.7096419075962757
            ]
        ],
        "translation_vector": [
            -0.02450411685531645,
            0.021398462171862632,
            0.4346814873213156
        ],
        "camera_position": [
            0.23759928851687157,
            0.16071854095380514,
            0.3282110144952591
        ]
    },
    {
        "frame": 9,
        "rotation_matrix": [
            [
                -0.7958632883820455,
                0.6052064992299112,
                -0.018075383691436103
            ],
            [
                0.45212860979567904,
                0.574175665734129,
                -0.682570161289663
            ],
            [
                -0.40271745232848266,
                -0.5514049312153869,
                -0.7305965065762432
            ]
        ],
        "translation_vector": [
            -0.021180189807405218,
            0.024411260594559392,
            0.47995323807904333
        ],
        "camera_position": [
            0.16539198045134246,
            0.2634506189526514,
            0.3669317170843911
        ]
    },
    {
        "frame": 10,
        "rotation_matrix": [
            [
                -0.7841838693508758,
                0.6204590455823185,
                -0.009286108171192381
            ],
            [
                0.45238384895335254,
                0.5613863047349806,
                -0.6929605111852718
            ],
            [
                -0.4247405234446543,
                -0.5476093403249084,
                -0.7209157358061202
            ]
        ],
        "translation_vector": [
            -0.023036348823097894,
            0.02522582253439889,
            0.48673473087578695
        ],
        "camera_position": [
            0.1772594765239357,
            0.2666721645961056,
            0.3681613075031772
        ]
    },
    {
        "frame": 11,
        "rotation_matrix": [
            [
                -0.7251896901579822,
                0.6800312535928915,
                0.10796947450761374
            ],
            [
                0.40983834199174096,
                0.5523121505904326,
                -0.7259365135765192
            ],
            [
                -0.5532923700197125,
                -0.48219164493700184,
                -0.6792339588322405
            ]
        ],
        "translation_vector": [
            -0.02284312675031235,
            0.024468079578936566,
            0.45009691599045437
        ],
        "camera_position": [
            0.22244163221027008,
            0.21905299476944465,
            0.3259497428811668
        ]
    },
    {
        "frame": 12,
        "rotation_matrix": [
            [
                -0.7219076610312538,
                0.6821234942002107,
                0.11643396241852888
            ],
            [
                0.4101088094198554,
                0.5572663612635262,
                -0.7219868191596975
            ],
            [
                -0.5573689024161763,
                -0.47345722221147307,
                -0.6820397095149099
            ]
        ],
        "translation_vector": [
            -0.02359047343611832,
            0.024638255949801704,
            0.45143715948581403
        ],
        "camera_position": [
            0.22448252477784153,
            0.21609772846224812,
            0.3284332974602768
        ]
    },
    {
        "frame": 13,
        "rotation_matrix": [
            [
                -0.790434871599267,
                0.6123412845004041,
                0.015838720158065978
            ],
            [
                0.4511345282273356,
                0.5994443601310475,
                -0.6611687353075448
            ],
            [
                -0.4143553441201763,
                -0.515465430852035,
                -0.7500700223282998
            ]
        ],
        "translation_vector": [
            -0.0235759048374207,
            0.02430213766171469,
            0.5005816085718209
        ],
        "camera_position": [
            0.17781991395807167,
            0.2579012350300407,
            0.39191248410086077
        ]
    },
    {
        "frame": 14,
        "rotation_matrix": [
            [
                -0.6787520068909902,
                0.7020992599326858,
                0.21529594130737373
            ],
            [
                0.4178302912398464,
                0.6103108978071868,
                -0.6730070250303569
            ],
            [
                -0.6039151934368586,
                -0.366847703031873,
                -0.7076080849710245
            ]
        ],
        "translation_vector": [
            -0.026567614338420205,
            0.021832060140799893,
            0.43166465148805633
        ],
        "camera_position": [
            0.2335339239057589,
            0.1636839440181172,
            0.3258624267720733
        ]
    },
    {
        "frame": 15,
        "rotation_matrix": [
            [
                -0.656441703239101,
                0.710919533583677,
                0.25234442141191726
            ],
            [
                0.4054365936410126,
                0.6145673534749486,
                -0.6767038765808645
            ],
            [
                -0.6361646475444235,
                -0.3419069826896851,
                -0.6916604343192654
            ]
        ],
        "translation_vector": [
            -0.0269963107323985,
            0.02196403099839962,
            0.4307644524611393
        ],
        "camera_position": [
            0.2474105899656428,
            0.152975202422991,
            0.31961824161255487
        ]
    },
    {
        "frame": 16,
        "rotation_matrix": [
            [
                -0.7918658022910063,
                0.6104651608442657,
                0.01675823849351782
            ],
            [
                0.44889333694215217,
                0.6004496267159992,
                -0.661781699524516
            ],
            [
                -0.4140571496918756,
                -0.516519634836859,
                -0.74950926853311
            ]
        ],
        "translation_vector": [
            -0.025204377253102168,
            0.025210853493701404,
            0.4994622862539386
        ],
        "camera_position": [
            0.17553046205817321,
            0.2582306243549769,
            0.3914580752666777
        ]
    },
    {
        "frame": 17,
        "rotation_matrix": [
            [
                -0.6792213740996248,
                0.7014893385468813,
                0.21580322720310882
            ],
            [
                0.41832553926240557,
                0.6116251322338427,
                -0.6715046096794511
            ],
            [
                -0.6030440018498112,
                -0.3658242823064012,
                -0.7088797685841877
            ]
        ],
        "translation_vector": [
            -0.028051226482462527,
            0.023197183436741382,
            0.43294557797539984
        ],
        "camera_position": [
            0.23232826705832285,
            0.16387166126424244,
            0.32853692193602124
        ]
    },
    {
        "frame": 18,
        "rotation_matrix": [
            [
                -0.6817398526062062,
                0.6996527729872747,
                0.21381480449137627
            ],
            [
                0.42180866896048175,
                0.6146940281674441,
                -0.666504837585646
            ],
            [
                -0.5977526412808689,
                -0.3641939716504087,
                -0.7141810210690608
            ]
        ],
        "translation_vector": [
            -0.028925595190976643,
            0.023645266120801145,
            0.435310640609653
        ],
        "camera_position": [
            0.23051457597041244,
            0.16424078011210094,
            0.33283500252889825
        ]
    },
    {
        "frame": 19,
        "rotation_matrix": [
            [
                -0.7853715814075884,
                0.6189350236021326,
                0.010531651151227422
            ],
            [
                0.46147555405149754,
                0.596740195811735,
                -0.6564613101435872
            ],
            [
                -0.4125915560578124,
                -0.5107059577302766,
                -0.7542861742128075
            ]
        ],
        "translation_vector": [
            -0.027230224973559487,
            0.026442290931878977,
            0.5050026139591189
        ],
        "camera_position": [
            0.17477149859890706,
            0.2589824056865861,
            0.39856160982922134
        ]
    },
    {
        "frame": 20,
        "rotation_matrix": [
            [
                -0.7228293934451082,
                0.6834364253818701,
                0.10213873130712184
            ],
            [
                0.42222298621333487,
                0.5538115341590767,
                -0.7176493116735109
            ],
            [
                -0.5470332877301628,
                -0.47561269652272886,
                -0.6888738237308104
            ]
        ],
        "translation_vector": [
            -0.027262355586115946,
            0.02678309287542295,
            0.4549783722216322
        ],
        "camera_position": [
            0.21787384539643,
            0.22019279156625385,
            0.3354281015656802
        ]
    },
    {
        "frame": 21,
        "rotation_matrix": [
            [
                -0.6851198190043088,
                0.7013051333113594,
                0.19693131695756225
            ],
            [
                0.44271995866594854,
                0.6155793498190857,
                -0.6519671021417672
            ],
            [
                -0.5784547275339048,
                -0.35949015851264865,
                -0.7322273923626641
            ]
        ],
        "translation_vector": [
            -0.029594650319026354,
            0.02457802130926569,
            0.4466412612257002
        ],
        "camera_position": [
            0.22720468701951596,
            0.1661882956062067,
            0.34889514082047085
        ]
    },
    {
        "frame": 22,
        "rotation_matrix": [
            [
                -0.7785117120430032,
                0.626768886179878,
                -0.03286757564389456
            ],
            [
                0.4635335065575211,
                0.5388710460947581,
                -0.7033880038636069
            ],
            [
                -0.4231503308640565,
                -0.5628310217086261,
                -0.7100458002777452
            ]
        ],
        "translation_vector": [
            -0.027604855007657164,
            0.028759074717713665,
            0.4887914626101573
        ],
        "camera_position": [
            0.17201077144505256,
            0.2769114298517832,
            0.3663858087365127
        ]
    },
    {
        "frame": 23,
        "rotation_matrix": [
            [
                -0.6765126954074305,
                0.7084246015531814,
                0.20115953088727623
            ],
            [
                0.4419832681731206,
                0.6090702043670122,
                -0.6585470953601822
            ],
            [
                -0.5890512402224278,
                -0.3566063236491208,
                -0.7251555462973982
            ]
        ],
        "translation_vector": [
            -0.029030440950746656,
            0.0233073671680797,
            0.44349898961447165
        ],
        "camera_position": [
            0.23130270169988354,
            0.16452459990764293,
            0.34279450092836145
        ]
    },
    {
        "frame": 24,
        "rotation_matrix": [
            [
                -0.7177691528505393,
                0.6894643535989957,
                0.09719232651057391
            ],
            [
                0.42589914134493556,
                0.5451734395024396,
                -0.7220774489365573
            ],
            [
                -0.550833336516469,
                -0.4768907904095014,
                -0.684950954014034
            ]
        ],
        "translation_vector": [
            -0.026939302621567768,
            0.02519088491995574,
            0.4518026480200613
        ],
        "camera_position": [
            0.218802983377671,
            0.22030080941585733,
            0.3302707182032264
        ]
    },
    {
        "frame": 25,
        "rotation_matrix": [
            [
                -0.6660002257903113,
                0.715379552501196,
                0.2113664947678394
            ],
            [
                0.4278860894544746,
                0.5984693453811781,
                -0.677309336337823
            ],
            [
                -0.6110296176934568,
                -0.3606473880429656,
                -0.7046816783478728
            ]
        ],
        "translation_vector": [
            -0.02967314834043906,
            0.02204469802071882,
            0.430702966058457
        ],
        "camera_position": [
            0.2339773255662049,
            0.16336638731884012,
            0.3247114781311059
        ]
    },
    {
        "frame": 26,
        "rotation_matrix": [
            [
                -0.7603761707401699,
                0.6492164680486205,
                0.018602596189523896
            ],
            [
                0.456411688301513,
                0.5544981966927928,
                -0.6958592678453042
            ],
            [
                -0.4620784021703227,
                -0.5206243631246188,
                -0.7179371997388119
            ]
        ],
        "translation_vector": [
            -0.027792410973322176,
            0.024146972097197513,
            0.47158515881073837
        ],
        "camera_position": [
            0.18575566933672064,
            0.25017256137203164,
            0.3558884336776712
        ]
    },
    {
        "frame": 27,
        "rotation_matrix": [
            [
                -0.7802585688364989,
                0.6250718716562145,
                -0.021948143917324497
            ],
            [
                0.4685821572176392,
                0.5609536541862307,
                -0.6824674056629948
            ],
            [
                -0.41427928706910055,
                -0.5427855498438697,
                -0.7305864214356887
            ]
        ],
        "translation_vector": [
            -0.026553112252363356,
            0.02390425271017197,
            0.4748794885580427
        ],
        "camera_position": [
            0.16481333629777312,
            0.2609461499720731,
            0.3626715879610864
        ]
    },
    {
        "frame": 28,
        "rotation_matrix": [
            [
                -0.6686197819469142,
                0.7175065674269429,
                0.19527394318870792
            ],
            [
                0.4506715289076927,
                0.5998840106312633,
                -0.6610857333364206
            ],
            [
                -0.5914750715129621,
                -0.3540105923389245,
                -0.7244540981253265
            ]
        ],
        "translation_vector": [
            -0.029518077975218125,
            0.020741726769067957,
            0.4395910036773586
        ],
        "camera_position": [
            0.23092304376203662,
            0.16435665616207734,
            0.3379396752464534
        ]
    },
    {
        "frame": 29,
        "rotation_matrix": [
            [
                -0.707272907099284,
                0.6999699203827816,
                0.0990310327253526
            ],
            [
                0.4329394225763725,
                0.5396136864779992,
                -0.7220668429895263
            ],
            [
                -0.558863571243076,
                -0.46782387703594863,
                -0.6846987138972067
            ]
        ],
        "translation_vector": [
            -0.027134267208849008,
            0.02298001863716114,
            0.4474724189442935
        ],
        "camera_position": [
            0.22093574603360747,
            0.21593112018286517,
            0.32566403376874326
        ]
    },
    {
        "frame": 30,
        "rotation_matrix": [
            [
                -0.7555862938200594,
                0.6549634135873206,
                0.010596199946749763
            ],
            [
                0.4607600283133875,
                0.5429060813809733,
                -0.7021062477347729
            ],
            [
                -0.465606646107971,
                -0.5256195522063468,
                -0.7119933549117479
            ]
        ],
        "translation_vector": [
            -0.026964223302787957,
            0.02289007055623329,
            0.46965372567322383
        ],
        "camera_position": [
            0.1877532689341473,
            0.2520926022113085,
            0.35074731163902667
        ]
    },
    {
        "frame": 31,
        "rotation_matrix": [
            [
                -0.7146842250893246,
                0.68968732294653,
                0.11643820238787797
            ],
            [
                0.44726570948205524,
                0.5786201729541977,
                -0.6820205866188853
            ],
            [
                -0.5377544453837508,
                -0.43535053924085526,
                -0.7220041997472807
            ]
        ],
        "translation_vector": [
            -0.02611063321402457,
            0.020667789915574972,
            0.451796629403685
        ],
        "camera_position": [
            0.21505079448605421,
            0.20273927878438344,
            0.34333519725811285
        ]
    },
    {
        "frame": 32,
        "rotation_matrix": [
            [
                -0.6488448845428657,
                0.728412301212166,
                0.22003598625077664
            ],
            [
                0.4315814230945799,
                0.5904500416583445,
                -0.6819869672840655
            ],
            [
                -0.6266879534841983,
                -0.34754031096903915,
                -0.697479706664883
            ]
        ],
        "translation_vector": [
            -0.02725886594418263,
            0.018769748512406512,
            0.4224412599707501
        ],
        "camera_position": [
            0.23895139817792116,
            0.15558846133615614,
            0.31344286140430905
        ]
    },
    {
        "frame": 33,
        "rotation_matrix": [
            [
                -0.7127809396071272,
                0.693793658956177,
                0.10292565727252406
            ],
            [
                0.44657711250944526,
                0.562075571443267,
                -0.6961608539478874
            ],
            [
                -0.540843983710189,
                -0.45024594476677465,
                -0.7104691228375568
            ]
        ],
        "translation_vector": [
            -0.02313998057622288,
            0.02081098263809582,
            0.45289394611865524
        ],
        "camera_position": [
            0.21915752038442537,
            0.20827068948289557,
            0.33863665379227337
        ]
    },
    {
        "frame": 34,
        "rotation_matrix": [
            [
                -0.7813892477350785,
                0.6234590865380178,
                -0.027011311282284622
            ],
            [
                0.4850810560385483,
                0.5795888027277258,
                -0.6548077495152058
            ],
            [
                -0.3925903878045601,
                -0.5247624102065829,
                -0.7553126506537826
            ]
        ],
        "translation_vector": [
            -0.02025356765556506,
            0.021683816220976645,
            0.4906434150722844
        ],
        "camera_position": [
            0.1662775601312312,
            0.2575307947529114,
            0.38424083384410895
        ]
    },
    {
        "frame": 35,
        "rotation_matrix": [
            [
                -0.7350807056936515,
                0.6605542007905454,
                0.15272361944010845
            ],
            [
                0.31877064346054484,
                0.5355458876517262,
                -0.7820331700683
            ],
            [
                -0.5983658019846,
                -0.5261736880891025,
                -0.6042347366529321
            ]
        ],
        "translation_vector": [
            -0.02338265791335141,
            0.01903749370500174,
            0.4163420598748732
        ],
        "camera_position": [
            0.2258681157587898,
            0.22431829859637922,
            0.270027370606968
        ]
    },
    {
        "frame": 36,
        "rotation_matrix": [
            [
                -0.7048714569688461,
                0.7000863417579094,
                0.11417242764627439
            ],
            [
                0.43164379941655284,
                0.5510607052182853,
                -0.7141538556848721
            ],
            [
                -0.5628852987739676,
                -0.4541048482986656,
                -0.6906148906415117
            ]
        ],
        "translation_vector": [
            -0.017696642476851803,
            0.023475679702465273,
            0.4473887401777051
        ],
        "camera_position": [
            0.22922155493626303,
            0.2026140490696256,
            0.3277590416791785
        ]
    },
    {
        "frame": 37,
        "rotation_matrix": [
            [
                -0.723792557068981,
                0.6842939943862697,
                0.08869083142258644
            ],
            [
                0.4401331861700798,
                0.5568383197989735,
                -0.7044244913652771
            ],
            [
                -0.5314199024907889,
                -0.4708214256491938,
                -0.7042159273875741
            ]
        ],
        "translation_vector": [
            -0.017253210560937045,
            0.023693600602105677,
            0.4564552099634824
        ],
        "camera_position": [
            0.2196532978558101,
            0.21352165632147538,
            0.3396635831374324
        ]
    },
    {
        "frame": 38,
        "rotation_matrix": [
            [
                -0.7534928796981946,
                0.6555979215670071,
                0.04939479204473349
            ],
            [
                0.44289839638386425,
                0.5616841282972128,
                -0.6988218302969659
            ],
            [
                -0.4858904102004108,
                -0.5046803991200969,
                -0.713588259446059
            ]
        ],
        "translation_vector": [
            -0.016302482586279855,
            0.0230304779572407,
            0.46673767848005704
        ],
        "camera_position": [
            0.20429939574728084,
            0.2333053776239691,
            0.34995798610033324
        ]
    },
    {
        "frame": 39,
        "rotation_matrix": [
            [
                -0.7744212117194653,
                0.6325569265194069,
                0.011980048049861886
            ],
            [
                0.47223976434808584,
                0.5905433935833087,
                -0.6544066818604272
            ],
            [
                -0.42102421760205144,
                -0.5011289604557211,
                -0.7560478643479849
            ]
        ],
        "translation_vector": [
            -0.015968569891811335,
            0.022422997886852203,
            0.49724933593425646
        ],
        "camera_position": [
            0.18639858213175176,
            0.24604531902929305,
            0.3908093623606381
        ]
    },
    {
        "frame": 40,
        "rotation_matrix": [
            [
                -0.7081583213345122,
                0.6980901416762831,
                0.10574472099860494
            ],
            [
                0.4297016887889168,
                0.5449599877142655,
                -0.7199826875990987
            ],
            [
                -0.560239458246774,
                -0.4644230462464749,
                -0.6858884628994031
            ]
        ],
        "translation_vector": [
            -0.016701414320378208,
            0.02292272861330651,
            0.44700165696466904
        ],
        "camera_position": [
            0.22875078540747745,
            0.20676499399037557,
            0.3248633335606868
        ]
    },
    {
        "frame": 41,
        "rotation_matrix": [
            [
                -0.7050001492674134,
                0.7007420676143612,
                0.10924900094955056
            ],
            [
                0.4298961149108105,
                0.54476232319217,
                -0.7200162092723054
            ],
            [
                -0.5640603867650307,
                -0.46064581394583304,
                -0.6853038115877255
            ]
        ],
        "translation_vector": [
            -0.016499105774324663,
            0.022828748640779578,
            0.4460776140488025
        ],
        "camera_position": [
            0.23016884912496532,
            0.20460916095549292,
            0.323938269052773
        ]
    },
    {
        "frame": 42,
        "rotation_matrix": [
            [
                -0.7718479630734499,
                0.6356103836708704,
                0.01581651254655045
            ],
            [
                0.47274765190209855,
                0.5903563289639235,
                -0.6542087300497393
            ],
            [
                -0.425159240191741,
                -0.49747245654609806,
                -0.7561486464033194
            ]
        ],
        "translation_vector": [
            -0.015638356052514173,
            0.022736566044837623,
            0.49919391385223094
        ],
        "camera_position": [
            0.18941781364679153,
            0.24485244844397466,
            0.39258660650473687
        ]
    },
    {
        "frame": 43,
        "rotation_matrix": [
            [
                -0.6907945699181479,
                0.7104852073521469,
                0.1342148736369327
            ],
            [
                0.4173030496537965,
                0.5433455641993107,
                -0.7284461288349147
            ],
            [
                -0.5904752551303416,
                -0.4471983541994637,
                -0.6718278090999575
            ]
        ],
        "translation_vector": [
            -0.016478145810585085,
            0.022349465700970805,
            0.4382360564487666
        ],
        "camera_position": [
            0.2380580333954806,
            0.19554243898691703,
            0.31291116370171973
        ]
    },
    {
        "frame": 44,
        "rotation_matrix": [
            [
                -0.6560642673840092,
                0.725384492812656,
                0.20831950136463234
            ],
            [
                0.4312779304673606,
                0.5868621656583111,
                -0.6852679368032826
            ],
            [
                -0.6193375684985318,
                -0.35973620349606605,
                -0.6978616196213712
            ]
        ],
        "translation_vector": [
            -0.017763808100233463,
            0.020352726383760903,
            0.42665108317545397
        ],
        "camera_position": [
            0.2438091629897639,
            0.15442318672560634,
            0.31539103438113386
        ]
    },
    {
        "frame": 45,
        "rotation_matrix": [
            [
                -0.7809976777259399,
                0.6237664740082078,
                -0.03095178977145821
            ],
            [
                0.49214747255315716,
                0.5841770566886161,
                -0.6453898292490854
            ],
            [
                -0.38449121270352626,
                -0.5192808029784963,
                -0.7632260183011187
            ]
        ],
        "translation_vector": [
            -0.0138039524724908,
            0.021921625673740792,
            0.5012609537656905
        ],
        "camera_position": [
            0.17116090450025406,
            0.2560995225704416,
            0.3962961390879033
        ]
    },
    {
        "frame": 46,
        "rotation_matrix": [
            [
                -0.71383853236089,
                0.6874590092353173,
                0.13354647257807453
            ],
            [
                0.44269342854869,
                0.5907262527735692,
                -0.6745850744004812
            ],
            [
                -0.5426389942094619,
                -0.42242467364642977,
                -0.7260167470920011
            ]
        ],
        "translation_vector": [
            -0.014803797600152362,
            0.021313880873981114,
            0.4587549296709338
        ],
        "camera_position": [
            0.22893527747322645,
            0.19137573650030684,
            0.34941878261750875
        ]
    },
    {
        "frame": 47,
        "rotation_matrix": [
            [
                -0.7399537646155331,
                0.6557396938820564,
                0.14991290837938862
            ],
            [
                0.32128475332244644,
                0.5403399030125234,
                -0.7776946036169667
            ],
            [
                -0.5909691476835612,
                -0.5272933178790369,
                -0.6105057111987421
            ]
        ],
        "translation_vector": [
            -0.018373819503533968,
            0.018071661161006478,
            0.42271761527004525
        ],
        "camera_position": [
            0.2304111426967191,
            0.22517977701933448,
            0.274880224429797
        ]
    },
    {
        "frame": 48,
        "rotation_matrix": [
            [
                -0.700946866460044,
                0.7044303016700006,
                0.11158602282076846
            ],
            [
                0.43307323018340327,
                0.5446929315535892,
                -0.7181623685588588
            ],
            [
                -0.5666754518226091,
                -0.4550687425045462,
                -0.6868707097387199
            ]
        ],
        "translation_vector": [
            -0.012929571389901973,
            0.0224650014626332,
            0.4516307292100097
        ],
        "camera_position": [
            0.237136114232136,
            0.20239448238862545,
            0.3277881976205542
        ]
    },
    {
        "frame": 49,
        "rotation_matrix": [
            [
                -0.7008048985632307,
                0.7051524457647401,
                0.1078541718330136
            ],
            [
                0.4341466244133768,
                0.5415752018760052,
                -0.7198701335820469
            ],
            [
                -0.5660293302120043,
                -0.45766399131346247,
                -0.685678108440674
            ]
        ],
        "translation_vector": [
            -0.012378562297086301,
            0.0226276434899106,
            0.4524685964495368
        ],
        "camera_position": [
            0.2376118244557548,
            0.20355278668291035,
            0.32787185566908955
        ]
    },
    {
        "frame": 50,
        "rotation_matrix": [
            [
                -0.7004365386185837,
                0.7048260991647877,
                0.11228902575125599
            ],
            [
                0.4329892155693351,
                0.5447120636055287,
                -0.7181985150104797
            ],
            [
                -0.5673702446980007,
                -0.4544325447178661,
                -0.6867183321657981
            ]
        ],
        "translation_vector": [
            -0.011556360207538622,
            0.022912909692708167,
            0.45321832955238933
        ],
        "camera_position": [
            0.23912705480270363,
            0.20162144477497318,
            0.32898700552199317
        ]
    },
    {
        "frame": 51,
        "rotation_matrix": [
            [
                -0.7028428895968658,
                0.703225051519995,
                0.10717462133279632
            ],
            [
                0.4329254501237835,
                0.5424170684072338,
                -0.7199717206499303
            ],
            [
                -0.5644354942579775,
                -0.45962838338727746,
                -0.685678001693616
            ]
        ],
        "translation_vector": [
            -0.010219499864889039,
            0.023294219870938288,
            0.45368869554557567
        ],
        "camera_position": [
            0.23881063967134233,
            0.20307962756046297,
            0.328950808742581
        ]
    },
    {
        "frame": 52,
        "rotation_matrix": [
            [
                -0.6982841709096136,
                0.7064764914164421,
                0.1152830591760454
            ],
            [
                0.428948872026226,
                0.5419098474521709,
                -0.7227285675976796
            ],
            [
                -0.5730637676947498,
                -0.45521938042034105,
                -0.6814493626420226
            ]
        ],
        "translation_vector": [
            -0.010017996617917248,
            0.02306678819951275,
            0.4521546677427639
        ],
        "camera_position": [
            0.2422235762354695,
            0.20040692713126462,
            0.3259464422403636
        ]
    },
    {
        "frame": 53,
        "rotation_matrix": [
            [
                -0.7105860979624331,
                0.6903590544160538,
                0.13591090231580194
            ],
            [
                0.4411586138429686,
                0.5876198095511469,
                -0.6782934739883794
            ],
            [
                -0.5481299798539339,
                -0.4220276476829993,
                -0.7221123110545065
            ]
        ],
        "translation_vector": [
            -0.010068961651916768,
            0.021998674778967796,
            0.46085458862800427
        ],
        "camera_position": [
            0.23574844733762032,
            0.18851771972356704,
            0.3490788112567038
        ]
    },
    {
        "frame": 54,
        "rotation_matrix": [
            [
                -0.7138694476762352,
                0.6878512159476634,
                0.13134350533523856
            ],
            [
