[
    {
        "frame": 2,
        "rotation_matrix": [
            [
                -0.6704541898938008,
                0.7387685920113805,
                0.06864507783788903
            ],
            [
                0.43383769369464154,
                0.4654051038389877,
                -0.7714810074462856
            ],
            [
                -0.6018937072137918,
                -0.4874618516131738,
                -0.6325384639990634
            ]
        ],
        "translation_vector": [
            -0.013994901981895097,
            0.03924706301560313,
            0.41169871071796676
        ],
        "camera_position": [
            0.2213890672752833,
            0.19276062642768635,
            0.29165431495840366
        ]
    },
    {
        "frame": 3,
        "rotation_matrix": [
            [
                -0.6550756984893528,
                0.7481558996403308,
                0.10553946694035193
            ],
            [
                0.43918706273349395,
                0.49070510247025645,
                -0.7525445012337681
            ],
            [
                -0.6148093632795555,
                -0.44662204630204033,
                -0.6500293797827645
            ]
        ],
        "translation_vector": [
            -0.015194759397957879,
            0.03847543816998951,
            0.4087292459711985
        ],
        "camera_position": [
            0.22443893516602859,
            0.17503544727655146,
            0.29624414449226794
        ]
    },
    {
        "frame": 4,
        "rotation_matrix": [
            [
                -0.6672862862651661,
                0.7428185720410412,
                0.05431004689145141
            ],
            [
                0.43849332184947626,
                0.45075339670624304,
                -0.7775249076725427
            ],
            [
                -0.6020403797552576,
                -0.49501711524824377,
                -0.6265025432952785
            ]
        ],
        "translation_vector": [
            -0.014635609227574741,
            0.04019987411676509,
            0.4097859229380321
        ],
        "camera_position": [
            0.21931415499588394,
            0.1956024179842063,
            0.2887831869618003
        ]
    },
    {
        "frame": 5,
        "rotation_matrix": [
            [
                -0.6533524690843304,
                0.7471369943353123,
                0.12213460949708119
            ],
            [
                0.46719264984116493,
                0.5248596473736215,
                -0.71151484769696
            ],
            [
                -0.5957025928060072,
                -0.4078095906847129,
                -0.6919752587121647
            ]
        ],
        "translation_vector": [
            -0.01617795512500397,
            0.03840438654610678,
            0.42604779408976645
        ],
        "camera_position": [
            0.2252856215568969,
            0.16567661250626967,
            0.32411571201491524
        ]
    },
    {
        "frame": 6,
        "rotation_matrix": [
            [
                -0.6693607404001993,
                0.7406640768087904,
                0.05807688469502387
            ],
            [
                0.43837085751451316,
                0.45686159158459216,
                -0.77402097995906
            ],
            [
                -0.599822632528056,
                -0.49264004248515514,
                -0.6304907596843408
            ]
        ],
        "translation_vector": [
            -0.015807960816997885,
            0.04088883121707876,
            0.41318928643137054
        ],
        "camera_position": [
            0.2193345851595736,
            0.19658143981884424,
            0.2930789174212016
        ]
    },
    {
        "frame": 7,
        "rotation_matrix": [
            [
                -0.6482867141181063,
                0.7488302070650528,
                0.13775941813487375
            ],
            [
                0.4519751551295101,
                0.5240839448798009,
                -0.7218410336527573
            ],
            [
                -0.6127338699987166,
                -0.40569611744030276,
                -0.6782093075520712
            ]
        ],
        "translation_vector": [
            -0.019562915186275457,
            0.041256095893186115,
            0.42084404359747946
        ],
        "camera_position": [
            0.22653629115334972,
            0.16376243887906933,
            0.3178956661127581
        ]
    },
    {
        "frame": 8,
        "rotation_matrix": [
            [
                -0.771701864744682,
                0.6256839852238857,
                -0.1139990464167873
            ],
            [
                0.5301518834434403,
                0.5338531069532405,
                -0.6587411029211281
            ],
            [
                -0.3513050133871607,
                -0.568788546676819,
                -0.7436829813423989
            ]
        ],
        "translation_vector": [
            -0.017028393247541896,
            0.04726573125553491,
            0.48654668630092557
        ],
        "camera_position": [
            0.1327274308742382,
            0.26216361805742294,
            0.3910311495759521
        ]
    },
    {
        "frame": 9,
        "rotation_matrix": [
            [
                -0.6586116693947688,
                0.7445555156234753,
                0.10893921741823154
            ],
            [
                0.43456926289268916,
                0.4945400941617474,
                -0.7527148537231048
            ],
            [
                -0.6143128068711743,
                -0.44840515097526584,
                -0.6492708186056942
            ]
        ],
        "translation_vector": [
            -0.019549790285392738,
            0.044614080112301294,
            0.4169659373870216
        ],
        "camera_position": [
            0.22388388744067322,
            0.17946212691216484,
            0.30643523513806514
        ]
    },
    {
        "frame": 10,
        "rotation_matrix": [
            [
                -0.6631351212664349,
                0.7426699775177248,
                0.09323687809430709
            ],
            [
                0.44759751017032867,
                0.49330057766880253,
                -0.7458625938877402
            ],
            [
                -0.5999235616578773,
                -0.4528750871547781,
                -0.6595421712083913
            ]
        ],
        "translation_vector": [
            -0.019393633772790807,
            0.04567921594488339,
            0.4239302502776052
        ],
        "camera_position": [
            0.2210192426338772,
            0.18385693498697395,
            0.31547849806829675
        ]
    },
    {
        "frame": 11,
        "rotation_matrix": [
            [
                -0.6588475960090423,
                0.7456294517762836,
                0.09978259305562659
            ],
            [
                0.43763407058910025,
                0.4877816932721678,
                -0.7553445835962227
            ],
            [
                -0.6118792899687979,
                -0.45398870068795283,
                -0.647686648121562
            ]
        ],
        "translation_vector": [
            -0.019203019625130182,
            0.04547136050263172,
            0.4181445604027846
        ],
        "camera_position": [
            0.22330231681544832,
            0.18197114545116752,
            0.3070893217146512
        ]
    },
    {
        "frame": 12,
        "rotation_matrix": [
            [
                -0.6596937477084234,
                0.744261799207983,
                0.1043002084087607
            ],
            [
                0.4371533426173801,
                0.49290630896287513,
                -0.7522900541832559
            ],
            [
                -0.6113109800035219,
                -0.45068586046634584,
                -0.6505237435350403
            ]
        ],
        "translation_vector": [
            -0.019310200932977,
            0.04553275448052276,
            0.41862688258539177
        ],
        "camera_position": [
            0.22326759520687986,
            0.18059767973387908,
            0.30859462312084274
        ]
    },
    {
        "frame": 13,
        "rotation_matrix": [
            [
                -0.6590418317217283,
                0.7450762567782435,
                0.10259257100877445
            ],
            [
                0.4365786517188338,
                0.4900545559106382,
                -0.7544836731796076
            ],
            [
                -0.6124238278383971,
                -0.452446575649047,
                -0.6482508397828859
            ]
        ],
        "translation_vector": [
            -0.019077769086913398,
            0.04565064405781881,
            0.41903879685365114
        ],
        "camera_position": [
            0.22412619946484702,
            0.18143575537869921,
            0.30804215495348564
        ]
    },
    {
        "frame": 14,
        "rotation_matrix": [
            [
                -0.6622794532775963,
                0.7425679698580215,
                0.09989362295594584
            ],
            [
                0.43686007146999917,
                0.49101605758156674,
                -0.7536952362542062
            ],
            [
                -0.6087193143983157,
                -0.45551733374043296,
                -0.6495881425491477
            ]
        ],
        "translation_vector": [
            -0.019018909117374565,
            0.04564897489042851,
            0.41916896096507267
        ],
        "camera_position": [
            0.22261819537035749,
            0.18264718053442242,
            0.308592469418766
        ]
    },
    {
        "frame": 15,
        "rotation_matrix": [
            [
                -0.6600876414745701,
                0.743572136583282,
                0.10669949985596155
            ],
            [
                0.4347228575501335,
                0.49396708534006895,
                -0.7530023610348662
            ],
            [
                -0.6126176153980438,
                -0.4506628410437339,
                -0.6493093723383365
            ]
        ],
        "translation_vector": [
            -0.019474677297739204,
            0.04572948792593186,
            0.4200146943570336
        ],
        "camera_position": [
            0.22457375301773566,
            0.18117698098173973,
            0.3092318282705109
        ]
    },
    {
        "frame": 16,
        "rotation_matrix": [
            [
                -0.7738133569225123,
                0.6253920619411305,
                -0.10048710120872972
            ],
            [
                0.5201315298178849,
                0.5368360006978391,
                -0.6642817926483128
            ],
            [
                -0.3614914664796655,
                -0.5662966335903564,
                -0.740696997730253
            ]
        ],
        "translation_vector": [
            -0.01794240556583019,
            0.049236329311463975,
            0.493028458156924
        ],
        "camera_position": [
            0.1387321399858057,
            0.2639895600149004,
            0.39608851552682955
        ]
    },
    {
        "frame": 17,
        "rotation_matrix": [
            [
                -0.6843650402913227,
                0.7262581770751282,
                0.06475763938384271
            ],
            [
                0.4391510494826156,
                0.48145335767853537,
                -0.7585176465438239
            ],
            [
                -0.5820574261749208,
                -0.490664574441212,
                -0.6484268871839375
            ]
        ],
        "translation_vector": [
            -0.01857996409517087,
            0.04439591396321665,
            0.4478709335682572
        ],
        "camera_position": [
            0.2284746127650093,
            0.21187369003293935,
            0.3252898341040101
        ]
    },
    {
        "frame": 18,
        "rotation_matrix": [
            [
                -0.6478848154227057,
                0.7462433299536506,
                0.15285993080063148
            ],
            [
                0.44907735437405694,
                0.5362768668534086,
                -0.7146584162145506
            ],
            [
                -0.6152843210525396,
                -0.3943704027656983,
                -0.682566619231659
            ]
        ],
        "translation_vector": [
            -0.02045393134130402,
            0.040331438927717185,
            0.443506532390687
        ],
        "camera_position": [
            0.24151888824088247,
            0.16854064193906573,
            0.33467254321823625
        ]
    },
    {
        "frame": 19,
        "rotation_matrix": [
            [
                -0.6513686244006249,
                0.7447594657135506,
                0.14509394672591994
            ],
            [
                0.4561100135043891,
                0.5371462390714559,
                -0.709533349062901
            ],
            [
                -0.6063683457498944,
                -0.3959889595449058,
                -0.6895724568100726
            ]
        ],
        "translation_vector": [
            -0.020218010562021636,
            0.03829201705389388,
            0.4479186623226412
        ],
        "camera_position": [
            0.24096894815962233,
            0.1718599868508917,
            0.33897534647891814
        ]
    },
    {
        "frame": 20,
        "rotation_matrix": [
            [
                -0.6836673257408985,
                0.7271174405321237,
                0.0624436977468647
            ],
            [
                0.4443714415934466,
                0.4826313733794787,
                -0.7547191393664267
            ],
            [
                -0.5789067365391858,
                -0.4882286197099176,
                -0.6530695256140027
            ]
        ],
        "translation_vector": [
            -0.018141408247284965,
            0.03924332570482426,
            0.4586418722824906
        ],
        "camera_position": [
            0.23566956824530957,
            0.21817296239716935,
            0.3302755355733614
        ]
    },
    {
        "frame": 21,
        "rotation_matrix": [
            [
                -0.6488258407545459,
                0.7456989751824867,
                0.15151919608071387
            ],
            [
                0.45463652647222114,
                0.5395648987279487,
                -0.70864331568002
            ],
            [
                -0.6101890339611409,
                -0.39089993409117896,
                -0.6891056409296632
            ]
        ],
        "translation_vector": [
            -0.019883629901463962,
            0.034995160020647516,
            0.45103408273808054
        ],
        "camera_position": [
            0.24640496034630235,
            0.17225423568311152,
            0.33862196851396853
        ]
    },
    {
        "frame": 22,
        "rotation_matrix": [
            [
                -0.653111786132053,
                0.7433396655932492,
                0.14453766419558695
            ],
            [
                0.46100958321649665,
                0.5417180189145447,
                -0.7028596959321638
            ],
            [
                -0.6007621484397563,
                -0.3924127030805937,
                -0.6964891323366289
            ]
        ],
        "translation_vector": [
            -0.020180552019851184,
            0.03421938266705628,
            0.4554771457568868
        ],
        "camera_position": [
            0.24467780893403412,
            0.17519876656094044,
            0.3442031567948587
        ]
    },
    {
        "frame": 23,
        "rotation_matrix": [
            [
                -0.7660554837681082,
                0.6385273707670396,
                -0.07376850662811066
            ],
            [
                0.5197183695560295,
                0.5477746411742473,
                -0.6556186077533549
            ],
            [
                -0.37822190858652327,
                -0.5405790777192147,
                -0.7514801717925836
            ]
        ],
        "translation_vector": [
            -0.018743614574285763,
            0.03662149308261947,
            0.5223757175803341
        ],
        "camera_position": [
            0.16418242949661477,
            0.27429336933268234,
            0.41518203784026175
        ]
    },
    {
        "frame": 24,
        "rotation_matrix": [
            [
                -0.7591943952141992,
                0.6447479009695326,
                -0.0890169336178685
            ],
            [
                0.5210061825753728,
                0.5200402566391533,
                -0.6768387468170839
            ],
            [
                -0.390097972301297,
                -0.5602305558161434,
                -0.7307292907338199
            ]
        ],
        "translation_vector": [
            -0.017305301426472124,
            0.03567157007018262,
            0.5121410449707726
        ],
        "camera_position": [
            0.16806198677616008,
            0.2795239665965801,
            0.39683989846215273
        ]
    },
    {
        "frame": 25,
        "rotation_matrix": [
            [
                -0.6520410800553145,
                0.7445624181862514,
                0.14307073545956508
            ],
            [
                0.46496921677485603,
                0.5417425024766175,
                -0.7002275976153389
            ],
            [
                -0.598870651620261,
                -0.3900536712236071,
                -0.6994369708507767
            ]
        ],
        "translation_vector": [
            -0.020029742794693293,
            0.032208853119468306,
            0.4608772520631309
        ],
        "camera_position": [
            0.24796951992674493,
            0.17723135319069488,
            0.3477737869915595
        ]
    },
    {
        "frame": 26,
        "rotation_matrix": [
            [
                -0.6534440968604379,
                0.7460344702025318,
                0.12823174937539603
            ],
            [
                0.44460618555478637,
                0.5153526752372578,
                -0.732623341077954
            ],
            [
                -0.6126468412100641,
                -0.42171576849274806,
                -0.6684457035241542
            ]
        ],
        "translation_vector": [
            -0.019457889812852014,
            0.031727214163408624,
            0.44295149448204135
        ],
        "camera_position": [
            0.24455207500065787,
            0.18496518172135756,
            0.32182824024947154
        ]
    },
    {
        "frame": 27,
        "rotation_matrix": [
            [
                -0.7254493622105258,
                0.68816765363145,
                0.012186195621522566
            ],
            [
                0.4663760366922134,
                0.5045090742380994,
                -0.7266113035252619
            ],
            [
                -0.5061784421205674,
                -0.5214363571010385,
                -0.6869406890158668
            ]
        ],
        "translation_vector": [
            -0.017336767388607545,
            0.03285355934531747,
            0.4896929696427552
        ],
        "camera_position": [
            0.21997296484760495,
            0.25069940191314743,
            0.3604730627928083
        ]
    },
    {
        "frame": 28,
        "rotation_matrix": [
            [
                -0.7607149231183366,
                0.6447578057230254,
                -0.07483433506280993
            ],
            [
                0.5144855394044359,
                0.5286514738892572,
                -0.6751535002489754
            ],
            [
                -0.3957492078182724,
                -0.5521005262757371,
                -0.7338716327786925
            ]
        ],
        "translation_vector": [
            -0.015818176065841988,
            0.028151407047934295,
            0.5167885294497174
        ],
        "camera_position": [
            0.17800203670944598,
            0.28063582874525916,
            0.3970792202261163
        ]
    },
    {
        "frame": 29,
        "rotation_matrix": [
            [
                -0.7600666435212051,
                0.6449239484792803,
                -0.07982354342112474
            ],
            [
                0.5185155827738926,
                0.527826897832007,
                -0.6727111983204165
            ],
            [
                -0.3917145489091003,
                -0.5526950937026084,
                -0.7355867355859574
            ]
        ],
        "translation_vector": [
            -0.015588767576311384,
            0.026753742520080167,
            0.517047705380901
        ],
        "camera_position": [
            0.17681437403522376,
            0.281701954591686,
            0.3970866252680763
        ]
    },
    {
        "frame": 30,
        "rotation_matrix": [
            [
                -0.757400881071476,
                0.6500673351853935,
                -0.061289192172137574
            ],
            [
                0.5063235069183728,
                0.5254572888947562,
                -0.6837624908469703
            ],
            [
                -0.41228680756729585,
                -0.548914471727913,
                -0.7271261864584673
            ]
        ],
        "translation_vector": [
            -0.014574803167441008,
            0.025945215451679958,
            0.5213216852584927
        ],
        "camera_position": [
            0.19075841209511604,
            0.28200251834885076,
            0.39591373615071074
        ]
    },
    {
        "frame": 31,
        "rotation_matrix": [
            [
                -0.6924614439039514,
                0.7148640649163882,
                0.09729602971176346
            ],
            [
                0.46317635515088695,
                0.543899280889007,
                -0.6997436932745877
            ],
            [
                -0.5531408615674619,
                -0.43948030779505776,
                -0.7077374133990425
            ]
        ],
        "translation_vector": [
            -0.014919341407103425,
            0.024426679472502214,
            0.48003962130881056
        ],
        "camera_position": [
            0.2438846006579022,
            0.20834760817117615,
            0.3582860075075022
        ]
    },
    {
        "frame": 32,
        "rotation_matrix": [
            [
                -0.6954068663802725,
                0.7124195326375771,
                0.09416846450710592
            ],
            [
                0.4633606281912607,
                0.5446909062139081,
                -0.6990055399852507
            ],
            [
                -0.5492779063765173,
                -0.4424592932737744,
                -0.7088889584147168
            ]
        ],
        "translation_vector": [
            -0.014552907648773915,
            0.024915748342940233,
            0.4822022041959835
        ],
        "camera_position": [
            0.2431978484621162,
            0.21015124060535464,
            0.36061448936976365
        ]
    },
    {
        "frame": 33,
        "rotation_matrix": [
            [
                -0.6940727057074088,
                0.7132091878156533,
                0.09795781544794024
            ],
            [
                0.4549699809654316,
                0.5400164809642894,
                -0.708085105553887
            ],
            [
                -0.5579116378175951,
                -0.4468946796531377,
                -0.699299470674337
            ]
        ],
        "translation_vector": [
            -0.013790820022157552,
            0.02524994006077116,
            0.4823287934645712
        ],
        "camera_position": [
            0.24803705061287334,
            0.21175052741397193,
            0.356522295036533
        ]
    },
    {
        "frame": 34,
        "rotation_matrix": [
            [
                -0.7006184686321324,
                0.7095276923737153,
                0.0755262548151037
            ],
            [
                0.45151023094309334,
                0.5228071906935449,
                -0.723056811538926
            ],
            [
                -0.5525145000497997,
                -0.47248607928060044,
                -0.686647385577755
            ]
        ],
        "translation_vector": [
            -0.013670931391478028,
            0.024542219957697675,
            0.47180321558441657
        ],
        "camera_position": [
            0.24001894736328325,
            0.2197895068567887,
            0.34274037804675
        ]
    },
    {
        "frame": 35,
        "rotation_matrix": [
            [
                -0.703460328895008,
                0.7057953327302863,
                0.08364516702757899
            ],
            [
                0.46113097245817325,
                0.5427947072606256,
                -0.7019488101062857
            ],
            [
                -0.5408343479390956,
                -0.4552217636119734,
                -0.7072986314303866
            ]
        ],
        "translation_vector": [
            -0.011390734565017335,
            0.02353837263735592,
            0.4895905345609958
        ],
        "camera_position": [
            0.2459201749686398,
            0.218135289797859,
            0.3637622276161518
        ]
    },
    {
        "frame": 36,
        "rotation_matrix": [
            [
                -0.7037883013209092,
                0.7036820010133252,
                0.09753803552313153
            ],
            [
                0.4560847243606668,
                0.5528217102585099,
                -0.6974058222238408
            ],
            [
                -0.5446730681139684,
                -0.4463404509079807,
                -0.7100080638658809
            ]
        ],
        "translation_vector": [
            -0.01067305584026159,
            0.022113516517390557,
            0.48624570437484554
        ],
        "camera_position": [
            0.24724773073388476,
            0.21231673221236583,
            0.36170149519504463
        ]
    },
    {
        "frame": 37,
        "rotation_matrix": [
            [
                -0.7070594336224864,
                0.700947858634374,
                0.09348292251173199
            ],
            [
                0.4585379916377325,
                0.5550905180378889,
                -0.6939866187537507
            ],
            [
                -0.5383399182210843,
                -0.447824314056656,
                -0.713893210634057
            ]
        ],
        "translation_vector": [
            -0.010141392446893953,
            0.020706937780708607,
            0.489808886461322
        ],
        "camera_position": [
            0.24701819101897066,
            0.21496269109794527,
            0.36498962329241774
        ]
    },
    {
        "frame": 38,
        "rotation_matrix": [
            [
                -0.7097480990448636,
                0.6985727424227737,
                0.09085020333564292
            ],
            [
                0.46398452767983933,
                0.5606071983281341,
                -0.6858847769533868
            ],
            [
                -0.5300716875818958,
                -0.4446523279221709,
                -0.7220168372673004
            ]
        ],
        "translation_vector": [
            -0.010422100003797398,
            0.02096191633159677,
            0.4912762034245498
        ],
        "camera_position": [
            0.24328853570394696,
            0.213976301300704,
            0.37003399983342256
        ]
    },
    {
        "frame": 39,
        "rotation_matrix": [
            [
                -0.707751196958297,
                0.7002171017790081,
                0.09372434891907172
            ],
            [
                0.4538149516380118,
                0.5522991644761217,
                -0.6992979497959121
            ],
            [
                -0.5414242632851678,
                -0.45239545012652715,
                -0.7086593849169924
            ]
        ],
        "translation_vector": [
            -0.011622667344551857,
            0.021552211114639116,
            0.4745963966882117
        ],
        "camera_position": [
            0.23895133206507344,
            0.21094037275990682,
            0.35248793453649596
        ]
    },
    {
        "frame": 40,
        "rotation_matrix": [
            [
                -0.702651375485526,
                0.7041489323429035,
                0.10225128658675725
            ],
            [
                0.45716711745659566,
                0.5568921303639083,
                -0.6934474614959478
            ],
            [
                -0.5452332264680184,
                -0.440505886701978,
                -0.7132147590566102
            ]
        ],
        "translation_vector": [
            -0.011326156774635823,
            0.022091099552072238,
            0.4786437376809766
        ],
        "camera_position": [
            0.24291480548418062,
            0.206518325790281,
            0.3578529090524217
        ]
    },
    {
        "frame": 41,
        "rotation_matrix": [
            [
                -0.7063551016789082,
                0.7002482922368749,
                0.10351231594124005
            ],
            [
                0.45995000608713904,
                0.5651952286017151,
                -0.6848359989561698
            ],
            [
                -0.5380599058028945,
                -0.4361269113287948,
                -0.7213077394442581
            ]
        ],
        "translation_vector": [
            -0.01033158231764822,
            0.02372741792808916,
            0.4922244149125721
        ],
        "camera_position": [
            0.2466350304228003,
            0.2084963632304863,
            0.3723641159923307
        ]
    },
    {
        "frame": 42,
        "rotation_matrix": [
            [
                -0.702974034696928,
                0.7027974764534727,
                0.1091018498126986
            ],
            [
                0.45702474882490607,
                0.5639193634734493,
                -0.6878396110004359
            ],
            [
                -0.5449365885159976,
                -0.4336711410623606,
                -0.7176165103355805
            ]
        ],
        "translation_vector": [
            -0.010068529087113127,
            0.02407707092958096,
            0.49303990288397265
        ],
        "camera_position": [
            0.2505937508699883,
            0.20731578759407499,
            0.3714732328143199
        ]
    },
    {
        "frame": 43,
        "rotation_matrix": [
            [
                -0.7014282201830098,
                0.7033355408520393,
                0.11540177167298837
            ],
            [
                0.4616039857439528,
                0.5716516644849035,
                -0.678333350821656
            ],
            [
                -0.5430655690394962,
                -0.42253223719144634,
                -0.7256350985569808
            ]
        ],
        "translation_vector": [
            -0.010730791911023047,
            0.023777970838027785,
            0.4887854513466076
        ],
        "camera_position": [
            0.24693966289073224,
            0.20048224098899095,
            0.3720476221933992
        ]
    },
    {
        "frame": 44,
        "rotation_matrix": [
            [
                -0.7033669438342379,
                0.7036397911417481,
                0.10082651756002037
            ],
            [
                0.4565458485750458,
                0.5559066515243156,
                -0.694646444560047
            ],
            [
                -0.5448310109292379,
                -0.4425594187372134,
                -0.71225018807776
            ]
        ],
        "translation_vector": [
            -0.01094304935801276,
            0.024349217713710458,
            0.48323817852593626
        ],
        "camera_position": [
            0.2444696318794723,
            0.2080256802783287,
            0.36220393061235556
        ]
    },
    {
        "frame": 45,
        "rotation_matrix": [
            [
                -0.7006523769619286,
                0.702862243830478,
                0.12276364630942335
            ],
            [
                0.4506426023270894,
                0.5693234299614202,
                -0.6875987762240655
            ],
            [
                -0.553179438903389,
                -0.42644518791346375,
                -0.7156374850998111
            ]
        ],
        "translation_vector": [
            -0.010516645601359157,
            0.023960464524805967,
            0.4901279852522297
        ],
        "camera_position": [
            0.252962605047994,
            0.20276322005074426,
            0.3685202065889265
        ]
    },
    {
        "frame": 46,
        "rotation_matrix": [
            [
                -0.705826103347942,
                0.7014299974608693,
                0.0990225756820402
            ],
            [
                0.4477149776796032,
                0.5500451816547891,
                -0.7049834018611382
            ],
            [
                -0.5489633964063658,
                -0.4532617971993621,
                -0.7022769628897076
            ]
        ],
        "translation_vector": [
            -0.011309711100418118,
            0.023493992254038653,
            0.4778895994272918
        ],
        "camera_position": [
            0.24384259607526299,
            0.21161931209057808,
            0.35329364778831207
        ]
    },
    {
        "frame": 47,
        "rotation_matrix": [
            [
                -0.6999064403493248,
                0.7037748601738725,
                0.12178637421642657
            ],
            [
                0.4523913145273617,
                0.5687720115562931,
                -0.6869064691866091
            ],
            [
                -0.5526961853475586,
                -0.4256751637780323,
                -0.7164688281040582
            ]
        ],
        "translation_vector": [
            -0.010575397847249113,
            0.02367960778788767,
            0.4902669416208128
        ],
        "camera_position": [
            0.25285443047863654,
            0.20266886165624437,
            0.36881459625823876
        ]
    },
    {
        "frame": 48,
        "rotation_matrix": [
            [
                -0.6881186526561993,
                0.7135883237864451,
                0.13147024006317334
            ],
            [
                0.47927033462282265,
                0.5830299261429501,
                -0.6560305264027536
            ],
            [
                -0.544786808042508,
                -0.38841705598158016,
                -0.7431954819597988
            ]
        ],
        "translation_vector": [
            -0.01213291631945841,
            0.022420224324614463,
            0.4885065971178206
        ],
        "camera_position": [
            0.24703771530661206,
            0.18533053996703894,
            0.37935936487245014
        ]
    },
    {
        "frame": 49,
        "rotation_matrix": [
            [
                -0.6992885177115659,
                0.7047546137925381,
                0.11965159144320428
            ],
            [
                0.4530283892487622,
                0.5663975847472925,
                -0.6884468421941563
            ],
            [
                -0.5529564607918358,
                -0.4272174040585941,
                -0.7153491749754122
            ]
        ],
        "translation_vector": [
            -0.011382700707731778,
            0.02345117526591045,
            0.4890140882444046
        ],
        "camera_position": [
            0.2518196594508025,
            0.20365465113895126,
            0.3673226703891478
        ]
    },
    {
        "frame": 50,
        "rotation_matrix": [
            [
                -0.6965618289600553,
                0.7070733988200868,
                0.121855763576588
            ],
            [
                0.45322350747250106,
                0.565269078544288,
                -0.689245472321738
            ],
            [
                -0.5562284339281358,
                -0.4248741902289459,
                -0.7142071490591165
            ]
        ],
        "translation_vector": [
            -0.011709167783627242,
            0.022908792093589397,
            0.48724227542500503
        ],
        "camera_position": [
            0.25247904537165355,
            0.20234627648132608,
            0.3652085272403565
        ]
    },
    {
        "frame": 51,
        "rotation_matrix": [
            [
                -0.69839065481229,
                0.7090336308296186,
                0.09757972957243308
            ],
            [
                0.4688390529003729,
                0.5562314027175065,
                -0.6861461718222995
            ],
            [
                -0.5407776213438776,
                -0.4334488862409077,
                -0.7208894695237089
            ]
        ],
        "translation_vector": [
            -0.01289941963203476,
            0.021832999108283655,
            0.4740230151621006
        ],
        "camera_position": [
            0.23709604185419594,
            0.2024666705923352,
            0.35795755057911954
        ]
    },
    {
        "frame": 52,
        "rotation_matrix": [
            [
                -0.6970588148607518,
                0.7075906208464458,
                0.11586423915542524
            ],
            [
                0.46282495894183273,
                0.567450293238152,
                -0.6810236575071574
            ],
            [
                -0.5476331491111682,
                -0.4210886818641374,
                -0.7230368289378546
            ]
        ],
        "translation_vector": [
            -0.012280997143635421,
            0.021705075422547484,
            0.4857851017544007
        ],
        "camera_position": [
            0.24742579710953105,
            0.20093197514719408,
            0.36744511775860417
        ]
    },
    {
        "frame": 53,
        "rotation_matrix": [
            [
                -0.6983304542099593,
                0.7062621515890408,
                0.11631143518902404
            ],
            [
                0.4585252184741621,
                0.5661817334209567,
                -0.6849765461412985
            ],
            [
                -0.5496264192577844,
                -0.4250082563589316,
                -0.7192209544226356
            ]
        ],
        "translation_vector": [
            -0.011728255848352184,
            0.02237932971708819,
            0.4854201692328705
        ],
        "camera_position": [
            0.24834806416946678,
            0.20192003524494362,
            0.36581780365621674
        ]
    },
    {
        "frame": 54,
        "rotation_matrix": [
            [
                -0.7007155803832792,
                0.7039485954528633,
                0.11599159610965501
            ],
            [
