[
    {
        "frame": 2,
        "rotation_matrix": [
            [
                -0.7567545636050141,
                0.6170997872974422,
                0.2156626601441148
            ],
            [
                0.3995340382939134,
                0.6977443740258602,
                -0.5945799700291103
            ],
            [
                -0.517392580839291,
                -0.3637865322310757,
                -0.774573609323056
            ]
        ],
        "translation_vector": [
            -0.04201495778257363,
            0.00252490533245171,
            0.44938295556410024
        ],
        "camera_position": [
            0.19970361049907936,
            0.18764515006868676,
            0.3586424935576756
        ]
    },
    {
        "frame": 3,
        "rotation_matrix": [
            [
                -0.7606242519344624,
                0.6167091650985632,
                0.2027820333574266
            ],
            [
                0.4173651085507608,
                0.7037893490609911,
                -0.574879916428394
            ],
            [
                -0.4972495485503742,
                -0.352633461021127,
                -0.7927121347845699
            ]
        ],
        "translation_vector": [
            -0.04106505939805518,
            0.0026333656532133267,
            0.45171040296840514
        ],
        "camera_position": [
            0.19227863892454986,
            0.18276006657517962,
            0.36791744311280855
        ]
    },
    {
        "frame": 4,
        "rotation_matrix": [
            [
                -0.7462311837234346,
                0.656926912256699,
                -0.10763852652094913
            ],
            [
                0.5505800643003598,
                0.5181901213924108,
                -0.654477341766948
            ],
            [
                -0.3741665581445426,
                -0.5476550283200166,
                -0.7483804892713789
            ]
        ],
        "translation_vector": [
            -0.02649894361808824,
            -0.0034125126249951194,
            0.3886452059287448
        ],
        "camera_position": [
            0.12752256239868448,
            0.23201970079983983,
            0.28576876992896416
        ]
    },
    {
        "frame": 5,
        "rotation_matrix": [
            [
                -0.7648533176643044,
                0.6352649222363291,
                0.10694802959371094
            ],
            [
                0.42387235716011706,
                0.6212889682097293,
                -0.6590388780765636
            ],
            [
                -0.48510991259036607,
                -0.45873575896910446,
                -0.7444661685728955
            ]
        ],
        "translation_vector": [
            -0.03061562296944873,
            0.0017888854567692902,
            0.4028286986469853
        ],
        "camera_position": [
            0.17124147489373737,
            0.2031295453535835,
            0.3043455634887299
        ]
    },
    {
        "frame": 6,
        "rotation_matrix": [
            [
                -0.7675836137384551,
                0.6407607265640923,
                0.015526983392495475
            ],
            [
                0.4964454326980871,
                0.6096783268952377,
                -0.6179273987026571
            ],
            [
                -0.4054100742130409,
                -0.4666026457354052,
                -0.7860818295313132
            ]
        ],
        "translation_vector": [
            -0.03266778552373303,
            -0.0018232040835896573,
            0.4171555285486158
        ],
        "camera_position": [
            0.14494891826230946,
            0.21668967530663413,
            0.3272990054872179
        ]
    },
    {
        "frame": 7,
        "rotation_matrix": [
            [
                -0.7937152553731137,
                0.5862198470390333,
                -0.16236497259423077
            ],
            [
                0.5221978103251012,
                0.5197644337932662,
                -0.6761319251856366
            ],
            [
                -0.3119704157122314,
                -0.6214428568268349,
                -0.718667680794983
            ]
        ],
        "translation_vector": [
            -0.023433110663408613,
            -0.005853586646661746,
            0.3434195751839525
        ],
        "camera_position": [
            0.09159426034889677,
            0.23019508259038754,
            0.23904203645773917
        ]
    },
    {
        "frame": 8,
        "rotation_matrix": [
            [
                -0.7501282969647596,
                0.6612602279647154,
                -0.006515290078132424
            ],
            [
                0.4766154832802623,
                0.5337865205061695,
                -0.6985052838908513
            ],
            [
                -0.4584159892393279,
                -0.5270738671552303,
                -0.7155752366954568
            ]
        ],
        "translation_vector": [
            -0.031079173121304978,
            -0.0030041401799667856,
            0.36201006883799985
        ],
        "camera_position": [
            0.14406965634012797,
            0.21296103756850193,
            0.25674454307736094
        ]
    },
    {
        "frame": 10,
        "rotation_matrix": [
            [
                -0.8173060067332063,
                0.568475710989765,
                -0.0940545446669193
            ],
            [
                0.5592273848396704,
                0.7432564348247159,
                -0.3671983171762058
            ],
            [
                -0.13883667888279233,
                -0.3527112673368053,
                -0.9253751339270259
            ]
        ],
        "translation_vector": [
            -0.029371570367423393,
            -0.012313665864962364,
            0.3628266008967702
        ],
        "camera_position": [
            0.03325421854981017,
            0.15382226596372675,
            0.32846662733619164
        ]
    },
    {
        "frame": 11,
        "rotation_matrix": [
            [
                -0.11910814219985133,
                0.9111784679411776,
                0.3944198905000455
            ],
            [
                0.17221772145338754,
                0.4101859494170993,
                -0.8955939611889954
            ],
            [
                -0.977831430707309,
                -0.038746438044814424,
                -0.2057775659777712
            ]
        ],
        "translation_vector": [
            -0.06399517660735386,
            0.01516777952041945,
            0.3461732961660127
        ],
        "camera_position": [
            0.32826462243870996,
            0.0655023991062469,
            0.11005984058468156
        ]
    },
    {
        "frame": 12,
        "rotation_matrix": [
            [
                -0.8159590919438064,
                0.578011355015976,
                -0.010659913078166411
            ],
            [
                0.481779449468879,
                0.6696888676125112,
                -0.5651596081332559
            ],
            [
                -0.31952984577923627,
                -0.46628284770991413,
                -0.8249127127083389
            ]
        ],
        "translation_vector": [
            -0.04309023429124435,
            -0.001897262883298998,
            0.43113717463678514
        ],
        "camera_position": [
            0.10351538874487153,
            0.2272090900857645,
            0.35411894177932574
        ]
    },
    {
        "frame": 13,
        "rotation_matrix": [
            [
                -0.7476234351783337,
                0.6640366920336775,
                -0.01069910300532853
            ],
            [
                0.4781542667007508,
                0.5270226585147207,
                -0.7025778352950963
            ],
            [
                -0.46089879193594663,
                -0.5303794764553461,
                -0.7115264679173486
            ]
        ],
        "translation_vector": [
            -0.030944005293610844,
            -0.0008879147052540802,
            0.35949816223680403
        ],
        "camera_position": [
            0.14298236534713363,
            0.21168635315575446,
            0.2548375553075533
        ]
    },
    {
        "frame": 15,
        "rotation_matrix": [
            [
                -0.7820814829496299,
                0.623024215903218,
                -0.013761556070747971
            ],
            [
                0.5145323861297451,
                0.6331184133217422,
                -0.578288421409759
            ],
            [
                -0.3515749957703746,
                -0.45934943247068505,
                -0.8157163239986807
            ]
        ],
        "translation_vector": [
            -0.04225876475805719,
            0.0010997875441017243,
            0.42362330483059385
        ],
        "camera_position": [
            0.11531968788514478,
            0.22022306268880373,
            0.3456108930186507
        ]
    },
    {
        "frame": 16,
        "rotation_matrix": [
            [
                -0.6631700966724441,
                0.7356468733817646,
                0.1379460059700735
            ],
            [
                0.523873662117316,
                0.5878519655096835,
                -0.6164304119575824
            ],
            [
                -0.5345669359577467,
                -0.33653193656774505,
                -0.775231866379801
            ]
        ],
        "translation_vector": [
            -0.038095178900383816,
            -0.0018041970636198535,
            0.36954049744359396
        ],
        "camera_position": [
            0.1732257192795018,
            0.15344737928390256,
            0.2906224853729609
        ]
    },
    {
        "frame": 17,
        "rotation_matrix": [
            [
                -0.8106376359904615,
                0.5784395796157258,
                -0.09096304661662585
            ],
            [
                0.5187763759841109,
                0.6374375259725047,
                -0.5696880481481458
            ],
            [
                -0.27154685569269327,
                -0.50900005227508,
                -0.8168116379847788
            ]
        ],
        "translation_vector": [
            -0.03987611658359314,
            0.0003595664189255772,
            0.4202209074141548
        ],
        "camera_position": [
            0.08159805066110434,
            0.23672918682570493,
            0.33981891534009984
        ]
    },
    {
        "frame": 18,
        "rotation_matrix": [
            [
                -0.6696895365218026,
                0.7312708953866461,
                0.12945579258428708
            ],
            [
                0.5163557588964892,
                0.5837900581835325,
                -0.6265507946052727
            ],
            [
                -0.5337533652611887,
                -0.35274926722316624,
                -0.7685540316372528
            ]
        ],
        "translation_vector": [
            -0.03905237934538187,
            -0.0014458358134076554,
            0.36949955324564937
        ],
        "camera_position": [
            0.17181522583216055,
            0.1597426296311996,
            0.2881300384778069
        ]
    },
    {
        "frame": 19,
        "rotation_matrix": [
            [
                -0.7774960260765458,
                0.6270704489406954,
                -0.04777636968726137
            ],
            [
                0.5132382174199149,
                0.5887811767315154,
                -0.6244383541281561
            ],
            [
                -0.36343701189450606,
                -0.510018997677505,
                -0.7796115445484537
            ]
        ],
        "translation_vector": [
            -0.045981981088982916,
            0.0017683203993783384,
            0.41422955418631374
        ],
        "camera_position": [
            0.11388797423445195,
            0.23905772979357026,
            0.3218454974891086
        ]
    },
    {
        "frame": 22,
        "rotation_matrix": [
            [
                -0.7134046357515452,
                0.6889816452531925,
                -0.12789885923028851
            ],
            [
                0.5963498567244343,
                0.5010719322934294,
                -0.6271313794193975
            ],
            [
                -0.36799548104963453,
                -0.5236708996802605,
                -0.768341144775623
            ]
        ],
        "translation_vector": [
            -0.03677753632086947,
            0.0069094449228195584,
            0.42586550013731017
        ],
        "camera_position": [
            0.12635886819287473,
            0.24489028816384878,
            0.3268393106806746
        ]
    },
    {
        "frame": 23,
        "rotation_matrix": [
            [
                -0.4049102667557391,
                0.8430257208843179,
                0.354055517967553
            ],
            [
                0.3217591579104704,
                0.4938223155486008,
                -0.8078431561676827
            ],
            [
                -0.8558730748052197,
                -0.21318338254585928,
                -0.4712049715673262
            ]
        ],
        "translation_vector": [
            -0.01776918642606682,
            0.01790491680420269,
            0.2869827965588671
        ],
        "camera_position": [
            0.23266485153784994,
            0.06731799702329587,
            0.1559833634988027
        ]
    },
    {
        "frame": 24,
        "rotation_matrix": [
            [
                -0.6630483352748341,
                0.7469446989524577,
                0.04940163758513899
            ],
            [
                0.45841671802859496,
                0.45732767618059655,
                -0.7620403593190761
            ],
            [
                -0.5917947428975376,
                -0.4826230550917323,
                -0.6456422918092958
            ]
        ],
        "translation_vector": [
            6.2931234809121516e-06,
            0.0200085599947144,
            0.3922546307342779
        ],
        "camera_position": [
            0.22296614258555303,
            0.18015595939752982,
            0.26850319811731216
        ]
    },
    {
        "frame": 25,
        "rotation_matrix": [
            [
                -0.7564507935871471,
                0.6429908266982196,
                -0.11977058763868359
            ],
            [
                0.4999280212516952,
                0.45034573532888733,
                -0.7397707024737114
            ],
            [
                -0.4217276021897784,
                -0.61947680784112,
                -0.6621135205523567
            ]
        ],
        "translation_vector": [
            -0.0086368206844635,
            0.026894891443140244,
            0.3374913845660897
        ],
        "camera_position": [
            0.12235059265098483,
            0.20250948239327696,
            0.24231922443828088
        ]
    },
    {
        "frame": 26,
        "rotation_matrix": [
            [
                -0.6262156170948894,
                0.7570488558340289,
                0.18636263248530982
            ],
            [
                0.4328282637291694,
                0.5363854464840718,
                -0.7245345726169838
            ],
            [
                -0.6484702730454647,
                -0.37305184985531253,
                -0.6635650851995378
            ]
        ],
        "translation_vector": [
            -0.015466547859024274,
            0.02117899389639968,
            0.3765240910712225
        ],
        "camera_position": [
            0.22531241917757516,
            0.14081183695238253,
            0.26807554043700776
        ]
    },
    {
        "frame": 27,
        "rotation_matrix": [
            [
                -0.8017903187534013,
                0.5911913012485202,
                -0.08732199082362185
            ],
            [
                0.44826276928635805,
                0.4983334522570976,
                -0.7421079840786303
            ],
            [
                -0.39521231562926346,
                -0.6341581945300437,
                -0.6645679874063681
            ]
        ],
        "translation_vector": [
            -0.0152443166501555,
            0.021136978103345708,
            0.4214716758902755
        ],
        "camera_position": [
            0.1448731311556854,
            0.2657587611566558,
            0.2944513395263403
        ]
    },
    {
        "frame": 28,
        "rotation_matrix": [
            [
                -0.7021473568291692,
                0.6935111763692762,
                0.16134229931643482
            ],
            [
                0.3725415782632068,
                0.5509190427362702,
                -0.7467938007346542
            ],
            [
                -0.606796392345052,
                -0.46425257845428725,
                -0.6451880978719117
            ]
        ],
        "translation_vector": [
            -0.02553858894124921,
            0.017618561477762317,
            0.37968247173409037
        ],
        "camera_position": [
            0.20589445466300052,
            0.18427346233218667,
            0.26224449888395734
        ]
    },
    {
        "frame": 29,
        "rotation_matrix": [
            [
                -0.7652287074029428,
                0.643715201467425,
                -0.007467581012201324
            ],
            [
                0.47006520948870545,
                0.5507981510236433,
                -0.6896811550689752
            ],
            [
                -0.439845113869372,
                -0.5312740688464748,
                -0.7240746781766024
            ]
        ],
        "translation_vector": [
            -0.025029396159999617,
            0.01694901312966231,
            0.4201389654567334
        ],
        "camera_position": [
            0.15767571722426282,
            0.22998525535739595,
            0.3157144921115684
        ]
    },
    {
        "frame": 30,
        "rotation_matrix": [
            [
                -0.700013707819936,
                0.698716780016443,
                0.14756581646044903
            ],
            [
                0.43540831930701784,
                0.5813771317217311,
                -0.6873283248850225
            ],
            [
                -0.5660392250917097,
                -0.41688786506021824,
                -0.711199060476819
            ]
        ],
        "translation_vector": [
            -0.026065569617271387,
            0.013768712692714019,
            0.45444328986340654
        ],
        "camera_position": [
            0.23299145955562922,
            0.19965952908158108,
            0.33650965408383504
        ]
    },
    {
        "frame": 31,
        "rotation_matrix": [
            [
                -0.6703647353010171,
                0.7281787794749974,
                0.14271225170636329
            ],
            [
                0.43743889367915095,
                0.5431653351708874,
                -0.7166719144528115
            ],
            [
                -0.5993816279813369,
                -0.41800368872894006,
                -0.6826526058306975
            ]
        ],
        "translation_vector": [
            -0.023295312584343805,
            0.01574158713960744,
            0.39513159459272357
        ],
        "camera_position": [
            0.21433227991638634,
            0.17357933190345598,
            0.284343692599745
        ]
    },
    {
        "frame": 32,
        "rotation_matrix": [
            [
                -0.6063094892089378,
                0.7624618575982569,
                0.22592193121300166
            ],
            [
                0.4193733291243227,
                0.547949833657866,
                -0.7237934723479476
            ],
            [
                -0.675658800071737,
                -0.34409721809705474,
                -0.6519833513085197
            ]
        ],
        "translation_vector": [
            -0.01990174833813772,
            0.014463953183541363,
            0.35664939084927555
        ],
        "camera_position": [
            0.22284088439939623,
            0.12997086649363773,
            0.24749462140571354
        ]
    },
    {
        "frame": 33,
        "rotation_matrix": [
            [
                -0.7537689637174765,
                0.6548782383950825,
                0.054468726925043426
            ],
            [
                0.4966969777047415,
                0.6220440642154738,
                -0.6052712569693608
            ],
            [
                -0.43026092278436934,
                -0.4291802360906755,
                -0.7941535514457484
            ]
        ],
        "translation_vector": [
            -0.015474168288230335,
            0.012077933342894934,
            0.43824553633273705
        ],
        "camera_position": [
            0.17089690808530986,
            0.1907070120742562,
            0.35618753322681984
        ]
    },
    {
        "frame": 34,
        "rotation_matrix": [
            [
                -0.6344048621357159,
                0.7451129046316978,
                0.20576012793998158
            ],
            [
                0.4208210065707001,
                0.5561910757133354,
                -0.7166318215971608
            ],
            [
                -0.6484135650396172,
                -0.3680465278305946,
                -0.6664094852449636
            ]
        ],
        "translation_vector": [
            -0.01101045813658962,
            0.012227331681052426,
            0.35060013033217324
        ],
        "camera_position": [
            0.2152032742101504,
            0.130440462308402,
            0.24467126063220845
        ]
    },
    {
        "frame": 35,
        "rotation_matrix": [
            [
                -0.6397612998179726,
                0.7410105537104124,
                0.20398244665903614
            ],
            [
                0.42193091187407483,
                0.5604542221092353,
                -0.712646736135825
            ],
            [
                -0.6424015760101542,
                -0.36985730249613924,
                -0.6712121802604222
            ]
        ],
        "translation_vector": [
            -0.010254548307795638,
            0.0116758521268687,
            0.34786343698777994
        ],
        "camera_position": [
            0.2119811540680207,
            0.12971478033971914,
            0.2439026817364767
        ]
    },
    {
        "frame": 36,
        "rotation_matrix": [
            [
                -0.7745609857218851,
                0.6321974977548616,
                0.019534667389890542
            ],
            [
                0.5072410716474806,
                0.6393228449787536,
                -0.5779037940022436
            ],
            [
                -0.3778382916426778,
                -0.4377129467136698,
                -0.8158710692552953
            ]
        ],
        "translation_vector": [
            -0.008016943191048762,
            0.009451293753692377,
            0.42605528358473804
        ],
        "camera_position": [
            0.1499763047023809,
            0.1855157770544873,
            0.3532247266173576
        ]
    },
    {
        "frame": 37,
        "rotation_matrix": [
            [
                -0.7772776992032335,
                0.6290170564245693,
                -0.013301167178032924
            ],
            [
                0.5059492786856704,
                0.6123567979466228,
                -0.6074820815513902
            ],
            [
                -0.37397153062603244,
                -0.47891199059485895,
                -0.7942220089784041
            ]
        ],
        "translation_vector": [
            -0.011245164472643449,
            0.011047536798114726,
            0.414454764987558
        ],
        "camera_position": [
            0.14066417399493183,
            0.19879572250841718,
            0.3357307029166299
        ]
    },
    {
        "frame": 38,
        "rotation_matrix": [
            [
                -0.6348985779187758,
                0.7430577117425993,
                0.21158693905004658
            ],
            [
                0.44012916087707155,
                0.5729398874126899,
                -0.6913943933509864
            ],
            [
                -0.6349725328723762,
                -0.3458397351829109,
                -0.6908000869037677
            ]
        ],
        "translation_vector": [
            -0.014697146339727634,
            0.012418562810203601,
            0.3429082569338217
        ],
        "camera_position": [
            0.202940355508609,
            0.12239703872006513,
            0.24857690259714893
        ]
    },
    {
        "frame": 39,
        "rotation_matrix": [
            [
                -0.7277865130195421,
                0.6777802904337569,
                0.10459765468875504
            ],
            [
                0.45450141595480775,
                0.5908965861016371,
                -0.6665355860181098
            ],
            [
                -0.513571080145612,
                -0.437555827789966,
                -0.7380986676624657
            ]
        ],
        "translation_vector": [
            -0.014464008986146118,
            0.011715999004885881,
            0.42733862479458834
        ],
        "camera_position": [
            0.20361711032234078,
            0.18986498211533115,
            0.32474010128145314
        ]
    },
    {
        "frame": 40,
        "rotation_matrix": [
            [
                -0.72451561955043,
                0.6807201722159155,
                0.10815342882124052
            ],
            [
                0.45105511550266203,
                0.5869028843418561,
                -0.6723795707263055
            ],
            [
                -0.5211778965059215,
                -0.4383663439288478,
                -0.7322626227687156
            ]
        ],
        "translation_vector": [
            -0.015318569227738955,
            0.010902490091794727,
            0.42668144007143455
        ],
        "camera_position": [
            0.20636076881226512,
            0.1910717391078356,
            0.3214302377878255
        ]
    },
    {
        "frame": 41,
        "rotation_matrix": [
            [
                -0.7535360851180959,
                0.6573595571562983,
                -0.007860091613295067
            ],
            [
                0.4964639637152732,
                0.5611815037228716,
                -0.6622679613354832
            ],
            [
                -0.43093723575134923,
                -0.502945059121384,
                -0.749225844687951
            ]
        ],
        "translation_vector": [
            -0.015611828206190979,
            0.011643716177525461,
            0.41429559112160275
        ],
        "camera_position": [
            0.16099063542801537,
            0.21209626689297906,
            0.31798951398388386
        ]
    },
    {
        "frame": 42,
        "rotation_matrix": [
            [
                -0.7630958235380743,
                0.6445254399496206,
                0.04766257815620467
            ],
            [
                0.5001907551287929,
                0.6356888695492015,
                -0.5879701264647265
            ],
            [
                -0.40926027486483013,
                -0.424837166911049,
                -0.8074771879307534
            ]
        ],
        "translation_vector": [
            -0.018435581387223614,
            0.009537107309073737,
            0.41795616095871313
        ],
        "camera_position": [
            0.1522143652476556,
            0.1833828795549709,
            0.3439762870586224
        ]
    },
    {
        "frame": 43,
        "rotation_matrix": [
            [
                -0.7656008261694429,
                0.6432313592998891,
                0.010430406602021658
            ],
            [
                0.5020547425793229,
                0.6075470792517289,
                -0.6154897090498782
            ],
            [
                -0.4022392452537126,
                -0.46598279464580117,
                -0.788075900324209
            ]
        ],
        "translation_vector": [
            -0.01906835231253738,
            0.010023686347916682,
            0.4129301173034031
        ],
        "camera_position": [
            0.14646551317338005,
            0.1985938308680487,
            0.3317886404265975
        ]
    },
    {
        "frame": 44,
        "rotation_matrix": [
            [
                -0.6008412241348463,
                0.761918070254409,
                0.24180710824939963
            ],
            [
                0.4180591960680464,
                0.5573414673117589,
                -0.7173541645503386
            ],
            [
                -0.6813342292612915,
                -0.3299262690883723,
                -0.6534005854009842
            ]
        ],
        "translation_vector": [
            -0.02208866230723277,
            0.009406177522343871,
            0.34388067065614814
        ],
        "camera_position": [
            0.21709355378611933,
            0.12504256485872034,
            0.2367805876905729
        ]
    },
    {
        "frame": 45,
        "rotation_matrix": [
            [
                -0.7635485922070315,
                0.6457499243982607,
                0.000763202660380824
            ],
            [
                0.5104787668606774,
                0.6043240532287804,
                -0.6117220506680634
            ],
            [
                -0.3954806896968073,
                -0.4666899118566623,
                -0.791072405186882
            ]
        ],
        "translation_vector": [
            -0.024119020040609986,
            0.010680528290351172,
            0.4051675619973632
        ],
        "camera_position": [
            0.13636772015299115,
            0.19820796901646254,
            0.32706880014121187
        ]
    },
    {
        "frame": 46,
        "rotation_matrix": [
            [
                -0.5928884887213488,
                0.7657607559780117,
                0.24918608417345317
            ],
            [
                0.4205452901371354,
                0.5583189786066433,
                -0.715137453271123
            ],
            [
                -0.6867495168437965,
                -0.3192027298310889,
                -0.6530579747489446
            ]
        ],
        "translation_vector": [
            -0.027777833704499207,
            0.011671075466274659,
            0.347196170922433
        ],
        "camera_position": [
            0.21705942896780667,
            0.12558095754875923,
            0.24200750101672475
        ]
    },
    {
        "frame": 47,
        "rotation_matrix": [
            [
                -0.745556494951636,
                0.6653146321913891,
                0.03875503873650374
            ],
            [
                0.5017470523583566,
                0.5986337561765742,
                -0.6244097384055021
            ],
            [
                -0.4386290098535798,
                -0.44608750952919946,
                -0.7801349406076521
            ]
        ],
        "translation_vector": [
            -0.029236284478129464,
            0.011730651967416798,
            0.40783375909422637
        ],
        "camera_position": [
            0.15120459610854764,
            0.1943585095008296,
            0.32662315209253184
        ]
    },
    {
        "frame": 48,
        "rotation_matrix": [
            [
                -0.7422249514702257,
                0.6688866828279162,
                0.04114276303905243
            ],
            [
                0.5034516052713186,
                0.597066137899652,
                -0.6245386362134255
            ],
            [
                -0.4423105273049166,
                -0.4428347688574823,
                -0.7799094594414064
            ]
        ],
        "translation_vector": [
            -0.030510517365328095,
            0.010687161100433943,
            0.40655477334305623
        ],
        "camera_position": [
            0.15179732049307929,
            0.19406372582978876,
            0.32500574551612527
        ]
    },
    {
        "frame": 49,
        "rotation_matrix": [
            [
                -0.7376023202574483,
                0.673409854995914,
                0.04961838716857567
            ],
            [
                0.5063407452124016,
                0.6002277635495359,
                -0.6191491594131994
            ],
            [
                -0.44672347922241396,
                -0.43156204543345045,
                -0.7837042388890836
            ]
        ],
        "translation_vector": [
            -0.03159784448095509,
            0.010422149889082362,
            0.408938914054812
        ],
        "camera_position": [
            0.15409881193016153,
            0.1915051503576301,
            0.328507859815707
        ]
    },
    {
        "frame": 50,
        "rotation_matrix": [
            [
                -0.7211194261513438,
                0.6840902182987019,
                0.10957803819740136
            ],
            [
                0.49718802886490826,
                0.6211376377828469,
                -0.6057987280301704
            ],
            [
                -0.48248402790204764,
                -0.38237234230208084,
                -0.7880358841206639
            ]
        ],
        "translation_vector": [
            -0.03302141292519972,
            0.011102182428106974,
            0.41939047843050814
        ],
        "camera_position": [
            0.17301695276006268,
            0.17605696178556657,
            0.34083885610192954
        ]
    },
    {
        "frame": 51,
        "rotation_matrix": [
            [
                -0.7194435113939176,
                0.6856895241081477,
                0.11059344664821646
            ],
            [
                0.4982576838453315,
                0.6204628876858244,
                -0.6056113320386716
            ],
            [
                -0.48388047532657863,
                -0.3805991086864371,
                -0.7880380727254326
            ]
        ],
        "translation_vector": [
            -0.03186882240436416,
            0.010159021579641174,
            0.4252167042556742
        ],
        "camera_position": [
            0.1777644329150452,
            0.1773859204412627,
            0.3447638536136764
        ]
    },
    {
        "frame": 52,
        "rotation_matrix": [
            [
                -0.7165797350184756,
                0.6872741373698533,
                0.11902833050738582
            ],
            [
                0.5013461323381337,
                0.6261445278092637,
                -0.5971558304865732
            ],
            [
                -0.4849386960745099,
                -0.36823537363626335,
                -0.7932447104472338
            ]
        ],
        "translation_vector": [
            -0.030538746402514354,
            0.009762092705105963,
            0.43131954406635437
        ],
        "camera_position": [
            0.18238590306484864,
            0.1737031231287727,
            0.35160641341983234
        ]
    },
    {
        "frame": 53,
        "rotation_matrix": [
            [
                -0.5498741330514498,
                0.7815043703341806,
                0.29477000686890165
            ],
            [
                0.4108753677526611,
                0.560350190668038,
                -0.7191586028077596
            ],
            [
                -0.7272000206098952,
                -0.27433297827069425,
                -0.6292229708601704
            ]
        ],
        "translation_vector": [
            -0.024449992617698063,
            0.009353876429580877,
            0.36140335854615846
        ],
        "camera_position": [
            0.2455248338715637,
            0.11301118935156779,
            0.24133734013905447
        ]
    },
    {
        "frame": 54,
        "rotation_matrix": [
            [
                -0.5546272334740006,
                0.7813320315752588,
                0.2861972891616118
            ],
            [
                0.41181739535530054,
                0.5566151028797395,
                -0.7215165002471902
            ],
            [
                -0.7230456865038009,
                -0.2823116782576595,
                -0.6304800167710244
            ]
        ],
        "translation_vector": [
            -0.021971785958040318,
            0.009947640684536053,
            0.3649452318501665
        ],
        "camera_position": [
            0.2475893133623655,
            0.11465855399264982,
            0.24355632836905167
        ]
    },
    {
        "frame": 55,
        "rotation_matrix": [
            [
                -0.5586015108256035,
                0.7804323097467332,
                0.2808732134019407
            ],
            [
                0.41122549920327733,
                0.5546683419318449,
                -0.7233509654818974
            ],
            [
                -0.7203179443192904,
                -0.28856271478130513,
                -0.6307722399802282
            ]
        ],
        "translation_vector": [
            -0.017249808617576932,
            0.01029933672926345,
            0.3703989934339392
        ],
        "camera_position": [
            0.25293392248508445,
            0.11463293105304667,
            0.2459324471186709
        ]
    },
    {
        "frame": 56,
        "rotation_matrix": [
            [
                -0.7186588676375529,
                0.6952469088139487,
                0.012695186117546775
            ],
            [
                0.5208256942766313,
                0.5502812156935977,
                -0.6526340320853962
            ],
            [
                -0.4607277158443751,
                -0.46240925535657895,
                -0.7575669293292832
            ]
        ],
        "translation_vector": [
            -0.012877282460527086,
            0.010618543990051701,
            0.4553098555633104
        ],
        "camera_position": [
            0.1949890859779594,
            0.21364919679640582,
            0.3520211918490847
        ]
    },
    {
        "frame": 57,
        "rotation_matrix": [
            [
                -0.6594092554909848,
                0.7406269149346114,
                0.12903955458410804
            ],
            [
                0.46541458530582136,
                0.5369657544497989,
                -0.7036029010264023
            ],
            [
                -0.5903970677073485,
                -0.40390537434230656,
                -0.6987787568465185
            ]
        ],
        "translation_vector": [
            -0.003084580274157961,
            0.01022767815210574,
            0.40647274956976154
        ],
        "camera_position": [
            0.2331862080810422,
            0.16096913833202375,
            0.29162877951958643
        ]
    },
    {
        "frame": 58,
        "rotation_matrix": [
            [
                -0.6170739744196867,
