[
    {
        "frame": 2,
        "rotation_matrix": [
            [
                -0.8536257384887537,
                0.5073601368760801,
                -0.11793553365553297
            ],
            [
                0.5064809747477104,
                0.7555832270722264,
                -0.4154166693643012
            ],
            [
                -0.12165574712334434,
                -0.4143424652098858,
                -0.9019535468723738
            ]
        ],
        "translation_vector": [
            -0.021840672483762435,
            0.03153038861570704,
            0.4099227816605885
        ],
        "camera_position": [
            0.015256160127498329,
            0.15710566969867204,
            0.3802537645202883
        ]
    },
    {
        "frame": 5,
        "rotation_matrix": [
            [
                -0.719915467617491,
                0.626834465265647,
                0.2979937459750111
            ],
            [
                0.33922252431439054,
                0.6923504202831001,
                -0.6368508259644382
            ],
            [
                -0.6055161422149387,
                -0.3573925694372294,
                -0.7110701462079485
            ]
        ],
        "translation_vector": [
            -0.028357311872402546,
            0.030663759921935478,
            0.3267333749665115
        ],
        "camera_position": [
            0.16702562725990394,
            0.1133173537546758,
            0.2603088911325525
        ]
    },
    {
        "frame": 7,
        "rotation_matrix": [
            [
                -0.44769863547201005,
                0.7921445207678457,
                0.4148168150087217
            ],
            [
                -0.06948738681579142,
                0.4316816533718494,
                -0.8993455694090335
            ],
            [
                -0.8914804736336139,
                -0.43146032072442786,
                -0.1382192344442733
            ]
        ],
        "translation_vector": [
            -0.00882228017044686,
            0.001976555590789769,
            0.4593898538916742
        ],
        "camera_position": [
            0.4057247074186657,
            0.2043437718099346,
            0.06893375059106058
        ]
    },
    {
        "frame": 8,
        "rotation_matrix": [
            [
                -0.6503737740052222,
                0.2444053665356876,
                -0.7192217814379375
            ],
            [
                0.5516429013444433,
                0.8028777283023429,
                -0.22600323624310062
            ],
            [
                0.5222107462342086,
                -0.5437401679153621,
                -0.6569951037206327
            ]
        ],
        "translation_vector": [
            0.0022472684136677426,
            0.027363132681601114,
            0.4063646002305933
        ],
        "camera_position": [
            -0.22584107459253555,
            0.19843826169725573,
            0.2747799936085306
        ]
    },
    {
        "frame": 10,
        "rotation_matrix": [
            [
                -0.5240504459415226,
                0.815828536049729,
                0.2445300183524458
            ],
            [
                0.14591476527482983,
                0.36886989208408383,
                -0.9179563627911015
            ],
            [
                -0.8390947570943837,
                -0.445374901044988,
                -0.31234786078326954
            ]
        ],
        "translation_vector": [
            -0.013959151296673803,
            0.02474886563761581,
            0.28168278984872164
        ],
        "camera_position": [
            0.22543202774346333,
            0.1277136072248618,
            0.11411482703538317
        ]
    },
    {
        "frame": 15,
        "rotation_matrix": [
            [
                -0.6321579201657971,
                0.5959098362963458,
                -0.49524522307329344
            ],
            [
                0.4950685539606881,
                0.8023151174504093,
                0.33346301022723585
            ],
            [
                0.5960566171522023,
                -0.03437905344535841,
                -0.8022060769112099
            ]
        ],
        "translation_vector": [
            0.002485205755773653,
            0.007944421344170907,
            0.4194801203519136
        ],
        "camera_position": [
            -0.2523958921847195,
            0.006566441577933983,
            0.33509111731271124
        ]
    },
    {
        "frame": 16,
        "rotation_matrix": [
            [
                -0.19566919473824898,
                0.42234393651592933,
                0.8850644979427846
            ],
            [
                0.5792040897111848,
                0.7780505877666251,
                -0.24322809323317532
            ],
            [
                -0.7913508632031196,
                0.46504073172598237,
                -0.3968638672686643
            ]
        ],
        "translation_vector": [
            -0.02804610284436381,
            0.04062795026718305,
            0.4260992656399785
        ],
        "camera_position": [
            0.30817438836397454,
            -0.21791901338703512,
            0.20380787121087754
        ]
    },
    {
        "frame": 19,
        "rotation_matrix": [
            [
                -0.7380323702832278,
                0.6145088477300111,
                0.2787240507664428
            ],
            [
                0.3183435418957028,
                0.6813064445320909,
                -0.6591501482760509
            ],
            [
                -0.5949500901314492,
                -0.3977441447722078,
                -0.6984511332598762
            ]
        ],
        "translation_vector": [
            -0.027281248461673874,
            0.03620688725705796,
            0.3387821312148835
        ],
        "camera_position": [
            0.16989778630433433,
            0.12684519197630864,
            0.268092478660539
        ]
    },
    {
        "frame": 21,
        "rotation_matrix": [
            [
                -0.6725512572792152,
                0.6962475059747932,
                0.2508270654375786
            ],
            [
                0.4210921558588241,
                0.6387496363011418,
                -0.6439567519634584
            ],
            [
                -0.6085689793329224,
                -0.3274726134336112,
                -0.7227762342832295
            ]
        ],
        "translation_vector": [
            -0.013183095233994337,
            0.031168726844316784,
            0.42657118335842487
        ],
        "camera_position": [
            0.23760677601257083,
            0.12896006447177133,
            0.3316935027539727
        ]
    },
    {
        "frame": 23,
        "rotation_matrix": [
            [
                -0.8183290052654919,
                0.5490653112342381,
                -0.1698968014426397
            ],
            [
                0.445630985192382,
                0.41945239850423455,
                -0.7908683268569503
            ],
            [
                -0.3629747431676997,
                -0.7229017702207501,
                -0.5879305796044703
            ]
        ],
        "translation_vector": [
            -0.016563749780401545,
            0.04076062231736618,
            0.3727455324452675
        ],
        "camera_position": [
            0.10357842074462344,
            0.26145584487939766,
            0.24857065400172
        ]
    },
    {
        "frame": 24,
        "rotation_matrix": [
            [
                -0.7240077446591108,
                0.5076187963680842,
                -0.46705025773191183
            ],
            [
                0.6803627954503334,
                0.6370849717180179,
                -0.3622557182130606
            ],
            [
                0.11366288858125823,
                -0.5800395644995866,
                -0.8066193968498987
            ]
        ],
        "translation_vector": [
            -0.001211327825400131,
            0.040120534902555516,
            0.49884224438399477
        ],
        "camera_position": [
            -0.0848733804512189,
            0.26440294111551915,
            0.41634397250143407
        ]
    },
    {
        "frame": 26,
        "rotation_matrix": [
            [
                -0.7486925412688008,
                0.5923848589565408,
                0.29755614180773393
            ],
            [
                0.40010248815817445,
                0.7616808909538149,
                -0.5096667728285226
            ],
            [
                -0.528561706537754,
                -0.26253075864523423,
                -0.8072794578998371
            ]
        ],
        "translation_vector": [
            -0.023706063899452328,
            0.04121085995903909,
            0.46383129314324634
        ],
        "camera_position": [
            0.21092633901629637,
            0.10442357006121451,
            0.4024991657978406
        ]
    },
    {
        "frame": 28,
        "rotation_matrix": [
            [
                -0.7486067458296846,
                0.5933644902933586,
                0.29581501273125554
            ],
            [
                0.3461747638410905,
                0.7303266560773424,
                -0.5888853948795578
            ],
            [
                -0.5654652712394064,
                -0.33843988695452304,
                -0.7521352736977268
            ]
        ],
        "translation_vector": [
            -0.030713242284859686,
            0.03804631341304446,
            0.37357418722962316
        ],
        "camera_position": [
            0.1750804151883074,
            0.11687031619771437,
            0.31246868001382444
        ]
    },
    {
        "frame": 29,
        "rotation_matrix": [
            [
                -0.740359005328378,
                0.5930620564542124,
                0.3164584339585146
            ],
            [
                0.3537464463577269,
                0.7440476387219572,
                -0.5667949920399442
            ],
            [
                -0.5716047541076393,
                -0.30768573009904315,
                -0.7606559646613995
            ]
        ],
        "translation_vector": [
            -0.030022415130626607,
            0.03738610831575289,
            0.38894827711164637
        ],
        "camera_position": [
            0.18687211593548358,
            0.10966194425761408,
            0.32654693237087085
        ]
    },
    {
        "frame": 30,
        "rotation_matrix": [
            [
                -0.5315800566977844,
                0.6575728548438802,
                0.5338731908362224
            ],
            [
                0.21999090901010493,
                0.7158610075820299,
                -0.6626816866162432
            ],
            [
                -0.817940488834052,
                -0.2348211199958601,
                -0.5251974850756636
            ]
        ],
        "translation_vector": [
            -0.03208024761247382,
            0.0353084656071142,
            0.3687442737163723
        ],
        "camera_position": [
            0.27679011020894817,
            0.08240808958708731,
            0.2341886228879324
        ]
    },
    {
        "frame": 33,
        "rotation_matrix": [
            [
                -0.6219832630483279,
                0.6275130083147463,
                -0.46836336842619514
            ],
            [
                0.5303141228331786,
                0.7776603745509716,
                0.33765555374807454
            ],
            [
                0.5761108848229054,
                -0.03836360578751308,
                -0.8164707478774419
            ]
        ],
        "translation_vector": [
            0.01270445857272152,
            0.012278660643097378,
            0.4713210879134263
        ],
        "camera_position": [
            -0.27014279554368525,
            0.0005607355633785518,
            0.3866242261915059
        ]
    },
    {
        "frame": 34,
        "rotation_matrix": [
            [
                -0.7432460042618226,
                0.6061785858521348,
                0.283077549804185
            ],
            [
                0.3802577491540391,
                0.7308992254965399,
                -0.566736593469014
            ],
            [
                -0.55044474868704,
                -0.31358227664022187,
                -0.7737420335098751
            ]
        ],
        "translation_vector": [
            -0.020619800376394937,
            0.03292302903182442,
            0.39471968275852043
        ],
        "camera_position": [
            0.18942655542443532,
            0.1122129617664788,
            0.3299068978921293
        ]
    },
    {
        "frame": 35,
        "rotation_matrix": [
            [
                -0.6830385847164977,
                0.6321140893897075,
                0.36590992031305325
            ],
            [
                0.38925890546969066,
                0.7389548486891275,
                -0.5499302102188673
            ],
            [
                -0.6180095438591725,
                -0.2331898573991804,
                -0.7507907125858229
            ]
        ],
        "translation_vector": [
            -0.016848036426927372,
            0.030454615682348057,
            0.420984167231186
        ],
        "camera_position": [
            0.23680964383916747,
            0.08631453320452975,
            0.33898377977358823
        ]
    },
    {
        "frame": 36,
        "rotation_matrix": [
            [
                -0.7295945892793884,
                0.6145359795148645,
                0.3000621021987727
            ],
            [
                0.37058755059434473,
                0.7240305091788483,
                -0.5817599927140942
            ],
            [
                -0.574766563605369,
                -0.3132496634633864,
                -0.7559881253705978
            ]
        ],
        "translation_vector": [
            -0.020173864156684772,
            0.028979185598423177,
            0.39471463106755744
        ],
        "camera_position": [
            0.2014107045607479,
            0.1150599762117005,
            0.32131191688803623
        ]
    },
    {
        "frame": 37,
        "rotation_matrix": [
            [
                -0.724125193004351,
                0.6197497357748163,
                0.3025772130604962
            ],
            [
                0.3633733638068535,
                0.7157409073334053,
                -0.5963847349197048
            ],
            [
                -0.5861761709009534,
                -0.32190871155748446,
                -0.7434865688708147
            ]
        ],
        "translation_vector": [
            -0.019634654489675205,
            0.02832671704502995,
            0.3939688745583715
        ],
        "camera_position": [
            0.20642404391261698,
            0.11871599457525724,
            0.3157451874582373
        ]
    },
    {
        "frame": 38,
        "rotation_matrix": [
            [
                -0.710253193752951,
                0.6300035812962108,
                0.3140635100066253
            ],
            [
                0.3694094295007307,
                0.7133487105986754,
                -0.5955420140369205
            ],
            [
                -0.5992304015649386,
                -0.30696759542524316,
                -0.7393874635123094
            ]
        ],
        "translation_vector": [
            -0.018931359655622544,
            0.028195401752925394,
            0.3988028805277519
        ],
        "camera_position": [
            0.21511310431031525,
            0.11423323218085238,
            0.31760704588397703
        ]
    },
    {
        "frame": 39,
        "rotation_matrix": [
            [
                -0.6904212231997422,
                0.6565830961017435,
                0.3036728049543136
            ],
            [
                0.4412958415007383,
                0.7148950691694765,
                -0.5423864123955575
            ],
            [
                -0.5732159408368953,
                -0.24046554428985714,
                -0.7833261180248337
            ]
        ],
        "translation_vector": [
            -0.0076515749619327006,
            0.028027057736526438,
            0.49960368346351863
        ],
        "camera_position": [
            0.268729761688867,
            0.10512496107266188,
            0.40887768444511186
        ]
    },
    {
        "frame": 40,
        "rotation_matrix": [
            [
                -0.7067166108955953,
                0.6388086030011952,
                0.30409735384561476
            ],
            [
                0.37343218103091824,
                0.7018764591838073,
                -0.6065623151944842
            ],
            [
                -0.6009159991668845,
                -0.31510792559893286,
                -0.7345794423818313
            ]
        ],
        "translation_vector": [
            -0.018408336775848595,
            0.025272942804577963,
            0.4031820772370534
        ],
        "camera_position": [
            0.2198313532580483,
            0.12106678828735992,
            0.31709680667670015
        ]
    },
    {
        "frame": 41,
        "rotation_matrix": [
            [
                -0.6978647961651814,
                0.6503691698258554,
                0.30000778192133204
            ],
            [
                0.39397724273086476,
                0.6983829814242024,
                -0.5975308723967554
            ],
            [
                -0.5981359866146787,
                -0.29879952174839586,
                -0.7436075492619846
            ]
        ],
        "translation_vector": [
            -0.017738454369879694,
            0.024642646075489525,
            0.4098433419972746
        ],
        "camera_position": [
            0.22305436712546167,
            0.11678753378670058,
            0.3248090192818069
        ]
    },
    {
        "frame": 43,
        "rotation_matrix": [
            [
                -0.6964317423636069,
                0.6549718937675367,
                0.29324843836405534
            ],
            [
                0.3997339209597651,
                0.6934347180940953,
                -0.599467333702091
            ],
            [
                -0.595982902995147,
                -0.3002667316176212,
                -0.744744432151828
            ]
        ],
        "translation_vector": [
            -0.019243407579806446,
            0.022737815229760185,
            0.4112403185602662
        ],
        "camera_position": [
            0.22260140297852815,
            0.12031848697464251,
            0.3255426142156787
        ]
    },
    {
        "frame": 44,
        "rotation_matrix": [
            [
                -0.6667800681419084,
                0.7233433330751543,
                0.1793844007275952
            ],
            [
                0.5473209538405587,
                0.638657879166551,
                -0.540884356277332
            ],
            [
                -0.5058103540021033,
                -0.26247006662514716,
                -0.8217453072029421
            ]
        ],
        "translation_vector": [
            -0.01204040869963972,
            0.02396062883364273,
            0.4590662237328904
        ],
        "camera_position": [
            0.2110579903756909,
            0.11389784729451975,
            0.3923553058496637
        ]
    },
    {
        "frame": 46,
        "rotation_matrix": [
            [
                -0.6595115368565466,
                0.6823568001339646,
                0.3153311435048126
            ],
            [
                0.464063732397596,
                0.6996060884888423,
                -0.5433195866362217
            ],
            [
                -0.5913454024733164,
                -0.21199178819067294,
                -0.7780553301105214
            ]
        ],
        "translation_vector": [
            -0.020864958379790716,
            0.022746991631527543,
            0.4291009497154423
        ],
        "camera_position": [
            0.2294301392063133,
            0.08928929003923358,
            0.3528025383571256
        ]
    },
    {
        "frame": 47,
        "rotation_matrix": [
            [
                -0.6293528835108063,
                0.7493148735432081,
                0.2060149710665692
            ],
            [
                0.6780196249812923,
                0.6589926032502559,
                -0.32560426440954104
            ],
            [
                -0.3797424603028492,
                -0.06523778926647258,
                -0.9227890846205119
            ]
        ],
        "translation_vector": [
            -0.009671471638947687,
            0.021792542283865173,
            0.531530614842657
        ],
        "camera_position": [
            0.18098220349617677,
            0.027561735616813084,
            0.499578862168254
        ]
    },
    {
        "frame": 48,
        "rotation_matrix": [
            [
                -0.6508565154146191,
                0.6859638313341817,
                0.3253297072873458
            ],
            [
                0.4619363867389191,
                0.6978790912041535,
                -0.547338605130916
            ],
            [
                -0.6024952870761161,
                -0.2059572678042594,
                -0.7710908071619536
            ]
        ],
        "translation_vector": [
            -0.021486600512731827,
            0.022151943536289735,
            0.4293283575400237
        ],
        "camera_position": [
            0.23445082933177316,
            0.0877029480963824,
            0.3501659930845515
        ]
    },
    {
        "frame": 49,
        "rotation_matrix": [
            [
                -0.6866540415068825,
                0.670093425856099,
                0.28192379804958195
            ],
            [
                0.4016482875847861,
                0.6729178758524642,
                -0.6211764527398129
            ],
            [
                -0.605957820613344,
                -0.31329911104668784,
                -0.7312036560732458
            ]
        ],
        "translation_vector": [
            -0.022775583651103062,
            0.020751731558994638,
            0.4124465934142613
        ],
        "camera_position": [
            0.22595139485790644,
            0.13051670882462335,
            0.3208939230832034
        ]
    },
    {
        "frame": 50,
        "rotation_matrix": [
            [
                -0.6525542591692154,
                0.688772933124723,
                0.3158556401821606
            ],
            [
                0.46571411254229883,
                0.6933758022921681,
                -0.5498548555524737
            ],
            [
                -0.5977317995715601,
                -0.21171169875672588,
                -0.7732366082839623
            ]
        ],
        "translation_vector": [
            -0.021817364254410228,
            0.020569142191274828,
            0.4305783968355559
        ],
        "camera_position": [
            0.23355404622772666,
            0.09192354834322693,
            0.3511401594315571
        ]
    },
    {
        "frame": 51,
        "rotation_matrix": [
            [
                -0.6619046029167414,
                0.6912739474213441,
                0.28986656629239593
            ],
            [
                0.37578128558273877,
                0.6406082852837823,
                -0.6696338180166502
            ],
            [
                -0.6485913367008652,
                -0.3343072754851216,
                -0.6837893853477838
            ]
        ],
        "translation_vector": [
            -0.022011218920008676,
            0.01917894438892489,
            0.40048979431647297
        ],
        "camera_position": [
            0.23797779553322393,
            0.1368162435093844,
            0.2930738564986593
        ]
    },
    {
        "frame": 52,
        "rotation_matrix": [
            [
                -0.687262413783356,
                0.6715825057448255,
                0.2768525105144921
            ],
            [
                0.4051226864155713,
                0.6707091643067846,
                -0.621308961681968
            ],
            [
                -0.6029477452915021,
                -0.31484306391025363,
                -0.7330265080851428
            ]
        ],
        "translation_vector": [
            -0.023206990098632096,
            0.01958920961557735,
            0.4102293819901706
        ],
        "camera_position": [
            0.22346155566724693,
            0.13160462168233553,
            0.319304876350897
        ]
    },
    {
        "frame": 53,
        "rotation_matrix": [
            [
                -0.6521655140174782,
                0.6970979198236293,
                0.29788358884619215
            ],
            [
                0.37274335703306005,
                0.6370380505266582,
                -0.6747183945683708
            ],
            [
                -0.6601079700428129,
                -0.3289939396991437,
                -0.6752928664862328
            ]
        ],
        "translation_vector": [
            -0.021774134046047295,
            0.019261097784684232,
            0.4011682341624209
        ],
        "camera_position": [
            0.24343456312778433,
            0.13489056920494533,
            0.29038802095932265
        ]
    },
    {
        "frame": 54,
        "rotation_matrix": [
            [
                -0.6870736434254192,
                0.668407395181955,
                0.28488833352068615
            ],
            [
                0.413727097426161,
                0.6822197366269023,
                -0.602831750832721
            ],
            [
                -0.5972936441696359,
                -0.29632378409907256,
                -0.7452734515677869
            ]
        ],
        "translation_vector": [
            -0.023359267946185844,
            0.01965033992393099,
            0.4240181885069431
        ],
        "camera_position": [
            0.22908395357181777,
            0.12785433185894537,
            0.33451013061434354
        ]
    },
    {
        "frame": 55,
        "rotation_matrix": [
            [
                -0.541966935598661,
                0.7575581317054041,
                0.36383721333147656
            ],
            [
                0.42232565119041904,
                0.6198042610964772,
                -0.6614255228468571
            ],
            [
                -0.7265761385184523,
                -0.20481297569653006,
                -0.6558496473445322
            ]
        ],
        "translation_vector": [
            -0.014456446413706258,
            0.020127271561906843,
            0.4382167841719043
        ],
        "camera_position": [
            0.3020626798460449,
            0.0882291134243626,
            0.305976807653752
        ]
    },
    {
        "frame": 56,
        "rotation_matrix": [
            [
                -0.6920330760190262,
                0.6660330633276195,
                0.2783705807912754
            ],
            [
                0.3980026635962348,
                0.673760475651561,
                -0.6226079835820324
            ],
            [
                -0.6022325974787044,
                -0.3200730854105187,
                -0.7313474677127444
            ]
        ],
        "translation_vector": [
            -0.02373189074033263,
            0.021743954997682783,
            0.4152218995654029
        ],
        "camera_position": [
            0.22498275775034007,
            0.13405736095047024,
            0.3238157049709001
        ]
    },
    {
        "frame": 57,
        "rotation_matrix": [
            [
                -0.6737097146138447,
                0.6830494067531824,
                0.2820615684014003
            ],
            [
                0.4607250596021627,
                0.6866481216930961,
                -0.562358227849409
            ],
            [
                -0.5777955000599397,
                -0.24891336828195826,
                -0.7772994887435695
            ]
        ],
        "translation_vector": [
            -0.02242857061930022,
            0.023412339490432706,
            0.42985661468922526
        ],
        "camera_position": [
            0.22247222022015287,
            0.10624084076086311,
            0.3536196863825062
        ]
    },
    {
        "frame": 58,
        "rotation_matrix": [
            [
                -0.6899209225389713,
                0.6651019073105423,
                0.28574214518487373
            ],
            [
                0.40610906314490347,
                0.6823879376888033,
                -0.607801062296201
            ],
            [
                -0.5992366389620577,
                -0.3032921947375177,
                -0.7408976279734981
            ]
        ],
        "translation_vector": [
            -0.023533856069380753,
            0.022618602453542302,
            0.42667108115229474
        ],
        "camera_position": [
            0.23025482546966686,
            0.12962375971015028,
            0.3365918170672785
        ]
    },
    {
        "frame": 59,
        "rotation_matrix": [
            [
                -0.691014256511755,
                0.6656127085075659,
                0.28188476292756337
            ],
            [
                0.3975849067646845,
                0.6756671104456644,
                -0.6208060870955788
            ],
            [
                -0.6036766843356,
                -0.31691272952538263,
                -0.7315331726274263
            ]
        ],
        "translation_vector": [
            -0.023439644024120538,
            0.023104683382724353,
            0.41998786202508837
        ],
        "camera_position": [
            0.2281536784317269,
            0.13309015000828128,
            0.3281858597554797
        ]
    },
    {
        "frame": 60,
        "rotation_matrix": [
            [
                -0.6868265603284753,
                0.6667302849182908,
                0.2893786502147837
            ],
            [
                0.4080169193404711,
                0.6831763287098829,
                -0.6056337981176395
            ],
            [
                -0.6014910386358776,
                -0.29789399299626873,
                -0.7412608848290001
            ]
        ],
        "translation_vector": [
            -0.023537821451356238,
            0.023199882785129206,
            0.42880589168018485
        ],
        "camera_position": [
            0.23229055551178876,
            0.12758246694791017,
            0.3387190108143741
        ]
    },
    {
        "frame": 61,
        "rotation_matrix": [
            [
                -0.692943399904394,
                0.6636725732142893,
                0.2817235526044334
            ],
            [
                0.3927420034182473,
                0.675138738276529,
                -0.6244528827937287
            ],
            [
                -0.6046347354229333,
                -0.3220658312232153,
                -0.7284850287264241
            ]
        ],
        "translation_vector": [
            -0.023780814549926883,
            0.02364381984082094,
            0.4203783728548061
        ],
        "camera_position": [
            0.2284106865891226,
            0.13520932577185824,
            0.32770341804378966
        ]
    },
    {
        "frame": 62,
        "rotation_matrix": [
            [
                -0.686187676918987,
                0.6645475097233059,
                0.2958429978300594
            ],
            [
                0.4035326641238174,
                0.6861366623395064,
                -0.6052915574983159
            ],
            [
                -0.6052337242996778,
                -0.2959612946217043,
                -0.7389851494151871
            ]
        ],
        "translation_vector": [
            -0.023842746149096594,
            0.023358030664409966,
            0.4309241559971048
        ],
        "camera_position": [
            0.2350235048907102,
            0.1273547074721134,
            0.3396386800643379
        ]
    },
    {
        "frame": 63,
        "rotation_matrix": [
            [
                -0.5897891741250625,
                0.6857681659936871,
                0.42646307295536334
            ],
            [
                0.3977046761811357,
                0.706263861750754,
                -0.5856810976363925
            ],
            [
                -0.702836908982827,
                -0.1758220125427031,
                -0.6892799861282053
            ]
        ],
        "translation_vector": [
            -0.022366670662716644,
            0.02154797394078862,
            0.442836348712017
        ],
        "camera_position": [
            0.2894803802974235,
            0.07798017348903911,
            0.3273970324293683
        ]
    },
    {
        "frame": 64,
        "rotation_matrix": [
            [
                -0.6907393363845334,
                0.6616869050508875,
                0.2916326608170494
            ],
            [
                0.3889213668444943,
                0.6799634664689113,
                -0.6216026501547364
            ],
            [
                -0.6096058887370304,
                -0.31594322900128613,
                -0.7270216891299571
            ]
        ],
        "translation_vector": [
            -0.02467474295724796,
            0.023243310342667554,
            0.4226732027262235
        ],
        "camera_position": [
            0.23158043778903706,
            0.13406308890913293,
            0.3289366500469579
        ]
    },
    {
        "frame": 65,
        "rotation_matrix": [
            [
                -0.6914512914362151,
                0.6610487497141188,
                0.29139262528861426
            ],
            [
                0.39327804391439447,
                0.6827858513666899,
                -0.6157400923671712
            ],
            [
                -0.6059929799478359,
                -0.31115596037174864,
                -0.7320891179214979
            ]
        ],
        "translation_vector": [
            -0.02468099395711829,
            0.023455286396999977,
            0.4223037971252498
        ],
        "camera_position": [
            0.22962298216397353,
            0.1317027460685728,
            0.33079823416880766
        ]
    },
    {
        "frame": 66,
        "rotation_matrix": [
            [
                -0.6902653363581603,
                0.6605857789574101,
                0.2952290535526402
            ],
            [
                0.3978124464750197,
                0.6873019528704122,
                -0.6077510041209951
            ],
            [
                -0.6043831755202287,
                -0.30206365921730804,
                -0.7372099585113692
            ]
        ],
        "translation_vector": [
            -0.024378506265179695,
            0.02337748254428716,
            0.43251265312418363
        ],
        "camera_position": [
            0.23527587939745956,
            0.13068305980559647,
            0.34025756688712927
        ]
    },
    {
        "frame": 67,
        "rotation_matrix": [
            [
                -0.6619038757922093,
                0.7240431388972721,
                0.1940226590556803
            ],
            [
                0.5432213309759109,
                0.6416883308914629,
                -0.5414302093257145
            ],
            [
                -0.5165209044985607,
                -0.2529775069319655,
                -0.8180516708634462
            ]
        ],
        "translation_vector": [
            -0.015726245008226617,
            0.0260711188531635,
            0.47808688016556516
        ],
        "camera_position": [
            0.222370217365963,
            0.11560217409863055,
            0.4082667103488139
        ]
    },
    {
        "frame": 68,
        "rotation_matrix": [
            [
                -0.6887788276775889,
                0.6628763455332191,
                0.2935620497877933
            ],
            [
                0.3904378878799485,
                0.6803628752481793,
                -0.6202133614264337
            ],
            [
                -0.6108534867305999,
                -0.31257208531242153,
                -0.7274315838843631
            ]
        ],
        "translation_vector": [
            -0.024053263123097874,
            0.024677129527937033,
            0.4226410882877119
        ],
        "camera_position": [
            0.23196951770858854,
            0.13126074266349044,
            0.3298086869491203
        ]
    },
    {
        "frame": 69,
        "rotation_matrix": [
            [
                -0.6546312545473844,
                0.6858807453663973,
                0.31784512534464454
            ],
            [
                0.3641147610741573,
                0.65455888466714,
                -0.6625504563965062
            ],
            [
                -0.6624789516185603,
                -0.31799413459833614,
                -0.6782340075692372
            ]
        ],
        "translation_vector": [
            -0.02220248718343407,
            0.02501379256149361,
            0.41721183589675115
        ],
        "camera_position": [
            0.25275172650668404,
            0.1315261749981856,
            0.3065971074651791
        ]
    },
    {
        "frame": 70,
        "rotation_matrix": [
            [
                -0.6938195353390044,
                0.6559152183731951,
                0.29730401727593897
            ],
            [
                0.38399161227307443,
                0.6862071407652467,
                -0.6177946274181331
            ],
            [
                -0.6092330375856951,
                -0.3144757324011327,
                -0.7279698617696191
            ]
        ],
        "translation_vector": [
            -0.023666738164697994,
            0.025703095870328558,
            0.42570458248917725
        ],
        "camera_position": [
            0.23306307740395404,
            0.13175948617028835,
            0.33281555693822445
        ]
    },
    {
        "frame": 71,
        "rotation_matrix": [
            [
                -0.6877666195644572,
                0.6678107861301292,
                0.2846152331501918
            ],
            [
                0.41834648142306735,
                0.6850353565753371,
                -0.5964166175775445
            ],
            [
                -0.5932649479733472,
                -0.2911276595755865,
                -0.7505207441078647
            ]
        ],
        "translation_vector": [
            -0.02221723276567177,
            0.027740764133261934,
            0.4396652665368917
        ],
        "camera_position": [
            0.23395246933523675,
            0.12383222347273964,
            0.35284631859658094
        ]
    },
    {
        "frame": 72,
        "rotation_matrix": [
            [
                -0.6841121535763739,
                0.6604460138505138,
                0.30951837444336394
            ],
            [
