{
    "frames": [
        {
            "image": "00000001.png",
            "object_poses": [
                {
                    "name": "BezierCircle",
                    "pose": [
                        [
                            5.0,
                            0.0,
                            0.0,
                            0.0
                        ],
                        [
                            0.0,
                            5.0,
                            0.0,
                            0.0
                        ],
                        [
                            0.0,
                            0.0,
                            5.0,
                            5.0
                        ],
                        [
                            0.0,
                            0.0,
                            0.0,
                            1.0
                        ]
                    ]
                },
                {
                    "name": "Camera",
                    "pose": [
                        [
                            0.9999990463256836,
                            -5.0232142001505053e-08,
                            -0.0013944900128990412,
                            0.0
                        ],
                        [
                            -0.001394490129314363,
                            -3.6021836422150955e-05,
                            -0.999998927116394,
                            -5.0
                        ],
                        [
                            0.0,
                            1.0,
                            -3.602186552598141e-05,
                            5.0
                        ],
                        [
                            0.0,
                            0.0,
                            0.0,
                            1.0
                        ]
                    ]
                },
                {
                    "name": "Lamp",
                    "pose": [
                        [
                            -0.16367299854755402,
                            -0.3556961119174957,
                            0.9201583862304688,
                            2.0
                        ],
                        [
                            0.8711903691291809,
                            0.38551226258277893,
                            0.3039863109588623,
                            0.0
                        ],
                        [
                            -0.4628590941429138,
                            0.8513874411582947,
                            0.24678108096122742,
                            6.0
                        ],
                        [
                            0.0,
                            0.0,
                            0.0,
                            1.0
                        ]
                    ]
                },
                {
                    "name": "Lamp.001",
                    "pose": [
                        [
                            -0.16367299854755402,
                            -0.3556961119174957,
                            0.9201583862304688,
                            -2.0
                        ],
                        [
                            0.8711903691291809,
                            0.38551226258277893,
                            0.3039863109588623,
                            0.0
                        ],
                        [
                            -0.4628590941429138,
                            0.8513874411582947,
                            0.24678108096122742,
                            6.0
                        ],
                        [
                            0.0,
                            0.0,
                            0.0,
                            1.0
                        ]
                    ]
                },
                {
                    "name": "Lamp.002",
                    "pose": [
                        [
                            -0.16367299854755402,
                            -0.3556961119174957,
                            0.9201583862304688,
                            0.0
                        ],
                        [
                            0.8711903691291809,
                            0.38551226258277893,
                            0.3039863109588623,
                            -2.0
                        ],
                        [
                            -0.4628590941429138,
                            0.8513874411582947,
                            0.24678108096122742,
                            6.0
                        ],
                        [
                            0.0,
                            0.0,
                            0.0,
                            1.0
                        ]
                    ]
                },
                {
                    "name": "Lamp.003",
                    "pose": [
                        [
                            -0.16367299854755402,
                            -0.3556961119174957,
                            0.9201583862304688,
                            0.0
                        ],
                        [
                            0.8711903691291809,
                            0.38551226258277893,
                            0.3039863109588623,
                            2.0
                        ],
                        [
                            -0.4628590941429138,
                            0.8513874411582947,
                            0.24678108096122742,
                            6.0
                        ],
                        [
                            0.0,
                            0.0,
                            0.0,
                            1.0
                        ]
                    ]
                },
                {
                    "name": "Ss",
                    "pose": [
                        [
                            0.0013927455293014646,
                            0.0,
                            0.0,
                            0.00697768060490489
                        ],
                        [
                            0.0,
                            0.0014044961426407099,
                            0.0,
                            0.003745553782209754
                        ],
                        [
                            0.0,
                            0.0,
                            0.0014315819134935737,
                            5.000180244445801
                        ],
                        [
                            0.0,
                            0.0,
                            0.0,
                            1.0
                        ]
                    ]
                }
            ]
        },
        {
            "image": "00000002.png",
            "object_poses": [
                {
                    "name": "BezierCircle",
                    "pose": [
                        [
                            5.0,
                            0.0,
                            0.0,
                            0.0
                        ],
                        [
                            0.0,
                            5.0,
                            0.0,
                            0.0
                        ],
                        [
                            0.0,
                            0.0,
                            5.0,
                            5.0
                        ],
                        [
                            0.0,
                            0.0,
                            0.0,
                            1.0
                        ]
                    ]
                },
                {
                    "name": "Camera",
                    "pose": [
                        [
                            0.9993432760238647,
                            -1.3074843536742264e-06,
                            -0.036235738545656204,
                            -0.1740311235189438
                        ],
                        [
                            -0.0362357422709465,
                            -3.605902747949585e-05,
                            -0.9993431568145752,
                            -4.988285064697266
                        ],
                        [
                            0.0,
                            1.0,
                            -3.608272163546644e-05,
                            5.0
                        ],
                        [
                            0.0,
                            0.0,
                            0.0,
                            1.0
                        ]
                    ]
                },
                {
                    "name": "Lamp",
                    "pose": [
                        [
                            -0.16367299854755402,
                            -0.3556961119174957,
                            0.9201583862304688,
                            2.0
                        ],
                        [
                            0.8711903691291809,
                            0.38551226258277893,
                            0.3039863109588623,
                            0.0
                        ],
                        [
                            -0.4628590941429138,
                            0.8513874411582947,
                            0.24678108096122742,
                            6.0
                        ],
                        [
                            0.0,
                            0.0,
                            0.0,
                            1.0
                        ]
                    ]
                },
                {
                    "name": "Lamp.001",
                    "pose": [
                        [
                            -0.16367299854755402,
                            -0.3556961119174957,
                            0.9201583862304688,
                            -2.0
                        ],
                        [
                            0.8711903691291809,
                            0.38551226258277893,
                            0.3039863109588623,
                            0.0
                        ],
                        [
                            -0.4628590941429138,
                            0.8513874411582947,
                            0.24678108096122742,
                            6.0
                        ],
                        [
                            0.0,
                            0.0,
                            0.0,
                            1.0
                        ]
                    ]
                },
                {
                    "name": "Lamp.002",
                    "pose": [
                        [
                            -0.16367299854755402,
                            -0.3556961119174957,
                            0.9201583862304688,
                            0.0
                        ],
                        [
                            0.8711903691291809,
                            0.38551226258277893,
                            0.3039863109588623,
                            -2.0
                        ],
                        [
                            -0.4628590941429138,
                            0.8513874411582947,
                            0.24678108096122742,
                            6.0
                        ],
                        [
                            0.0,
                            0.0,
                            0.0,
                            1.0
                        ]
                    ]
                },
                {
                    "name": "Lamp.003",
                    "pose": [
                        [
                            -0.16367299854755402,
                            -0.3556961119174957,
                            0.9201583862304688,
                            0.0
                        ],
                        [
                            0.8711903691291809,
                            0.38551226258277893,
                            0.3039863109588623,
                            2.0
                        ],
                        [
                            -0.4628590941429138,
                            0.8513874411582947,
                            0.24678108096122742,
                            6.0
                        ],
                        [
                            0.0,
                            0.0,
                            0.0,
                            1.0
                        ]
                    ]
                },
                {
                    "name": "Ss",
                    "pose": [
                        [
                            0.0013927455293014646,
                            0.0,
                            0.0,
                            0.00697768060490489
                        ],
                        [
                            0.0,
                            0.0014044961426407099,
                            0.0,
                            0.003745553782209754
                        ],
                        [
                            0.0,
                            0.0,
                            0.0014315819134935737,
                            5.000180244445801
                        ],
                        [
                            0.0,
                            0.0,
                            0.0,
                            1.0
                        ]
                    ]
                }
            ]
        },
        {
            "image": "00000003.png",
            "object_poses": [
                {
                    "name": "BezierCircle",
                    "pose": [
                        [
                            5.0,
                            0.0,
                            0.0,
                            0.0
                        ],
                        [
                            0.0,
                            5.0,
                            0.0,
                            0.0
                        ],
                        [
                            0.0,
                            0.0,
                            5.0,
                            5.0
                        ],
                        [
                            0.0,
                            0.0,
                            0.0,
                            1.0
                        ]
                    ]
                },
                {
                    "name": "Camera",
                    "pose": [
                        [
                            0.9974685907363892,
                            -2.566987177488045e-06,
                            -0.07110816240310669,
                            -0.3480622470378876
                        ],
                        [
                            -0.07110816985368729,
                            -3.60083686246071e-05,
                            -0.9974684715270996,
                            -4.9765706062316895
                        ],
                        [
                            -2.2737367544323206e-13,
                            1.0,
                            -3.609974737628363e-05,
                            5.0
                        ],
                        [
                            0.0,
                            0.0,
                            0.0,
                            1.0
                        ]
                    ]
                },
                {
                    "name": "Lamp",
                    "pose": [
                        [
                            -0.16367299854755402,
                            -0.3556961119174957,
                            0.9201583862304688,
                            2.0
                        ],
                        [
                            0.8711903691291809,
                            0.38551226258277893,
                            0.3039863109588623,
                            0.0
                        ],
                        [
                            -0.4628590941429138,
                            0.8513874411582947,
                            0.24678108096122742,
                            6.0
                        ],
                        [
                            0.0,
                            0.0,
                            0.0,
                            1.0
                        ]
                    ]
                },
                {
                    "name": "Lamp.001",
                    "pose": [
                        [
                            -0.16367299854755402,
                            -0.3556961119174957,
                            0.9201583862304688,
                            -2.0
                        ],
                        [
                            0.8711903691291809,
                            0.38551226258277893,
                            0.3039863109588623,
                            0.0
                        ],
                        [
                            -0.4628590941429138,
                            0.8513874411582947,
                            0.24678108096122742,
                            6.0
                        ],
                        [
                            0.0,
                            0.0,
                            0.0,
                            1.0
                        ]
                    ]
                },
                {
                    "name": "Lamp.002",
                    "pose": [
                        [
                            -0.16367299854755402,
                            -0.3556961119174957,
                            0.9201583862304688,
                            0.0
                        ],
                        [
                            0.8711903691291809,
                            0.38551226258277893,
                            0.3039863109588623,
                            -2.0
                        ],
                        [
                            -0.4628590941429138,
                            0.8513874411582947,
                            0.24678108096122742,
                            6.0
                        ],
                        [
                            0.0,
                            0.0,
                            0.0,
                            1.0
                        ]
                    ]
                },
                {
                    "name": "Lamp.003",
                    "pose": [
                        [
                            -0.16367299854755402,
                            -0.3556961119174957,
                            0.9201583862304688,
                            0.0
                        ],
                        [
                            0.8711903691291809,
                            0.38551226258277893,
                            0.3039863109588623,
                            2.0
                        ],
                        [
                            -0.4628590941429138,
                            0.8513874411582947,
                            0.24678108096122742,
                            6.0
                        ],
                        [
                            0.0,
                            0.0,
                            0.0,
                            1.0
                        ]
                    ]
                },
                {
                    "name": "Ss",
                    "pose": [
                        [
                            0.0013927455293014646,
                            0.0,
                            0.0,
                            0.00697768060490489
                        ],
                        [
                            0.0,
                            0.0014044961426407099,
                            0.0,
                            0.003745553782209754
                        ],
                        [
                            0.0,
                            0.0,
                            0.0014315819134935737,
                            5.000180244445801
                        ],
                        [
                            0.0,
                            0.0,
                            0.0,
                            1.0
                        ]
                    ]
                }
            ]
        },
        {
            "image": "00000004.png",
            "object_poses": [
                {
                    "name": "BezierCircle",
                    "pose": [
                        [
                            5.0,
                            0.0,
                            0.0,
                            0.0
                        ],
                        [
                            0.0,
                            5.0,
                            0.0,
                            0.0
                        ],
                        [
                            0.0,
                            0.0,
                            5.0,
                            5.0
                        ],
                        [
                            0.0,
                            0.0,
                            0.0,
                            1.0
                        ]
                    ]
                },
                {
                    "name": "Camera",
                    "pose": [
                        [
                            0.9943785071372986,
                            -3.819538051175186e-06,
                            -0.10588426142930984,
                            -0.5220932960510254
                        ],
                        [
                            -0.10588427633047104,
                            -3.5869976272806525e-05,
                            -0.994378387928009,
                            -4.964856147766113
                        ],
                        [
                            0.0,
                            1.0,
                            -3.6072760849492624e-05,
                            5.0
                        ],
                        [
                            0.0,
                            0.0,
                            0.0,
                            1.0
                        ]
                    ]
                },
                {
                    "name": "Lamp",
                    "pose": [
                        [
                            -0.16367299854755402,
                            -0.3556961119174957,
                            0.9201583862304688,
                            2.0
                        ],
                        [
                            0.8711903691291809,
                            0.38551226258277893,
                            0.3039863109588623,
                            0.0
                        ],
                        [
                            -0.4628590941429138,
                            0.8513874411582947,
                            0.24678108096122742,
                            6.0
                        ],
                        [
                            0.0,
                            0.0,
                            0.0,
                            1.0
                        ]
                    ]
                },
                {
                    "name": "Lamp.001",
                    "pose": [
                        [
                            -0.16367299854755402,
                            -0.3556961119174957,
                            0.9201583862304688,
                            -2.0
                        ],
                        [
                            0.8711903691291809,
                            0.38551226258277893,
                            0.3039863109588623,
                            0.0
                        ],
                        [
                            -0.4628590941429138,
                            0.8513874411582947,
                            0.24678108096122742,
                            6.0
                        ],
                        [
                            0.0,
                            0.0,
                            0.0,
                            1.0
                        ]
                    ]
                },
                {
                    "name": "Lamp.002",
                    "pose": [
                        [
                            -0.16367299854755402,
                            -0.3556961119174957,
                            0.9201583862304688,
                            0.0
                        ],
                        [
                            0.8711903691291809,
                            0.38551226258277893,
                            0.3039863109588623,
                            -2.0
                        ],
                        [
                            -0.4628590941429138,
                            0.8513874411582947,
                            0.24678108096122742,
                            6.0
                        ],
                        [
                            0.0,
                            0.0,
                            0.0,
                            1.0
                        ]
                    ]
                },
                {
                    "name": "Lamp.003",
                    "pose": [
                        [
                            -0.16367299854755402,
                            -0.3556961119174957,
                            0.9201583862304688,
                            0.0
                        ],
                        [
                            0.8711903691291809,
                            0.38551226258277893,
                            0.3039863109588623,
                            2.0
                        ],
                        [
                            -0.4628590941429138,
                            0.8513874411582947,
                            0.24678108096122742,
                            6.0
                        ],
                        [
                            0.0,
                            0.0,
                            0.0,
                            1.0
                        ]
                    ]
                },
                {
                    "name": "Ss",
                    "pose": [
                        [
                            0.0013927455293014646,
                            0.0,
                            0.0,
                            0.00697768060490489
                        ],
                        [
                            0.0,
                            0.0014044961426407099,
                            0.0,
                            0.003745553782209754
                        ],
                        [
                            0.0,
                            0.0,
                            0.0014315819134935737,
                            5.000180244445801
                        ],
                        [
                            0.0,
                            0.0,
                            0.0,
                            1.0
                        ]
                    ]
                }
            ]
        },
        {
            "image": "00000005.png",
            "object_poses": [
                {
                    "name": "BezierCircle",
                    "pose": [
                        [
                            5.0,
                            0.0,
                            0.0,
                            0.0
                        ],
                        [
                            0.0,
                            5.0,
                            0.0,
                            0.0
                        ],
                        [
                            0.0,
                            0.0,
                            5.0,
                            5.0
                        ],
                        [
                            0.0,
                            0.0,
                            0.0,
                            1.0
                        ]
                    ]
                },
                {
                    "name": "Camera",
                    "pose": [
                        [
                            0.9900890588760376,
                            -5.058584520156728e-06,
                            -0.14044083654880524,
                            -0.6958029270172119
                        ],
                        [
                            -0.14044085144996643,
                            -3.5662338632391766e-05,
                            -0.990088939666748,
                            -4.95076322555542
                        ],
                        [
                            0.0,
                            1.0,
                            -3.601931894081645e-05,
                            5.0
                        ],
                        [
                            0.0,
                            0.0,
                            0.0,
                            1.0
                        ]
                    ]
                },
                {
                    "name": "Lamp",
                    "pose": [
                        [
                            -0.16367299854755402,
                            -0.3556961119174957,
                            0.9201583862304688,
                            2.0
                        ],
                        [
                            0.8711903691291809,
                            0.38551226258277893,
                            0.3039863109588623,
                            0.0
                        ],
                        [
                            -0.4628590941429138,
                            0.8513874411582947,
                            0.24678108096122742,
                            6.0
                        ],
                        [
                            0.0,
                            0.0,
                            0.0,
                            1.0
                        ]
                    ]
                },
                {
                    "name": "Lamp.001",
                    "pose": [
                        [
                            -0.16367299854755402,
                            -0.3556961119174957,
                            0.9201583862304688,
                            -2.0
                        ],
                        [
                            0.8711903691291809,
                            0.38551226258277893,
                            0.3039863109588623,
                            0.0
                        ],
                        [
                            -0.4628590941429138,
                            0.8513874411582947,
                            0.24678108096122742,
                            6.0
                        ],
                        [
                            0.0,
                            0.0,
                            0.0,
                            1.0
                        ]
                    ]
                },
                {
                    "name": "Lamp.002",
                    "pose": [
                        [
                            -0.16367299854755402,
                            -0.3556961119174957,
                            0.9201583862304688,
                            0.0
                        ],
                        [
                            0.8711903691291809,
                            0.38551226258277893,
                            0.3039863109588623,
                            -2.0
                        ],
                        [
                            -0.4628590941429138,
                            0.8513874411582947,
                            0.24678108096122742,
                            6.0
                        ],
                        [
                            0.0,
                            0.0,
                            0.0,
                            1.0
                        ]
                    ]
                },
                {
                    "name": "Lamp.003",
                    "pose": [
                        [
                            -0.16367299854755402,
                            -0.3556961119174957,
                            0.9201583862304688,
                            0.0
                        ],
                        [
                            0.8711903691291809,
                            0.38551226258277893,
                            0.3039863109588623,
                            2.0
                        ],
                        [
                            -0.4628590941429138,
                            0.8513874411582947,
                            0.24678108096122742,
                            6.0
                        ],
                        [
                            0.0,
                            0.0,
                            0.0,
                            1.0
                        ]
                    ]
                },
                {
                    "name": "Ss",
                    "pose": [
                        [
                            0.0013927455293014646,
                            0.0,
                            0.0,
                            0.00697768060490489
                        ],
                        [
                            0.0,
                            0.0014044961426407099,
                            0.0,
                            0.003745553782209754
                        ],
                        [
                            0.0,
                            0.0,
                            0.0014315819134935737,
                            5.000180244445801
                        ],
                        [
                            0.0,
                            0.0,
                            0.0,
                            1.0
                        ]
                    ]
                }
            ]
        },
        {
            "image": "00000006.png",
            "object_poses": [
                {
                    "name": "BezierCircle",
                    "pose": [
                        [
                            5.0,
                            0.0,
                            0.0,
                            0.0
                        ],
                        [
                            0.0,
                            5.0,
                            0.0,
                            0.0
                        ],
                        [
                            0.0,
                            0.0,
                            5.0,
                            5.0
                        ],
                        [
                            0.0,
                            0.0,
                            0.0,
                            1.0
                        ]
                    ]
                },
                {
                    "name": "Camera",
                    "pose": [
                        [
                            0.9845942258834839,
                            -6.3076772676140536e-06,
                            -0.17485490441322327,
                            -0.8666937351226807
                        ],
                        [
                            -0.17485491931438446,
                            -3.551803092705086e-05,
                            -0.9845941066741943,
                            -4.915829181671143
                        ],
                        [
                            4.547473508864641e-13,
                            1.0,
                            -3.6073772207600996e-05,
                            5.0
                        ],
                        [
                            0.0,
                            0.0,
                            0.0,
                            1.0
                        ]
                    ]
                },
                {
                    "name": "Lamp",
                    "pose": [
                        [
                            -0.16367299854755402,
                            -0.3556961119174957,
                            0.9201583862304688,
                            2.0
                        ],
                        [
                            0.8711903691291809,
                            0.38551226258277893,
                            0.3039863109588623,
                            0.0
                        ],
                        [
                            -0.4628590941429138,
                            0.8513874411582947,
                            0.24678108096122742,
                            6.0
                        ],
                        [
                            0.0,
                            0.0,
                            0.0,
                            1.0
                        ]
                    ]
                },
                {
                    "name": "Lamp.001",
                    "pose": [
                        [
                            -0.16367299854755402,
                            -0.3556961119174957,
                            0.9201583862304688,
                            -2.0
                        ],
                        [
                            0.8711903691291809,
                            0.38551226258277893,
                            0.3039863109588623,
                            0.0
                        ],
                        [
                            -0.4628590941429138,
                            0.8513874411582947,
                            0.24678108096122742,
                            6.0
                        ],
                        [
                            0.0,
                            0.0,
                            0.0,
                            1.0
                        ]
                    ]
                },
                {
                    "name": "Lamp.002",
                    "pose": [
                        [
                            -0.16367299854755402,
                            -0.3556961119174957,
                            0.9201583862304688,
                            0.0
                        ],
                        [
                            0.8711903691291809,
                            0.38551226258277893,
                            0.3039863109588623,
                            -2.0
                        ],
                        [
                            -0.4628590941429138,
                            0.8513874411582947,
                            0.24678108096122742,
                            6.0
                        ],
                        [
                            0.0,
                            0.0,
                            0.0,
                            1.0
                        ]
                    ]
                },
                {
                    "name": "Lamp.003",
                    "pose": [
                        [
                            -0.16367299854755402,
