[
    {
        "frame": 2,
        "object_rotation_in_cam": [
            [
                -0.8196455770658849,
                -0.5685286194737097,
                -0.07040125592381363
            ],
            [
                -0.030619569173304884,
                0.16619376554380594,
                -0.9856176105762371
            ],
            [
                0.5720520692908764,
                -0.8057014590614118,
                -0.15362808625488455
            ]
        ],
        "object_translation_in_cam": [
            -0.012072623422238265,
            0.00491153809848408,
            1.272045119616434
        ],
        "raw_rvec": [
            0.5665641609917385,
            -2.0231148016003435,
            1.6939001151778132
        ],
        "refined_raw_rvec": [
            0.5665641609917385,
            -2.0231148016003435,
            1.6939001151778132
        ],
        "num_inliers": 7,
        "total_matches": 7,
        "inlier_ratio": 1.0,
        "reprojection_errors": [
            3.020127058029175,
            1.4561666250228882,
            2.600430965423584,
            0.8301948308944702,
            1.7305407524108887,
            0.5279917120933533,
            2.2387685775756836
        ],
        "mean_reprojection_error": 1.772031545639038,
        "std_reprojection_error": 0.8449864983558655,
        "inliers": [
            0,
            1,
            2,
            3,
            4,
            5,
            6
        ],
        "mkpts0": [
            [
                591,
                284
            ],
            [
                519,
                327
            ],
            [
                727,
                126
            ],
            [
                539,
                313
            ],
            [
                727,
                143
            ],
            [
                834,
                225
            ],
            [
                752,
                77
            ]
        ],
        "mkpts1": [
            [
                635,
                354
            ],
            [
                595,
                358
            ],
            [
                707,
                286
            ],
            [
                607,
                356
            ],
            [
                707,
                300
            ],
            [
                791,
                339
            ],
            [
                714,
                259
            ]
        ],
        "mpts3D": [
            [
                -0.010999999940395355,
                -0.02500000037252903,
                0.014000000432133675
            ],
            [
                -0.009999999776482582,
                0.05700000002980232,
                0.017999999225139618
            ],
            [
                -0.0020000000949949026,
                -0.20600000023841858,
                0.07000000029802322
            ],
            [
                -0.009999999776482582,
                0.03500000014901161,
                0.017999999225139618
            ],
            [
                -0.0020000000949949026,
                -0.20600000023841858,
                0.054999999701976776
            ],
            [
                -0.11299999803304672,
                -0.23000000417232513,
                0.0
            ],
            [
                0.0,
                -0.24300000071525574,
                0.10400000214576721
            ]
        ],
        "mconf": [
            0.555811882019043,
            0.21365226805210114,
            0.591479480266571,
            0.34364911913871765,
            0.7041245698928833,
            0.174715057015419,
            0.41840416193008423
        ],
        "kf_translation_vector": [
            -0.012084826459245322,
            0.004916502693094641,
            1.2733309059054962
        ],
        "kf_rotation_matrix": [
            [
                -0.8193855239772712,
                -0.5683681675649315,
                -0.07459885518809654
            ],
            [
                -0.028035502876563288,
                0.1697118868273565,
                -0.9850948614463263
            ],
            [
                0.5725568737470111,
                -0.8050810527943013,
                -0.1549939507099185
            ]
        ],
        "kf_euler_angles": [
            -1.7609890390310257,
            -0.6096211236563073,
            -3.1073907187432255
        ]
    },
    {
        "frame": 3,
        "object_rotation_in_cam": [
            [
                0.5743921749276764,
                -0.649725342258477,
                -0.4979263088138226
            ],
            [
                -0.5127538891338252,
                0.1885804948875352,
                -0.8375684128034611
            ],
            [
                0.6380886134072525,
                0.7364063936272396,
                -0.22483003550445094
            ]
        ],
        "object_translation_in_cam": [
            0.004595385893603721,
            -0.001445458380392586,
            1.6165081206029777
        ],
        "raw_rvec": [
            1.4590267159366759,
            -1.0530512397348524,
            0.12696836608377693
        ],
        "refined_raw_rvec": [
            1.4590267159366759,
            -1.0530512397348524,
            0.12696836608377693
        ],
        "num_inliers": 7,
        "total_matches": 8,
        "inlier_ratio": 0.875,
        "reprojection_errors": [
            1.806208610534668,
            2.7509377002716064,
            4.346210479736328,
            3.3946692943573,
            3.055694818496704,
            6.097381591796875,
            0.6663633584976196
        ],
        "mean_reprojection_error": 3.159637928009033,
        "std_reprojection_error": 1.617739200592041,
        "inliers": [
            0,
            1,
            2,
            3,
            4,
            5,
            7
        ],
        "mkpts0": [
            [
                591,
                284
            ],
            [
                610,
                269
            ],
            [
                519,
                327
            ],
            [
                539,
                313
            ],
            [
                727,
                143
            ],
            [
                496,
                378
            ],
            [
                834,
                225
            ],
            [
                752,
                77
            ]
        ],
        "mkpts1": [
            [
                635,
                354
            ],
            [
                646,
                349
            ],
            [
                595,
                358
            ],
            [
                608,
                356
            ],
            [
                707,
                300
            ],
            [
                586,
                383
            ],
            [
                791,
                339
            ],
            [
                713,
                259
            ]
        ],
        "mpts3D": [
            [
                -0.010999999940395355,
                -0.02500000037252903,
                0.014000000432133675
            ],
            [
                -0.010999999940395355,
                -0.04899999871850014,
                0.01600000075995922
            ],
            [
                -0.009999999776482582,
                0.05700000002980232,
                0.017999999225139618
            ],
            [
                -0.009999999776482582,
                0.03500000014901161,
                0.017999999225139618
            ],
            [
                -0.0020000000949949026,
                -0.20600000023841858,
                0.054999999701976776
            ],
            [
                -0.014999999664723873,
                0.09000000357627869,
                0.0
            ],
            [
                -0.11299999803304672,
                -0.23000000417232513,
                0.0
            ],
            [
                0.0,
                -0.24300000071525574,
                0.10400000214576721
            ]
        ],
        "mconf": [
            0.5829734802246094,
            0.1586570143699646,
            0.14046809077262878,
            0.21909964084625244,
            0.8390008807182312,
            0.1467931866645813,
            0.15887698531150818,
            0.3030531704425812
        ],
        "kf_translation_vector": [
            0.012205720732820936,
            -0.0043479130071106134,
            1.7740014209235497
        ],
        "kf_rotation_matrix": [
            [
                0.6985359989260007,
                0.555855781828377,
                0.45063489435730325
            ],
            [
                0.2594680289801311,
                -0.7836486089176686,
                0.5644211190933316
            ],
            [
                0.6668761505269326,
                -0.2773431224122325,
                -0.6916335679454932
            ]
        ],
        "kf_euler_angles": [
            3.522958387969734,
            -0.7300087436561239,
            0.3556507297675633
        ]
    },
    {
        "frame": 4,
        "object_rotation_in_cam": [
            [
                -0.8304309353813255,
                -0.551813579184707,
                -0.07672180517336549
            ],
            [
                -0.018594552265936815,
                0.1650868224286287,
                -0.9861037388056327
            ],
            [
                0.556811192584817,
                -0.8174644425831507,
                -0.14735393080774095
            ]
        ],
        "object_translation_in_cam": [
            -0.010918814118662159,
            0.006203109918685151,
            1.2584435606951982
        ],
        "raw_rvec": [
            0.5398786451958422,
            -2.0281805259986037,
            1.7070372819023494
        ],
        "refined_raw_rvec": [
            0.5398786451958422,
            -2.0281805259986037,
            1.7070372819023494
        ],
        "num_inliers": 7,
        "total_matches": 7,
        "inlier_ratio": 1.0,
        "reprojection_errors": [
            2.8795676231384277,
            2.7385003566741943,
            0.5398330688476562,
            2.7950258255004883,
            2.3796989917755127,
            0.4667718708515167,
            1.3771709203720093
        ],
        "mean_reprojection_error": 1.8823668956756592,
        "std_reprojection_error": 0.990612268447876,
        "inliers": [
            0,
            1,
            2,
            3,
            4,
            5,
            6
        ],
        "mkpts0": [
            [
                591,
                284
            ],
            [
                519,
                327
            ],
            [
                539,
                313
            ],
            [
                727,
                143
            ],
            [
                496,
                378
            ],
            [
                834,
                225
            ],
            [
                752,
                77
            ]
        ],
        "mkpts1": [
            [
                635,
                354
            ],
            [
                595,
                358
            ],
            [
                608,
                357
            ],
            [
                707,
                300
            ],
            [
                586,
                383
            ],
            [
                791,
                339
            ],
            [
                713,
                259
            ]
        ],
        "mpts3D": [
            [
                -0.010999999940395355,
                -0.02500000037252903,
                0.014000000432133675
            ],
            [
                -0.009999999776482582,
                0.05700000002980232,
                0.017999999225139618
            ],
            [
                -0.009999999776482582,
                0.03500000014901161,
                0.017999999225139618
            ],
            [
                -0.0020000000949949026,
                -0.20600000023841858,
                0.054999999701976776
            ],
            [
                -0.014999999664723873,
                0.09000000357627869,
                0.0
            ],
            [
                -0.11299999803304672,
                -0.23000000417232513,
                0.0
            ],
            [
                0.0,
                -0.24300000071525574,
                0.10400000214576721
            ]
        ],
        "mconf": [
            0.5328435301780701,
            0.158756285905838,
            0.18717093765735626,
            0.8486558198928833,
            0.15390221774578094,
            0.2400999814271927,
            0.3936176598072052
        ],
        "kf_translation_vector": [
            -0.0063823387242077385,
            0.004665883736402784,
            1.34812596233172
        ],
        "kf_rotation_matrix": [
            [
                -0.6528643369994375,
                0.10162141142006682,
                0.750627235194193
            ],
            [
                -0.4951145423504947,
                -0.8072157987740429,
                -0.3213475441988689
            ],
            [
                0.5732623722409705,
                -0.5814428114187821,
                0.5773166458903446
            ]
        ],
        "kf_euler_angles": [
            -0.7889589956850478,
            -0.6104818881540924,
            -2.4927544657118683
        ]
    },
    {
        "frame": 5,
        "object_rotation_in_cam": [
            [
                -0.8338934405030729,
                -0.5479218073047768,
                -0.06635829236662949
            ],
            [
                -0.032640144372762414,
                0.16897772389961607,
                -0.9850792606694301
            ],
            [
                0.5509594820504256,
                -0.8192851896046778,
                -0.15879366244644166
            ]
        ],
        "object_translation_in_cam": [
            -0.011624098770875892,
            0.006773830286940461,
            1.2523592424791168
        ],
        "raw_rvec": [
            0.5489760806773166,
            -2.04405796995938,
            1.7061967653284007
        ],
        "refined_raw_rvec": [
            0.5489760806773166,
            -2.04405796995938,
            1.7061967653284007
        ],
        "num_inliers": 9,
        "total_matches": 10,
        "inlier_ratio": 0.9,
        "reprojection_errors": [
            2.200011968612671,
            1.992533802986145,
            3.3776164054870605,
            1.9587044715881348,
            2.9789512157440186,
            3.235968589782715,
            2.558595657348633,
            0.8611496090888977,
            1.1490497589111328
        ],
        "mean_reprojection_error": 2.256953477859497,
        "std_reprojection_error": 0.8276107907295227,
        "inliers": [
            0,
            1,
            2,
            4,
            5,
            6,
            7,
            8,
            9
        ],
        "mkpts0": [
            [
                591,
                284
            ],
            [
                610,
                269
            ],
            [
                519,
                327
            ],
            [
                745,
                202
            ],
            [
                539,
                313
            ],
            [
                516,
                389
            ],
            [
                727,
                143
            ],
            [
                496,
                378
            ],
            [
                834,
                225
            ],
            [
                752,
                77
            ]
        ],
        "mkpts1": [
            [
                635,
                354
            ],
            [
                646,
                349
            ],
            [
                595,
                358
            ],
            [
                720,
                342
            ],
            [
                607,
                356
            ],
            [
                604,
                387
            ],
            [
                707,
                300
            ],
            [
                586,
                383
            ],
            [
                791,
                339
            ],
            [
                713,
                259
            ]
        ],
        "mpts3D": [
            [
                -0.010999999940395355,
                -0.02500000037252903,
                0.014000000432133675
            ],
            [
                -0.010999999940395355,
                -0.04899999871850014,
                0.01600000075995922
            ],
            [
                -0.009999999776482582,
                0.05700000002980232,
                0.017999999225139618
            ],
            [
                -0.027000000700354576,
                -0.21699999272823334,
                0.0
            ],
            [
                -0.009999999776482582,
                0.03500000014901161,
                0.017999999225139618
            ],
            [
                -0.041999999433755875,
                0.09000000357627869,
                0.0
            ],
            [
                -0.0020000000949949026,
                -0.20600000023841858,
                0.054999999701976776
            ],
            [
                -0.014999999664723873,
                0.09000000357627869,
                0.0
            ],
            [
                -0.11299999803304672,
                -0.23000000417232513,
                0.0
            ],
            [
                0.0,
                -0.24300000071525574,
                0.10400000214576721
            ]
        ],
        "mconf": [
            0.6246415376663208,
            0.2155756801366806,
            0.3062535524368286,
            0.14997178316116333,
            0.3904710114002228,
            0.12528645992279053,
            0.8468654751777649,
            0.19352726638317108,
            0.341964989900589,
            0.31108349561691284
        ],
        "kf_translation_vector": [
            -0.012316098553435881,
            0.007537595644778626,
            1.226955441007168
        ],
        "kf_rotation_matrix": [
            [
                -0.8347228134567193,
                -0.44665432650760706,
                -0.3220834322142866
            ],
            [
                0.09608371575198603,
                0.4577855567240409,
                -0.8838553635194796
            ],
            [
                0.5422229654507364,
                -0.768721208675093,
                -0.33920784052099034
            ]
        ],
        "kf_euler_angles": [
            -1.9863604314979957,
            -0.5730805062796475,
            -3.256196792152036
        ]
    },
    {
        "frame": 10,
        "object_rotation_in_cam": [
            [
                -0.8584108139995416,
                -0.5067181323840985,
                -0.07979729770998464
            ],
            [
                0.012982935302487869,
                0.13405009336911378,
                -0.9908895073915475
            ],
            [
                0.5127985157930706,
                -0.851626271777065,
                -0.10849136103635515
            ]
        ],
        "object_translation_in_cam": [
            -0.012346597714486977,
            0.00727053906130327,
            1.1439445854114627
        ],
        "raw_rvec": [
            0.47496788505343257,
            -2.02109321235528,
            1.772480122912202
        ],
        "refined_raw_rvec": [
            0.47496788505343257,
            -2.02109321235528,
            1.772480122912202
        ],
        "num_inliers": 8,
        "total_matches": 8,
        "inlier_ratio": 1.0,
        "reprojection_errors": [
            1.7010104656219482,
            1.3104298114776611,
            1.3176696300506592,
            1.2935711145401,
            6.56265115737915,
            6.483222961425781,
            2.841984272003174,
            2.542175054550171
        ],
        "mean_reprojection_error": 3.00658917427063,
        "std_reprojection_error": 2.1018950939178467,
        "inliers": [
            0,
            1,
            2,
            3,
            4,
            5,
            6,
            7
        ],
        "mkpts0": [
            [
                591,
                284
            ],
            [
                610,
                269
            ],
            [
                519,
                327
            ],
            [
                539,
                313
            ],
            [
                727,
                143
            ],
            [
                834,
                225
            ],
            [
                357,
                195
            ],
            [
                752,
                77
            ]
        ],
        "mkpts1": [
            [
                635,
                354
            ],
            [
                646,
                349
            ],
            [
                595,
                358
            ],
            [
                607,
                356
            ],
            [
                708,
                300
            ],
            [
                791,
                339
            ],
            [
                437,
                351
            ],
            [
                713,
                259
            ]
        ],
        "mpts3D": [
            [
                -0.010999999940395355,
                -0.02500000037252903,
                0.014000000432133675
            ],
            [
                -0.010999999940395355,
                -0.04899999871850014,
                0.01600000075995922
            ],
            [
                -0.009999999776482582,
                0.05700000002980232,
                0.017999999225139618
            ],
            [
                -0.009999999776482582,
                0.03500000014901161,
                0.017999999225139618
            ],
            [
                -0.0020000000949949026,
                -0.20600000023841858,
                0.054999999701976776
            ],
            [
                -0.11299999803304672,
                -0.23000000417232513,
                0.0
            ],
            [
                0.23999999463558197,
                0.0,
                0.02500000037252903
            ],
            [
                0.0,
                -0.24300000071525574,
                0.10400000214576721
            ]
        ],
        "mconf": [
            0.6605406403541565,
            0.21165992319583893,
            0.3494177758693695,
            0.33537980914115906,
            0.6628654599189758,
            0.1231503114104271,
            0.11550195515155792,
            0.2823406457901001
        ],
        "kf_translation_vector": [
            -0.014904052008095341,
            0.00869903439164999,
            1.0887874022046107
        ],
        "kf_rotation_matrix": [
            [
                -0.6959441244778516,
                0.08448606631489784,
                -0.7131086033721591
            ],
            [
                0.5175363718993894,
                0.7474369973286583,
                -0.41652615618414185
            ],
            [
                0.4978130968204568,
                -0.6589385704471653,
                -0.5638989989449109
            ]
        ],
        "kf_euler_angles": [
            -2.2786298954097153,
            -0.5210753927682333,
            2.5021702382831377
        ]
    },
    {
        "frame": 11,
        "object_rotation_in_cam": [
            [
                -0.8518329969935751,
                -0.5168495576236426,
                0.08512978337332253
            ],
            [
                -0.18422268275382067,
                0.14346604042876865,
                -0.9723577008501944
            ],
            [
                0.4903494145932358,
                -0.8439692115402883,
                -0.2174245192707922
            ]
        ],
        "object_translation_in_cam": [
            -0.01389583856468121,
            0.004795286408558245,
            1.203010248371871
        ],
        "raw_rvec": [
            0.6822834194183134,
            -2.153422297358696,
            1.7676491311367044
        ],
        "refined_raw_rvec": [
            0.6822834194183134,
            -2.153422297358696,
            1.7676491311367044
        ],
        "num_inliers": 7,
        "total_matches": 9,
        "inlier_ratio": 0.7777777777777778,
        "reprojection_errors": [
            1.912616491317749,
            1.5538909435272217,
            2.374642848968506,
            1.0588090419769287,
            0.07627416402101517,
            1.7842615842819214,
            3.957679033279419
        ],
        "mean_reprojection_error": 1.8168820142745972,
        "std_reprojection_error": 1.1069839000701904,
        "inliers": [
            0,
            1,
            2,
            3,
            4,
            5,
            6
        ],
        "mkpts0": [
            [
                591,
                284
            ],
            [
                610,
                269
            ],
            [
                519,
                327
            ],
            [
                539,
                313
            ],
            [
                516,
                389
            ],
            [
                727,
                143
            ],
            [
                496,
                378
            ],
            [
                834,
                225
            ],
            [
                752,
                77
            ]
        ],
        "mkpts1": [
            [
                635,
                354
            ],
            [
                646,
                349
            ],
            [
                595,
                358
            ],
            [
                607,
                356
            ],
            [
                604,
                387
            ],
            [
                708,
                300
            ],
            [
                586,
                383
            ],
            [
                791,
                339
            ],
            [
                713,
                259
            ]
        ],
        "mpts3D": [
            [
                -0.010999999940395355,
                -0.02500000037252903,
                0.014000000432133675
            ],
            [
                -0.010999999940395355,
                -0.04899999871850014,
                0.01600000075995922
            ],
            [
                -0.009999999776482582,
                0.05700000002980232,
                0.017999999225139618
            ],
            [
                -0.009999999776482582,
                0.03500000014901161,
                0.017999999225139618
            ],
            [
                -0.041999999433755875,
                0.09000000357627869,
                0.0
            ],
            [
                -0.0020000000949949026,
                -0.20600000023841858,
                0.054999999701976776
            ],
            [
                -0.014999999664723873,
                0.09000000357627869,
                0.0
            ],
            [
                -0.11299999803304672,
                -0.23000000417232513,
                0.0
            ],
            [
                0.0,
                -0.24300000071525574,
                0.10400000214576721
            ]
        ],
        "mconf": [
            0.6176807880401611,
            0.22130511701107025,
            0.31005236506462097,
            0.2583038806915283,
            0.16954690217971802,
            0.5306537747383118,
            0.20110462605953217,
            0.13757166266441345,
            0.34023383259773254
        ],
        "kf_translation_vector": [
            -0.016571877172210148,
            0.00621437001216229,
            1.1165889635895851
        ],
        "kf_rotation_matrix": [
            [
                0.27590292862997845,
                -0.5511011738946887,
                0.7875056000469438
            ],
            [
                -0.8404232187091681,
                -0.5359053321590155,
                -0.08058714797073321
            ],
            [
                0.4664401220177383,
                -0.6396037610078847,
                -0.611016073010069
            ]
        ],
        "kf_euler_angles": [
            -2.3333396549210312,
            -0.4852619929187426,
            -1.2535911999219163
        ]
    },
    {
        "frame": 12,
        "object_rotation_in_cam": [
            [
                -0.8282228744276878,
                -0.556715847751513,
                -0.06414308331420146
            ],
            [
                -0.038190862880148946,
                0.17026556293531458,
                -0.98465785736508
            ],
            [
                0.559095991997088,
                -0.8130664812551524,
                -0.16227929255501816
            ]
        ],
        "object_translation_in_cam": [
            -0.011795225434401549,
            0.0064010076381561245,
            1.2589938551230953
        ],
        "raw_rvec": [
            0.5620410949751209,
            -2.0413961369179354,
            1.6984090743718794
        ],
        "refined_raw_rvec": [
            0.5620410949751209,
            -2.0413961369179354,
            1.6984090743718794
        ],
        "num_inliers": 7,
        "total_matches": 7,
        "inlier_ratio": 1.0,
        "reprojection_errors": [
            2.3121867179870605,
            3.0822346210479736,
            1.7611100673675537,
            3.3087687492370605,
            3.248793840408325,
            1.0461870431900024,
            1.5110948085784912
        ],
        "mean_reprojection_error": 2.3243393898010254,
        "std_reprojection_error": 0.8460443615913391,
        "inliers": [
            0,
            1,
            2,
            3,
            4,
            5,
            6
        ],
        "mkpts0": [
            [
                591,
                284
            ],
            [
                519,
                327
            ],
            [
                539,
                313
            ],
            [
                516,
                389
            ],
            [
                727,
                143
            ],
            [
                834,
                225
            ],
            [
                752,
                77
            ]
        ],
        "mkpts1": [
            [
                635,
                354
            ],
            [
                595,
                358
            ],
            [
                607,
                356
            ],
            [
                604,
                387
            ],
            [
                708,
                300
            ],
            [
                791,
                339
            ],
            [
                714,
                259
            ]
        ],
        "mpts3D": [
            [
                -0.010999999940395355,
                -0.02500000037252903,
                0.014000000432133675
            ],
            [
                -0.009999999776482582,
                0.05700000002980232,
                0.017999999225139618
            ],
            [
                -0.009999999776482582,
                0.03500000014901161,
                0.017999999225139618
            ],
            [
                -0.041999999433755875,
                0.09000000357627869,
                0.0
            ],
            [
                -0.0020000000949949026,
                -0.20600000023841858,
                0.054999999701976776
            ],
            [
                -0.11299999803304672,
                -0.23000000417232513,
                0.0
            ],
            [
                0.0,
                -0.24300000071525574,
                0.10400000214576721
            ]
        ],
        "mconf": [
            0.513834536075592,
            0.23030142486095428,
            0.3082144856452942,
            0.1810561567544937,
            0.8045334815979004,
            0.2885156273841858,
            0.48123666644096375
        ],
        "kf_translation_vector": [
            -0.014415471522661504,
            0.006398074482255508,
            1.2044748506738336
        ],
        "kf_rotation_matrix": [
            [
                -0.8480975822485419,
                -0.42944501990915596,
                -0.3103344419483635
            ],
            [
                0.02041226702171872,
                0.558796353680269,
                -0.8290536619958142
            ],
            [
                0.5294467209636977,
                -0.709453035788036,
                -0.46514789010800434
            ]
        ],
        "kf_euler_angles": [
            -2.1511282574673687,
            -0.5579482447641867,
            -3.1656563077314086
        ]
    },
    {
        "frame": 13,
        "object_rotation_in_cam": [
            [
                -0.8204889860715772,
                -0.5693696346117851,
                -0.05114726695804522
            ],
            [
                -0.06289929921575993,
                0.17884320643247165,
                -0.9818649528683254
            ],
            [
                0.5681914306757905,
                -0.8023922523896867,
                -0.18255183212338277
            ]
        ],
        "object_translation_in_cam": [
            -0.011319281094546316,
            0.005777831683854914,
            1.2790124180970774
        ],
        "raw_rvec": [
            0.5951855349371776,
            -2.0539136764277073,
            1.6796081894269699
        ],
        "refined_raw_rvec": [
            0.5951855349371776,
            -2.0539136764277073,
            1.6796081894269699
        ],
        "num_inliers": 7,
        "total_matches": 7,
        "inlier_ratio": 1.0,
        "reprojection_errors": [
            2.9824607372283936,
            3.341313362121582,
            0.9471047520637512,
            1.076816201210022,
            2.8698484897613525,
            2.264163017272949,
            1.4165397882461548
        ],
        "mean_reprojection_error": 2.1283209323883057,
        "std_reprojection_error": 0.9084357023239136,
        "inliers": [
            0,
            1,
            2,
            3,
            4,
            5,
            6
        ],
        "mkpts0": [
            [
                591,
                284
            ],
            [
                519,
                327
            ],
            [
                727,
                126
            ],
            [
                539,
                313
            ],
            [
                516,
                389
            ],
            [
                727,
                143
            ],
            [
                834,
                225
            ]
        ],
        "mkpts1": [
            [
                635,
                354
            ],
            [
                595,
                358
            ],
            [
                707,
                286
            ],
            [
                608,
                357
            ],
            [
                604,
                387
            ],
            [
                708,
                300
            ],
            [
                791,
                339
            ]
        ],
        "mpts3D": [
            [
                -0.010999999940395355,
                -0.02500000037252903,
                0.014000000432133675
            ],
            [
                -0.009999999776482582,
                0.05700000002980232,
                0.017999999225139618
            ],
            [
                -0.0020000000949949026,
                -0.20600000023841858,
                0.07000000029802322
            ],
            [
                -0.009999999776482582,
                0.03500000014901161,
                0.017999999225139618
            ],
            [
                -0.041999999433755875,
                0.09000000357627869,
                0.0
            ],
            [
                -0.0020000000949949026,
                -0.20600000023841858,
                0.054999999701976776
            ],
            [
                -0.11299999803304672,
                -0.23000000417232513,
                0.0
            ]
        ],
        "mconf": [
            0.6132704615592957,
            0.27799874544143677,
            0.8629470467567444,
            0.299462229013443,
            0.1335696280002594,
            0.7342604398727417,
            0.23975303769111633
        ],
        "kf_translation_vector": [
            -0.012574657918963648,
            0.00579643219957132,
            1.2690411061245468
        ],
        "kf_rotation_matrix": [
            [
                -0.626482251621732,
                -0.11763574002481941,
                -0.7705075087705362
            ],
            [
                0.5348302631482017,
                0.6542238898052213,
                -0.5347407704944062
            ],
            [
                0.5669890457705424,
                -0.7470963356066865,
                -0.34694450175679525
            ]
        ],
        "kf_euler_angles": [
            -2.0055528091341697,
            -0.6028459479276393,
            -3.848233023923421
        ]
    },
    {
        "frame": 14,
        "object_rotation_in_cam": [
            [
                -0.822267728168136,
                -0.5644172784895569,
                -0.07286232878281143
            ],
            [
                -0.03253947647655603,
                0.174449033624277,
                -0.9841284048020298
            ],
            [
                0.5681698387664064,
                -0.8068461256088413,
                -0.16180965331573338
            ]
        ],
        "object_translation_in_cam": [
            -0.01054777461362586,
            0.006353476743355635,
            1.2732366914006492
        ],
        "raw_rvec": [
            0.5624272368058485,
            -2.0336716807746384,
            1.6873799449439495
        ],
        "refined_raw_rvec": [
            0.5624272368058485,
            -2.0336716807746384,
            1.6873799449439495
        ],
        "num_inliers": 9,
        "total_matches": 9,
        "inlier_ratio": 1.0,
        "reprojection_errors": [
            3.1595587730407715,
            2.306696653366089,
            3.4758191108703613,
            2.2969248294830322,
            0.9017305374145508,
            2.3126392364501953,
            2.698974609375,
            1.000573992729187,
            2.3798601627349854
        ],
        "mean_reprojection_error": 2.2814197540283203,
        "std_reprojection_error": 0.8115638494491577,
        "inliers": [
            0,
            1,
            2,
            3,
            4,
            5,
            6,
            7,
