[
    {
        "frame": 1,
        "object_rotation_in_cam": [
            [
                -0.6398317204221299,
                -0.7683096860918295,
                0.017765016159065783
            ],
            [
                -0.16920010700637894,
                0.11828208004856045,
                -0.9784583145583747
            ],
            [
                0.749657717448895,
                -0.6290545094003064,
                -0.20567870787335363
            ]
        ],
        "object_translation_in_cam": [
            0.09293416450484268,
            0.0032587920288173903,
            1.2222652678577823
        ],
        "raw_rvec": [
            0.9055370606082553,
            -1.8968195412376823,
            1.5526903806381178
        ],
        "refined_raw_rvec": [
            0.9055370606082553,
            -1.8968195412376823,
            1.5526903806381178
        ],
        "num_inliers": 10,
        "total_matches": 14,
        "inlier_ratio": 0.7142857142857143,
        "reprojection_errors": [
            2.2846012115478516,
            3.8176498413085938,
            3.768618106842041,
            1.0927557945251465,
            5.773791790008545,
            3.891059637069702,
            4.7739739418029785,
            6.678979396820068,
            1.1449129581451416,
            3.442767381668091
        ],
        "mean_reprojection_error": 3.6669108867645264,
        "std_reprojection_error": 1.725345492362976,
        "inliers": [
            0,
            1,
            2,
            5,
            6,
            7,
            9,
            10,
            11,
            12
        ],
        "mkpts0": [
            [
                591,
                284
            ],
            [
                610,
                269
            ],
            [
                519,
                327
            ],
            [
                387,
                289
            ],
            [
                727,
                126
            ],
            [
                539,
                313
            ],
            [
                611,
                353
            ],
            [
                516,
                389
            ],
            [
                727,
                143
            ],
            [
                496,
                378
            ],
            [
                617,
                368
            ],
            [
                834,
                225
            ],
            [
                357,
                195
            ],
            [
                752,
                77
            ]
        ],
        "mkpts1": [
            [
                735,
                353
            ],
            [
                750,
                351
            ],
            [
                683,
                356
            ],
            [
                594,
                347
            ],
            [
                846,
                290
            ],
            [
                693,
                354
            ],
            [
                740,
                375
            ],
            [
                677,
                386
            ],
            [
                844,
                303
            ],
            [
                661,
                382
            ],
            [
                745,
                380
            ],
            [
                916,
                359
            ],
            [
                579,
                312
            ],
            [
                865,
                262
            ]
        ],
        "mpts3D": [
            [
                -0.010999999940395355,
                -0.02500000037252903,
                0.014000000432133675
            ],
            [
                -0.010999999940395355,
                -0.04899999871850014,
                0.01600000075995922
            ],
            [
                -0.009999999776482582,
                0.05700000002980232,
                0.017999999225139618
            ],
            [
                0.12800000607967377,
                0.07400000095367432,
                0.0
            ],
            [
                -0.0020000000949949026,
                -0.20600000023841858,
                0.07000000029802322
            ],
            [
                -0.009999999776482582,
                0.03500000014901161,
                0.017999999225139618
            ],
            [
                -0.07500000298023224,
                0.023000000044703484,
                0.0
            ],
            [
                -0.041999999433755875,
                0.09000000357627869,
                0.0
            ],
            [
                -0.0020000000949949026,
                -0.20600000023841858,
                0.054999999701976776
            ],
            [
                -0.014999999664723873,
                0.09000000357627869,
                0.0
            ],
            [
                -0.09700000286102295,
                0.03700000047683716,
                0.0
            ],
            [
                -0.11299999803304672,
                -0.23000000417232513,
                0.0
            ],
            [
                0.23999999463558197,
                0.0,
                0.02500000037252903
            ],
            [
                0.0,
                -0.24300000071525574,
                0.10400000214576721
            ]
        ],
        "mconf": [
            0.6045960187911987,
            0.38753992319107056,
            0.459332138299942,
            0.7131041288375854,
            0.9097515344619751,
            0.3928673267364502,
            0.14079031348228455,
            0.43471887707710266,
            0.9103724956512451,
            0.2907373011112213,
            0.272443950176239,
            0.329720675945282,
            0.36307692527770996,
            0.532971203327179
        ],
        "kf_translation_vector": [
            0.09302810258350283,
            0.003262086023696143,
            1.2235007365520707
        ],
        "kf_rotation_matrix": [
            [
                -0.6397004875780863,
                -0.7685095936610009,
                0.01327744867668075
            ],
            [
                -0.16717234507635778,
                0.12225045722888418,
                -0.9783190853443471
            ],
            [
                0.750224428577229,
                -0.628050818133638,
                -0.20667722808194952
            ]
        ],
        "kf_euler_angles": [
            -1.8887115163914372,
            -0.8484014483998379,
            -2.885980067730376
        ]
    },
    {
        "frame": 2,
        "object_rotation_in_cam": [
            [
                -0.6319133866101004,
                -0.7741844830821356,
                0.036384859183458684
            ],
            [
                -0.1811167837044314,
                0.10186132861047104,
                -0.97817226519375
            ],
            [
                0.753579579396573,
                -0.6247100574575025,
                -0.2045853406965611
            ]
        ],
        "object_translation_in_cam": [
            0.09061997563818204,
            0.005683029162413512,
            1.153921093673671
        ],
        "raw_rvec": [
            0.9304592802906331,
            -1.8879542666572409,
            1.561200413081703
        ],
        "refined_raw_rvec": [
            0.9304592802906331,
            -1.8879542666572409,
            1.561200413081703
        ],
        "num_inliers": 10,
        "total_matches": 13,
        "inlier_ratio": 0.7692307692307693,
        "reprojection_errors": [
            2.5718472003936768,
            3.175302743911743,
            3.476532220840454,
            2.182523250579834,
            3.391204833984375,
            1.0648529529571533,
            1.134762167930603,
            3.6147258281707764,
            0.5852380394935608,
            1.662888526916504
        ],
        "mean_reprojection_error": 2.2859878540039062,
        "std_reprojection_error": 1.067007064819336,
        "inliers": [
            0,
            1,
            2,
            4,
            5,
            6,
            7,
            8,
            11,
            12
        ],
        "mkpts0": [
            [
                591,
                284
            ],
            [
                610,
                269
            ],
            [
                519,
                327
            ],
            [
                387,
                289
            ],
            [
                727,
                126
            ],
            [
                539,
                313
            ],
            [
                516,
                389
            ],
            [
                727,
                143
            ],
            [
                496,
                378
            ],
            [
                617,
                368
            ],
            [
                834,
                225
            ],
            [
                357,
                195
            ],
            [
                752,
                77
            ]
        ],
        "mkpts1": [
            [
                735,
                353
            ],
            [
                750,
                351
            ],
            [
                683,
                356
            ],
            [
                594,
                347
            ],
            [
                846,
                290
            ],
            [
                693,
                354
            ],
            [
                676,
                386
            ],
            [
                844,
                303
            ],
            [
                661,
                382
            ],
            [
                746,
                380
            ],
            [
                916,
                359
            ],
            [
                579,
                312
            ],
            [
                865,
                262
            ]
        ],
        "mpts3D": [
            [
                -0.010999999940395355,
                -0.02500000037252903,
                0.014000000432133675
            ],
            [
                -0.010999999940395355,
                -0.04899999871850014,
                0.01600000075995922
            ],
            [
                -0.009999999776482582,
                0.05700000002980232,
                0.017999999225139618
            ],
            [
                0.12800000607967377,
                0.07400000095367432,
                0.0
            ],
            [
                -0.0020000000949949026,
                -0.20600000023841858,
                0.07000000029802322
            ],
            [
                -0.009999999776482582,
                0.03500000014901161,
                0.017999999225139618
            ],
            [
                -0.041999999433755875,
                0.09000000357627869,
                0.0
            ],
            [
                -0.0020000000949949026,
                -0.20600000023841858,
                0.054999999701976776
            ],
            [
                -0.014999999664723873,
                0.09000000357627869,
                0.0
            ],
            [
                -0.09700000286102295,
                0.03700000047683716,
                0.0
            ],
            [
                -0.11299999803304672,
                -0.23000000417232513,
                0.0
            ],
            [
                0.23999999463558197,
                0.0,
                0.02500000037252903
            ],
            [
                0.0,
                -0.24300000071525574,
                0.10400000214576721
            ]
        ],
        "mconf": [
            0.6379237771034241,
            0.3984648585319519,
            0.6349663734436035,
            0.8879082202911377,
            0.946302592754364,
            0.34420108795166016,
            0.5054579973220825,
            0.8450915217399597,
            0.24539490044116974,
            0.38166818022727966,
            0.35202082991600037,
            0.3724319636821747,
            0.3843308389186859
        ],
        "kf_translation_vector": [
            0.08957638534380868,
            0.006790611361612731,
            1.12288373038712
        ],
        "kf_rotation_matrix": [
            [
                -0.6282060329331217,
                -0.7767874911525862,
                0.04425351709525924
            ],
            [
                -0.18618794508440806,
                0.09486226042900464,
                -0.9779239237545757
            ],
            [
                0.75544108260782,
                -0.6225771800629786,
                -0.20422151104414651
            ]
        ],
        "kf_euler_angles": [
            -1.8877627132796408,
            -0.8563270444726023,
            -2.853459907277627
        ]
    },
    {
        "frame": 3,
        "object_rotation_in_cam": [
            [
                -0.6313852409775765,
                -0.7746953084505015,
                0.03463894542953011
            ],
            [
                -0.18093568571483898,
                0.1037348809674149,
                -0.9780088711793864
            ],
            [
                0.7540656172446722,
                -0.6237677881515356,
                -0.2056666996719515
            ]
        ],
        "object_translation_in_cam": [
            0.09078927425017462,
            0.0051144459990985205,
            1.1578723699391125
        ],
        "raw_rvec": [
            0.9298924791119414,
            -1.888514583557884,
            1.5586351612944536
        ],
        "refined_raw_rvec": [
            0.9298924791119414,
            -1.888514583557884,
            1.5586351612944536
        ],
        "num_inliers": 11,
        "total_matches": 13,
        "inlier_ratio": 0.8461538461538461,
        "reprojection_errors": [
            2.160090684890747,
            3.1247012615203857,
            4.136706352233887,
            3.3300883769989014,
            2.5081748962402344,
            3.0504751205444336,
            1.5595412254333496,
            1.0370112657546997,
            3.930983066558838,
            1.0060429573059082,
            2.279878616333008
        ],
        "mean_reprojection_error": 2.556699514389038,
        "std_reprojection_error": 1.0222188234329224,
        "inliers": [
            0,
            1,
            2,
            3,
            5,
            6,
            7,
            8,
            9,
            11,
            12
        ],
        "mkpts0": [
            [
                591,
                284
            ],
            [
                610,
                269
            ],
            [
                598,
                298
            ],
            [
                519,
                327
            ],
            [
                387,
                289
            ],
            [
                727,
                126
            ],
            [
                539,
                313
            ],
            [
                516,
                389
            ],
            [
                727,
                143
            ],
            [
                496,
                378
            ],
            [
                834,
                225
            ],
            [
                357,
                195
            ],
            [
                752,
                77
            ]
        ],
        "mkpts1": [
            [
                735,
                353
            ],
            [
                750,
                351
            ],
            [
                738,
                363
            ],
            [
                683,
                356
            ],
            [
                594,
                347
            ],
            [
                846,
                290
            ],
            [
                693,
                354
            ],
            [
                676,
                386
            ],
            [
                843,
                302
            ],
            [
                661,
                382
            ],
            [
                916,
                359
            ],
            [
                579,
                312
            ],
            [
                865,
                262
            ]
        ],
        "mpts3D": [
            [
                -0.010999999940395355,
                -0.02500000037252903,
                0.014000000432133675
            ],
            [
                -0.010999999940395355,
                -0.04899999871850014,
                0.01600000075995922
            ],
            [
                -0.014999999664723873,
                -0.02500000037252903,
                -0.0
            ],
            [
                -0.009999999776482582,
                0.05700000002980232,
                0.017999999225139618
            ],
            [
                0.12800000607967377,
                0.07400000095367432,
                0.0
            ],
            [
                -0.0020000000949949026,
                -0.20600000023841858,
                0.07000000029802322
            ],
            [
                -0.009999999776482582,
                0.03500000014901161,
                0.017999999225139618
            ],
            [
                -0.041999999433755875,
                0.09000000357627869,
                0.0
            ],
            [
                -0.0020000000949949026,
                -0.20600000023841858,
                0.054999999701976776
            ],
            [
                -0.014999999664723873,
                0.09000000357627869,
                0.0
            ],
            [
                -0.11299999803304672,
                -0.23000000417232513,
                0.0
            ],
            [
                0.23999999463558197,
                0.0,
                0.02500000037252903
            ],
            [
                0.0,
                -0.24300000071525574,
                0.10400000214576721
            ]
        ],
        "mconf": [
            0.6402288675308228,
            0.33335253596305847,
            0.1444157063961029,
            0.45753931999206543,
            0.7892333269119263,
            0.8982917666435242,
            0.30439332127571106,
            0.4413251280784607,
            0.493367999792099,
            0.39193934202194214,
            0.26944130659103394,
            0.33444494009017944,
            0.36659666895866394
        ],
        "kf_translation_vector": [
            0.08994448973172767,
            0.0059626190376767495,
            1.132703889998772
        ],
        "kf_rotation_matrix": [
            [
                -0.6282823486014013,
                -0.7768969344754018,
                0.04113931986106134
            ],
            [
                -0.18518843737122026,
                0.09798514839286969,
                -0.9778057850915145
            ],
            [
                0.7556232745885432,
                -0.6219566414929185,
                -0.20543466845431993
            ]
        ],
        "kf_euler_angles": [
            -1.8898178658084217,
            -0.8566051528146329,
            -2.854956061322699
        ]
    },
    {
        "frame": 4,
        "object_rotation_in_cam": [
            [
                -0.5673748804489426,
                -0.8226517247016811,
                -0.036467586716119826
            ],
            [
                -0.11316543162120724,
                0.12176165864904342,
                -0.9860870567901293
            ],
            [
                0.815646571819887,
                -0.5553541557676357,
                -0.16218024401906228
            ]
        ],
        "object_translation_in_cam": [
            0.09947900227694305,
            0.005866817487319923,
            1.2329993707969995
        ],
        "raw_rvec": [
            0.9069235774302106,
            -1.794156933923308,
            1.4938488458411032
        ],
        "refined_raw_rvec": [
            0.9069235774302106,
            -1.794156933923308,
            1.4938488458411032
        ],
        "num_inliers": 10,
        "total_matches": 12,
        "inlier_ratio": 0.8333333333333334,
        "reprojection_errors": [
            2.813685178756714,
            3.882596492767334,
            3.861867666244507,
            2.0918142795562744,
            3.7233567237854004,
            3.9195375442504883,
            0.16317565739154816,
            3.2024686336517334,
            2.5193700790405273,
            1.5889676809310913
        ],
        "mean_reprojection_error": 2.776684045791626,
        "std_reprojection_error": 1.1645593643188477,
        "inliers": [
            0,
            1,
            2,
            4,
            5,
            6,
            7,
            8,
            9,
            11
        ],
        "mkpts0": [
            [
                591,
                284
            ],
            [
                610,
                269
            ],
            [
                519,
                327
            ],
            [
                387,
                289
            ],
            [
                727,
                126
            ],
            [
                539,
                313
            ],
            [
                516,
                389
            ],
            [
                727,
                143
            ],
            [
                496,
                378
            ],
            [
                617,
                368
            ],
            [
                834,
                225
            ],
            [
                752,
                77
            ]
        ],
        "mkpts1": [
            [
                735,
                353
            ],
            [
                750,
                351
            ],
            [
                683,
                356
            ],
            [
                594,
                347
            ],
            [
                846,
                290
            ],
            [
                693,
                354
            ],
            [
                676,
                386
            ],
            [
                844,
                303
            ],
            [
                661,
                382
            ],
            [
                746,
                380
            ],
            [
                916,
                359
            ],
            [
                865,
                262
            ]
        ],
        "mpts3D": [
            [
                -0.010999999940395355,
                -0.02500000037252903,
                0.014000000432133675
            ],
            [
                -0.010999999940395355,
                -0.04899999871850014,
                0.01600000075995922
            ],
            [
                -0.009999999776482582,
                0.05700000002980232,
                0.017999999225139618
            ],
            [
                0.12800000607967377,
                0.07400000095367432,
                0.0
            ],
            [
                -0.0020000000949949026,
                -0.20600000023841858,
                0.07000000029802322
            ],
            [
                -0.009999999776482582,
                0.03500000014901161,
                0.017999999225139618
            ],
            [
                -0.041999999433755875,
                0.09000000357627869,
                0.0
            ],
            [
                -0.0020000000949949026,
                -0.20600000023841858,
                0.054999999701976776
            ],
            [
                -0.014999999664723873,
                0.09000000357627869,
                0.0
            ],
            [
                -0.09700000286102295,
                0.03700000047683716,
                0.0
            ],
            [
                -0.11299999803304672,
                -0.23000000417232513,
                0.0
            ],
            [
                0.0,
                -0.24300000071525574,
                0.10400000214576721
            ]
        ],
        "mconf": [
            0.713079035282135,
            0.4746847450733185,
            0.4134647846221924,
            0.6903126835823059,
            0.9329017400741577,
            0.45602715015411377,
            0.39240673184394836,
            0.8298513889312744,
            0.286878764629364,
            0.2848721146583557,
            0.34673041105270386,
            0.4383729100227356
        ],
        "kf_translation_vector": [
            0.09880667288293267,
            0.006241083154144622,
            1.216815931185747
        ],
        "kf_rotation_matrix": [
            [
                -0.5671104893147824,
                -0.823049431279937,
                -0.031230219002117122
            ],
            [
                -0.11693296775790274,
                0.11798832661524677,
                -0.9861061990647169
            ],
            [
                0.8152989476017232,
                -0.5555793268762851,
                -0.16315403025122202
            ]
        ],
        "kf_euler_angles": [
            -1.856430822908404,
            -0.9532452886478454,
            -2.938251546119933
        ]
    },
    {
        "frame": 5,
        "object_rotation_in_cam": [
            [
                -0.6088814366275012,
                -0.7916553355144877,
                0.05045023173261015
            ],
            [
                -0.241046237055085,
                0.12405345412263402,
                -0.9625525710951208
            ],
            [
                0.755751353112923,
                -0.5982412308355949,
                -0.266359385035141
            ]
        ],
        "object_translation_in_cam": [
            0.09579006174880493,
            0.0032356460605956015,
            1.2259835817473341
        ],
        "raw_rvec": [
            0.9945759415110403,
            -1.925483643594252,
            1.5031718807179968
        ],
        "refined_raw_rvec": [
            0.9945759415110403,
            -1.925483643594252,
            1.5031718807179968
        ],
        "num_inliers": 13,
        "total_matches": 14,
        "inlier_ratio": 0.9285714285714286,
        "reprojection_errors": [
            0.9358041882514954,
            2.7290053367614746,
            2.531689405441284,
            2.95727801322937,
            0.5329564213752747,
            4.273203372955322,
            4.400028228759766,
            3.271489381790161,
            0.8168882131576538,
            2.947779893875122,
            3.478346109390259,
            6.406530380249023,
            2.7409749031066895
        ],
        "mean_reprojection_error": 2.924767017364502,
        "std_reprojection_error": 1.5415302515029907,
        "inliers": [
            0,
            1,
            2,
            3,
            4,
            5,
            6,
            7,
            8,
            9,
            10,
            11,
            13
        ],
        "mkpts0": [
            [
                591,
                284
            ],
            [
                610,
                269
            ],
            [
                598,
                298
            ],
            [
                519,
                327
            ],
            [
                387,
                289
            ],
            [
                727,
                126
            ],
            [
                436,
                260
            ],
            [
                539,
                313
            ],
            [
                516,
                389
            ],
            [
                727,
                143
            ],
            [
                496,
                378
            ],
            [
                834,
                225
            ],
            [
                357,
                195
            ],
            [
                752,
                77
            ]
        ],
        "mkpts1": [
            [
                735,
                353
            ],
            [
                750,
                351
            ],
            [
                738,
                363
            ],
            [
                683,
                356
            ],
            [
                594,
                347
            ],
            [
                846,
                290
            ],
            [
                626,
                341
            ],
            [
                693,
                354
            ],
            [
                676,
                386
            ],
            [
                843,
                303
            ],
            [
                661,
                382
            ],
            [
                916,
                359
            ],
            [
                579,
                312
            ],
            [
                865,
                262
            ]
        ],
        "mpts3D": [
            [
                -0.010999999940395355,
                -0.02500000037252903,
                0.014000000432133675
            ],
            [
                -0.010999999940395355,
                -0.04899999871850014,
                0.01600000075995922
            ],
            [
                -0.014999999664723873,
                -0.02500000037252903,
                -0.0
            ],
            [
                -0.009999999776482582,
                0.05700000002980232,
                0.017999999225139618
            ],
            [
                0.12800000607967377,
                0.07400000095367432,
                0.0
            ],
            [
                -0.0020000000949949026,
                -0.20600000023841858,
                0.07000000029802322
            ],
            [
                0.12800000607967377,
                0.01899999938905239,
                0.0
            ],
            [
                -0.009999999776482582,
                0.03500000014901161,
                0.017999999225139618
            ],
            [
                -0.041999999433755875,
                0.09000000357627869,
                0.0
            ],
            [
                -0.0020000000949949026,
                -0.20600000023841858,
                0.054999999701976776
            ],
            [
                -0.014999999664723873,
                0.09000000357627869,
                0.0
            ],
            [
                -0.11299999803304672,
                -0.23000000417232513,
                0.0
            ],
            [
                0.23999999463558197,
                0.0,
                0.02500000037252903
            ],
            [
                0.0,
                -0.24300000071525574,
                0.10400000214576721
            ]
        ],
        "mconf": [
            0.6601671576499939,
            0.32645320892333984,
            0.1374254822731018,
            0.4590376615524292,
            0.8002542853355408,
            0.8889374136924744,
            0.16267484426498413,
            0.43369579315185547,
            0.5176559090614319,
            0.6591252088546753,
            0.36508888006210327,
            0.33325353264808655,
            0.38404327630996704,
            0.2812225818634033
        ],
        "kf_translation_vector": [
            0.09813663444336838,
            0.003562936435534173,
            1.2428651085686984
        ],
        "kf_rotation_matrix": [
            [
                -0.5931595410175673,
                -0.8046155915195714,
                0.02748652003144705
            ],
            [
                -0.2160269168239695,
                0.12617948379919516,
                -0.9681999323877782
            ],
            [
                0.775560526398397,
                -0.580234855684988,
                -0.24866319016063163
            ]
        ],
        "kf_euler_angles": [
            -1.975675167848244,
            -0.8876025412898971,
            -2.792326591309652
        ]
    },
    {
        "frame": 6,
        "object_rotation_in_cam": [
            [
                -0.5486503197789023,
                -0.8359522609002121,
                0.012909070544856849
            ],
            [
                -0.23707157500124315,
                0.1407504457149198,
                -0.9612421028843261
            ],
            [
                0.8017355517456728,
                -0.5304461608183015,
                -0.275403296167977
            ]
        ],
        "object_translation_in_cam": [
            0.10467392619571916,
            0.0033572956314868703,
            1.308464995633179
        ],
        "raw_rvec": [
            1.0255460390086153,
            -1.8778679051173954,
            1.4256859345446662
        ],
        "refined_raw_rvec": [
            1.0255460390086153,
            -1.8778679051173954,
            1.4256859345446662
        ],
        "num_inliers": 10,
        "total_matches": 12,
        "inlier_ratio": 0.8333333333333334,
        "reprojection_errors": [
            1.5431045293807983,
            2.9239282608032227,
            3.4537649154663086,
            1.9164859056472778,
            4.349184036254883,
            2.9858763217926025,
            1.296820878982544,
            2.913578510284424,
            1.4810864925384521,
            0.6135759353637695
        ],
        "mean_reprojection_error": 2.347740650177002,
        "std_reprojection_error": 1.0947473049163818,
        "inliers": [
            0,
            1,
            2,
            4,
            5,
            6,
            7,
            8,
            9,
            11
        ],
        "mkpts0": [
            [
                591,
                284
            ],
            [
                610,
                269
            ],
            [
                519,
                327
            ],
            [
                387,
                289
            ],
            [
                727,
                126
            ],
            [
                539,
                313
            ],
            [
                516,
                389
            ],
            [
                727,
                143
            ],
            [
                496,
                378
            ],
            [
                834,
                225
            ],
            [
                357,
                195
            ],
            [
                752,
                77
            ]
        ],
        "mkpts1": [
            [
                735,
                353
            ],
            [
                750,
                351
            ],
            [
                683,
                356
            ],
            [
                594,
                347
            ],
            [
                845,
                290
            ],
            [
                693,
                354
            ],
            [
                677,
                386
            ],
            [
                843,
                303
            ],
            [
                661,
                382
            ],
            [
                916,
                359
            ],
            [
                579,
                312
            ],
            [
                865,
                262
            ]
        ],
        "mpts3D": [
            [
                -0.010999999940395355,
                -0.02500000037252903,
                0.014000000432133675
            ],
            [
                -0.010999999940395355,
                -0.04899999871850014,
                0.01600000075995922
            ],
            [
                -0.009999999776482582,
                0.05700000002980232,
                0.017999999225139618
            ],
            [
                0.12800000607967377,
                0.07400000095367432,
                0.0
            ],
            [
                -0.0020000000949949026,
                -0.20600000023841858,
                0.07000000029802322
            ],
            [
                -0.009999999776482582,
                0.03500000014901161,
                0.017999999225139618
            ],
            [
                -0.041999999433755875,
                0.09000000357627869,
                0.0
            ],
            [
                -0.0020000000949949026,
                -0.20600000023841858,
                0.054999999701976776
            ],
            [
                -0.014999999664723873,
                0.09000000357627869,
                0.0
            ],
            [
                -0.11299999803304672,
                -0.23000000417232513,
                0.0
            ],
            [
                0.23999999463558197,
                0.0,
                0.02500000037252903
            ],
            [
                0.0,
                -0.24300000071525574,
                0.10400000214576721
            ]
        ],
        "mconf": [
            0.7576748728752136,
            0.3286876678466797,
            0.416115939617157,
            0.8032362461090088,
            0.9729527235031128,
            0.41810184717178345,
            0.641934871673584,
            0.7357563376426697,
            0.46210023760795593,
            0.35176482796669006,
            0.38409534096717834,
            0.3357037603855133
        ],
        "kf_translation_vector": [
            0.10565295728018718,
            0.0025835652926501037,
            1.327290050441549
        ],
        "kf_rotation_matrix": [
            [
                -0.545887055146352,
                -0.8376626838307888,
                0.018125979726445248
            ],
            [
                -0.2541026326152555,
                0.14490100657408825,
                -0.9562612354329817
            ],
            [
                0.7983978802086339,
                -0.5266164889283432,
                -0.29195187697143515
            ]
        ],
        "kf_euler_angles": [
            -2.0770051269436993,
            -0.9246297516641684,
            -2.7059356824217056
        ]
    },
    {
        "frame": 7,
        "object_rotation_in_cam": [
            [
                -0.6330464663618787,
                -0.7733862458026635,
                0.03355422819855647
            ],
            [
                -0.19037033066659198,
                0.1135184796468155,
                -0.9751270132554873
            ],
            [
                0.7503407949916032,
                -0.6236884395128205,
                -0.2190922677536371
            ]
        ],
        "object_translation_in_cam": [
            0.09289549075867848,
            0.004481624361133981,
            1.1947703821096787
        ],
        "raw_rvec": [
            0.9330847787365976,
            -1.903099673876966,
            1.5479327450634108
        ],
        "refined_raw_rvec": [
            0.9330847787365976,
            -1.903099673876966,
            1.5479327450634108
        ],
        "num_inliers": 11,
