[
    {
        "frame": 1,
        "object_rotation_in_cam": [
            [
                0.14914390259418842,
                -0.9876126282510576,
                -0.04875851554358257
            ],
            [
                -0.050248291947113166,
                0.04167654092398493,
                -0.9978668123016264
            ],
            [
                0.9875379514101588,
                0.1512757827798289,
                -0.0434100457149853
            ]
        ],
        "object_translation_in_cam": [
            0.06515981753890245,
            0.015691454186209278,
            1.1452756629726861
        ],
        "raw_rvec": [
            1.2774614200019114,
            -1.152014346943473,
            1.042034975676023
        ],
        "refined_raw_rvec": [
            1.2774614200019114,
            -1.152014346943473,
            1.042034975676023
        ],
        "num_inliers": 9,
        "total_matches": 10,
        "inlier_ratio": 0.9,
        "reprojection_errors": [
            1.7517809867858887,
            1.474965214729309,
            1.284796118736267,
            1.1712721586227417,
            0.7769811153411865,
            1.6296833753585815,
            1.8873621225357056,
            0.2493402510881424,
            2.2390096187591553
        ],
        "mean_reprojection_error": 1.3850212097167969,
        "std_reprojection_error": 0.5675799250602722,
        "inliers": [
            0,
            2,
            3,
            4,
            5,
            6,
            7,
            8,
            9
        ],
        "mkpts0": [
            [
                591,
                284
            ],
            [
                610,
                269
            ],
            [
                598,
                298
            ],
            [
                519,
                327
            ],
            [
                727,
                126
            ],
            [
                539,
                313
            ],
            [
                727,
                143
            ],
            [
                575,
                312
            ],
            [
                834,
                225
            ],
            [
                752,
                77
            ]
        ],
        "mkpts1": [
            [
                711,
                365
            ],
            [
                726,
                361
            ],
            [
                713,
                376
            ],
            [
                634,
                364
            ],
            [
                886,
                300
            ],
            [
                654,
                362
            ],
            [
                886,
                314
            ],
            [
                688,
                376
            ],
            [
                925,
                375
            ],
            [
                921,
                268
            ]
        ],
        "mpts3D": [
            [
                -0.010999999940395355,
                -0.02500000037252903,
                0.014000000432133675
            ],
            [
                -0.010999999940395355,
                -0.04899999871850014,
                0.01600000075995922
            ],
            [
                -0.014999999664723873,
                -0.02500000037252903,
                -0.0
            ],
            [
                -0.009999999776482582,
                0.05700000002980232,
                0.017999999225139618
            ],
            [
                -0.0020000000949949026,
                -0.20600000023841858,
                0.07000000029802322
            ],
            [
                -0.009999999776482582,
                0.03500000014901161,
                0.017999999225139618
            ],
            [
                -0.0020000000949949026,
                -0.20600000023841858,
                0.054999999701976776
            ],
            [
                -0.014999999664723873,
                -0.0,
                0.0
            ],
            [
                -0.11299999803304672,
                -0.23000000417232513,
                0.0
            ],
            [
                0.0,
                -0.24300000071525574,
                0.10400000214576721
            ]
        ],
        "mconf": [
            0.341764360666275,
            0.13115914165973663,
            0.18009695410728455,
            0.4632449150085449,
            0.9947263598442078,
            0.4064592123031616,
            0.9723536968231201,
            0.10018482804298401,
            0.18536168336868286,
            0.26004838943481445
        ],
        "kf_translation_vector": [
            0.06522568124035243,
            0.015707315146120955,
            1.1464333103878115
        ],
        "kf_rotation_matrix": [
            [
                0.14779097156513377,
                -0.9878926294698428,
                -0.047180306940434805
            ],
            [
                -0.0498465364380403,
                0.04020335349049173,
                -0.9979474000032514
            ],
            [
                0.9877616876195214,
                0.149839390706444,
                -0.043301333279203685
            ]
        ],
        "kf_euler_angles": [
            1.8521172155293975,
            -1.4141862576141133,
            -0.3252958939376948
        ]
    },
    {
        "frame": 2,
        "object_rotation_in_cam": [
            [
                0.1528730854980191,
                -0.9870587720561337,
                -0.04842313741748705
            ],
            [
                -0.047494362603983376,
                0.041604319593099515,
                -0.9980046924298687
            ],
            [
                0.9871038979009032,
                0.1548678827201842,
                -0.04051954652523371
            ]
        ],
        "object_translation_in_cam": [
            0.06353806889811109,
            0.016005324721080124,
            1.140371170780416
        ],
        "raw_rvec": [
            1.2771357034172985,
            -1.1471419974465522,
            1.0408359768774536
        ],
        "refined_raw_rvec": [
            1.2771357034172985,
            -1.1471419974465522,
            1.0408359768774536
        ],
        "num_inliers": 9,
        "total_matches": 9,
        "inlier_ratio": 1.0,
        "reprojection_errors": [
            1.5578861236572266,
            7.27592134475708,
            2.7062008380889893,
            1.6446367502212524,
            1.4359171390533447,
            0.6873300671577454,
            1.771079659461975,
            0.448373407125473,
            2.4113144874572754
        ],
        "mean_reprojection_error": 2.2154064178466797,
        "std_reprojection_error": 1.9122015237808228,
        "inliers": [
            0,
            1,
            2,
            3,
            4,
            5,
            6,
            7,
            8
        ],
        "mkpts0": [
            [
                591,
                284
            ],
            [
                610,
                269
            ],
            [
                598,
                298
            ],
            [
                519,
                327
            ],
            [
                727,
                126
            ],
            [
                539,
                313
            ],
            [
                727,
                143
            ],
            [
                834,
                225
            ],
            [
                752,
                77
            ]
        ],
        "mkpts1": [
            [
                711,
                365
            ],
            [
                726,
                360
            ],
            [
                713,
                376
            ],
            [
                634,
                364
            ],
            [
                886,
                300
            ],
            [
                654,
                362
            ],
            [
                886,
                314
            ],
            [
                925,
                375
            ],
            [
                921,
                268
            ]
        ],
        "mpts3D": [
            [
                -0.010999999940395355,
                -0.02500000037252903,
                0.014000000432133675
            ],
            [
                -0.010999999940395355,
                -0.04899999871850014,
                0.01600000075995922
            ],
            [
                -0.014999999664723873,
                -0.02500000037252903,
                -0.0
            ],
            [
                -0.009999999776482582,
                0.05700000002980232,
                0.017999999225139618
            ],
            [
                -0.0020000000949949026,
                -0.20600000023841858,
                0.07000000029802322
            ],
            [
                -0.009999999776482582,
                0.03500000014901161,
                0.017999999225139618
            ],
            [
                -0.0020000000949949026,
                -0.20600000023841858,
                0.054999999701976776
            ],
            [
                -0.11299999803304672,
                -0.23000000417232513,
                0.0
            ],
            [
                0.0,
                -0.24300000071525574,
                0.10400000214576721
            ]
        ],
        "mconf": [
            0.46897363662719727,
            0.10726405680179596,
            0.3898380696773529,
            0.4395798444747925,
            0.9972671866416931,
            0.343400239944458,
            0.977317214012146,
            0.32507333159446716,
            0.3337605893611908
        ],
        "kf_translation_vector": [
            0.0628067412713235,
            0.016150905635348937,
            1.1382948754870255
        ],
        "kf_rotation_matrix": [
            [
                0.15436718161296803,
                -0.9868449232393933,
                -0.048040303053838516
            ],
            [
                -0.04613706200182592,
                0.04137015342659361,
                -0.998078094096499
            ],
            [
                0.9869357348635769,
                0.15628694085590072,
                -0.03914393142232371
            ]
        ],
        "kf_euler_angles": [
            1.8162097158372623,
            -1.4089766092602907,
            -0.2904277583319218
        ]
    },
    {
        "frame": 3,
        "object_rotation_in_cam": [
            [
                0.14943788276685938,
                -0.9875531756062839,
                -0.04906164025083787
            ],
            [
                -0.05087027175943043,
                0.041874286414510076,
                -0.9978270188707046
            ],
            [
                0.9874616623673449,
                0.15160893604012854,
                -0.04397949371582277
            ]
        ],
        "object_translation_in_cam": [
            0.06544297704086706,
            0.015680580778476266,
            1.1463843309474189
        ],
        "raw_rvec": [
            1.2778407043472355,
            -1.152314456000021,
            1.0413207769323072
        ],
        "refined_raw_rvec": [
            1.2778407043472355,
            -1.152314456000021,
            1.0413207769323072
        ],
        "num_inliers": 9,
        "total_matches": 9,
        "inlier_ratio": 1.0,
        "reprojection_errors": [
            1.8232245445251465,
            1.3242766857147217,
            1.3434396982192993,
            1.1735012531280518,
            0.1340944617986679,
            1.624520182609558,
            1.8878076076507568,
            0.20380932092666626,
            2.2076005935668945
        ],
        "mean_reprojection_error": 1.302474856376648,
        "std_reprojection_error": 0.6772269010543823,
        "inliers": [
            0,
            1,
            2,
            3,
            4,
            5,
            6,
            7,
            8
        ],
        "mkpts0": [
            [
                591,
                284
            ],
            [
                598,
                298
            ],
            [
                519,
                327
            ],
            [
                727,
                126
            ],
            [
                539,
                313
            ],
            [
                727,
                143
            ],
            [
                575,
                312
            ],
            [
                834,
                225
            ],
            [
                752,
                77
            ]
        ],
        "mkpts1": [
            [
                711,
                365
            ],
            [
                713,
                376
            ],
            [
                634,
                364
            ],
            [
                886,
                300
            ],
            [
                655,
                362
            ],
            [
                886,
                314
            ],
            [
                688,
                376
            ],
            [
                925,
                375
            ],
            [
                921,
                268
            ]
        ],
        "mpts3D": [
            [
                -0.010999999940395355,
                -0.02500000037252903,
                0.014000000432133675
            ],
            [
                -0.014999999664723873,
                -0.02500000037252903,
                -0.0
            ],
            [
                -0.009999999776482582,
                0.05700000002980232,
                0.017999999225139618
            ],
            [
                -0.0020000000949949026,
                -0.20600000023841858,
                0.07000000029802322
            ],
            [
                -0.009999999776482582,
                0.03500000014901161,
                0.017999999225139618
            ],
            [
                -0.0020000000949949026,
                -0.20600000023841858,
                0.054999999701976776
            ],
            [
                -0.014999999664723873,
                -0.0,
                0.0
            ],
            [
                -0.11299999803304672,
                -0.23000000417232513,
                0.0
            ],
            [
                0.0,
                -0.24300000071525574,
                0.10400000214576721
            ]
        ],
        "mconf": [
            0.35673099756240845,
            0.35595405101776123,
            0.41640475392341614,
            0.998028039932251,
            0.30900636315345764,
            0.9863907694816589,
            0.117951899766922,
            0.20760832726955414,
            0.21036970615386963
        ],
        "kf_translation_vector": [
            0.06504996993436608,
            0.015763450156505265,
            1.1452880176870484
        ],
        "kf_rotation_matrix": [
            [
                0.15037431211248534,
                -0.9874188546479651,
                -0.048903698657646225
            ],
            [
                -0.050199595503895925,
                0.04177615629541342,
                -0.9978650977844783
            ],
            [
                0.9873538205060748,
                0.15250822355165708,
                -0.04328596633062158
            ]
        ],
        "kf_euler_angles": [
            1.847350357820743,
            -1.4115925325124437,
            -0.32219831879968247
        ]
    },
    {
        "frame": 4,
        "object_rotation_in_cam": [
            [
                0.15794782782933797,
                -0.9857081849736955,
                -0.05858206005131894
            ],
            [
                -0.06314994381763483,
                0.04912191563356055,
                -0.9967944231386523
            ],
            [
                0.985426084635384,
                0.16114096772811054,
                -0.054488716628534994
            ]
        ],
        "object_translation_in_cam": [
            0.06545507835549798,
            0.01600989991393169,
            1.143675304346953
        ],
        "raw_rvec": [
            1.2836854964610471,
            -1.1573859164269502,
            1.0227467293543635
        ],
        "refined_raw_rvec": [
            1.2836854964610471,
            -1.1573859164269502,
            1.0227467293543635
        ],
        "num_inliers": 7,
        "total_matches": 7,
        "inlier_ratio": 1.0,
        "reprojection_errors": [
            1.552066683769226,
            1.555936336517334,
            0.5446504950523376,
            0.5068415999412537,
            0.56422358751297,
            0.44359442591667175,
            0.06495451927185059
        ],
        "mean_reprojection_error": 0.7474669218063354,
        "std_reprojection_error": 0.5334227085113525,
        "inliers": [
            0,
            1,
            2,
            3,
            4,
            5,
            6
        ],
        "mkpts0": [
            [
                591,
                284
            ],
            [
                598,
                298
            ],
            [
                519,
                327
            ],
            [
                727,
                126
            ],
            [
                539,
                313
            ],
            [
                727,
                143
            ],
            [
                834,
                225
            ]
        ],
        "mkpts1": [
            [
                711,
                365
            ],
            [
                713,
                376
            ],
            [
                634,
                364
            ],
            [
                886,
                300
            ],
            [
                655,
                362
            ],
            [
                886,
                314
            ],
            [
                925,
                375
            ]
        ],
        "mpts3D": [
            [
                -0.010999999940395355,
                -0.02500000037252903,
                0.014000000432133675
            ],
            [
                -0.014999999664723873,
                -0.02500000037252903,
                -0.0
            ],
            [
                -0.009999999776482582,
                0.05700000002980232,
                0.017999999225139618
            ],
            [
                -0.0020000000949949026,
                -0.20600000023841858,
                0.07000000029802322
            ],
            [
                -0.009999999776482582,
                0.03500000014901161,
                0.017999999225139618
            ],
            [
                -0.0020000000949949026,
                -0.20600000023841858,
                0.054999999701976776
            ],
            [
                -0.11299999803304672,
                -0.23000000417232513,
                0.0
            ]
        ],
        "mconf": [
            0.30543872714042664,
            0.3229338526725769,
            0.5270018577575684,
            0.9976955056190491,
            0.436057984828949,
            0.9866318106651306,
            0.2938072085380554
        ],
        "kf_translation_vector": [
            0.06564094143380887,
            0.015980152485476642,
            1.1443959529402137
        ],
        "kf_rotation_matrix": [
            [
                0.15755698680979766,
                -0.9857791350957109,
                -0.05844050579323806
            ],
            [
                -0.06322377256048699,
                0.04898859326479226,
                -0.9967963043235848
            ],
            [
                0.9854839169111981,
                0.1607470514189576,
                -0.054606180689313395
            ]
        ],
        "kf_euler_angles": [
            1.8982681671807238,
            -1.4002012558408072,
            -0.38160553821312193
        ]
    },
    {
        "frame": 5,
        "object_rotation_in_cam": [
            [
                0.15079207127797134,
                -0.9872548561035204,
                -0.05088811589867093
            ],
            [
                -0.05088823429087652,
                0.04365646902895409,
                -0.9977497182774249
            ],
            [
                0.9872548500009792,
                0.1530423530005382,
                -0.0436566070326429
            ]
        ],
        "object_translation_in_cam": [
            0.06549860485893398,
            0.01612486276656809,
            1.1459747211909297
        ],
        "raw_rvec": [
            1.2769845943110212,
            -1.1519827145437433,
            1.0390458715569164
        ],
        "refined_raw_rvec": [
            1.2769845943110212,
            -1.1519827145437433,
            1.0390458715569164
        ],
        "num_inliers": 8,
        "total_matches": 8,
        "inlier_ratio": 1.0,
        "reprojection_errors": [
            1.4970370531082153,
            1.583888053894043,
            0.8894689083099365,
            1.1977026462554932,
            0.348766952753067,
            1.674078345298767,
            0.2072751820087433,
            2.251772403717041
        ],
        "mean_reprojection_error": 1.2062486410140991,
        "std_reprojection_error": 0.6493072509765625,
        "inliers": [
            0,
            1,
            2,
            3,
            4,
            5,
            6,
            7
        ],
        "mkpts0": [
            [
                591,
                284
            ],
            [
                598,
                298
            ],
            [
                519,
                327
            ],
            [
                727,
                126
            ],
            [
                539,
                313
            ],
            [
                727,
                143
            ],
            [
                834,
                225
            ],
            [
                752,
                77
            ]
        ],
        "mkpts1": [
            [
                711,
                365
            ],
            [
                713,
                376
            ],
            [
                634,
                364
            ],
            [
                886,
                300
            ],
            [
                655,
                362
            ],
            [
                886,
                314
            ],
            [
                925,
                375
            ],
            [
                921,
                268
            ]
        ],
        "mpts3D": [
            [
                -0.010999999940395355,
                -0.02500000037252903,
                0.014000000432133675
            ],
            [
                -0.014999999664723873,
                -0.02500000037252903,
                -0.0
            ],
            [
                -0.009999999776482582,
                0.05700000002980232,
                0.017999999225139618
            ],
            [
                -0.0020000000949949026,
                -0.20600000023841858,
                0.07000000029802322
            ],
            [
                -0.009999999776482582,
                0.03500000014901161,
                0.017999999225139618
            ],
            [
                -0.0020000000949949026,
                -0.20600000023841858,
                0.054999999701976776
            ],
            [
                -0.11299999803304672,
                -0.23000000417232513,
                0.0
            ],
            [
                0.0,
                -0.24300000071525574,
                0.10400000214576721
            ]
        ],
        "mconf": [
            0.4123162031173706,
            0.4672316908836365,
            0.40444767475128174,
            0.9963354468345642,
            0.30690670013427734,
            0.9481669664382935,
            0.36403581500053406,
            0.3109852373600006
        ],
        "kf_translation_vector": [
            0.06582023377103804,
            0.01615518569071521,
            1.1461816459504857
        ],
        "kf_rotation_matrix": [
            [
                0.15288851659908256,
                -0.9867758985011067,
                -0.053837046998007405
            ],
            [
                -0.055113003035126354,
                0.04587900812816306,
                -0.9974255227883565
            ],
            [
                0.9867054567542344,
                0.15546202993177966,
                -0.047369809593328926
            ]
        ],
        "kf_euler_angles": [
            1.8665625647582607,
            -1.4075535284412142,
            -0.3459790009186512
        ]
    },
    {
        "frame": 6,
        "object_rotation_in_cam": [
            [
                0.14937180340569028,
                -0.9870595950769709,
                -0.05832169505268886
            ],
            [
                -0.06365654517227443,
                0.04926142935275074,
                -0.9967553139235601
            ],
            [
                0.9867299066127786,
                0.15259969641061194,
                -0.05547453516098155
            ]
        ],
        "object_translation_in_cam": [
            0.06534258859667894,
            0.01599652005032288,
            1.1428377584099174
        ],
        "raw_rvec": [
            1.2806139892938901,
            -1.1643988920687562,
            1.0288577966182815
        ],
        "refined_raw_rvec": [
            1.2806139892938901,
            -1.1643988920687562,
            1.0288577966182815
        ],
        "num_inliers": 7,
        "total_matches": 8,
        "inlier_ratio": 0.875,
        "reprojection_errors": [
            1.5912524461746216,
            1.5026822090148926,
            0.4933374226093292,
            0.5012900829315186,
            0.5707639455795288,
            0.4368925988674164,
            0.04121152311563492
        ],
        "mean_reprojection_error": 0.7339186072349548,
        "std_reprojection_error": 0.538874626159668,
        "inliers": [
            0,
            2,
            3,
            4,
            5,
            6,
            7
        ],
        "mkpts0": [
            [
                591,
                284
            ],
            [
                610,
                269
            ],
            [
                598,
                298
            ],
            [
                519,
                327
            ],
            [
                727,
                126
            ],
            [
                539,
                313
            ],
            [
                727,
                143
            ],
            [
                834,
                225
            ]
        ],
        "mkpts1": [
            [
                711,
                365
            ],
            [
                726,
                361
            ],
            [
                713,
                376
            ],
            [
                634,
                364
            ],
            [
                886,
                300
            ],
            [
                655,
                362
            ],
            [
                886,
                314
            ],
            [
                926,
                375
            ]
        ],
        "mpts3D": [
            [
                -0.010999999940395355,
                -0.02500000037252903,
                0.014000000432133675
            ],
            [
                -0.010999999940395355,
                -0.04899999871850014,
                0.01600000075995922
            ],
            [
                -0.014999999664723873,
                -0.02500000037252903,
                -0.0
            ],
            [
                -0.009999999776482582,
                0.05700000002980232,
                0.017999999225139618
            ],
            [
                -0.0020000000949949026,
                -0.20600000023841858,
                0.07000000029802322
            ],
            [
                -0.009999999776482582,
                0.03500000014901161,
                0.017999999225139618
            ],
            [
                -0.0020000000949949026,
                -0.20600000023841858,
                0.054999999701976776
            ],
            [
                -0.11299999803304672,
                -0.23000000417232513,
                0.0
            ]
        ],
        "mconf": [
            0.3788805902004242,
            0.16037510335445404,
            0.3329488933086395,
            0.37735965847969055,
            0.9964147806167603,
            0.1997607797384262,
            0.957427442073822,
            0.34232214093208313
        ],
        "kf_translation_vector": [
            0.06562239886595024,
            0.016071302188641674,
            1.143703028631923
        ],
        "kf_rotation_matrix": [
            [
                0.14906619041796532,
                -0.9871028999035965,
                -0.058370676509573165
            ],
            [
                -0.06322606303432277,
                0.04939467611083489,
                -0.9967761187574096
            ],
            [
                0.9868037980406514,
                0.15227616679512276,
                -0.055047553975896155
            ]
        ],
        "kf_euler_angles": [
            1.917677547679141,
            -1.4081597514607158,
            -0.4011484134690217
        ]
    },
    {
        "frame": 7,
        "object_rotation_in_cam": [
            [
                0.14857310292383957,
                -0.987210192849489,
                -0.05781062377847862
            ],
            [
                -0.06440103815160153,
                0.048676241380120944,
                -0.9967362388365841
            ],
            [
                0.9868021784393153,
                0.15181125998811423,
                -0.05634538107283554
            ]
        ],
        "object_translation_in_cam": [
            0.06534896871185464,
            0.01577547768253903,
            1.143108614897969
        ],
        "raw_rvec": [
            1.281266629605725,
            -1.165321874550412,
            1.0294433418025608
        ],
        "refined_raw_rvec": [
            1.281266629605725,
            -1.165321874550412,
            1.0294433418025608
        ],
        "num_inliers": 7,
        "total_matches": 7,
        "inlier_ratio": 1.0,
        "reprojection_errors": [
            0.9636497497558594,
            1.34434175491333,
            0.7088302969932556,
            0.5628716349601746,
            0.35592082142829895,
            0.3609170913696289,
            0.05306480452418327
        ],
        "mean_reprojection_error": 0.6213709115982056,
        "std_reprojection_error": 0.3986019790172577,
        "inliers": [
            0,
            1,
            2,
            3,
            4,
            5,
            6
        ],
        "mkpts0": [
            [
                591,
                284
            ],
            [
                598,
                298
            ],
            [
                519,
                327
            ],
            [
                727,
                126
            ],
            [
                539,
                313
            ],
            [
                727,
                143
            ],
            [
                834,
                225
            ]
        ],
        "mkpts1": [
            [
                711,
                364
            ],
            [
                713,
                376
            ],
            [
                634,
                364
            ],
            [
                886,
                300
            ],
            [
                655,
                362
            ],
            [
                886,
                314
            ],
            [
                926,
                375
            ]
        ],
        "mpts3D": [
            [
                -0.010999999940395355,
                -0.02500000037252903,
                0.014000000432133675
            ],
            [
                -0.014999999664723873,
                -0.02500000037252903,
                -0.0
            ],
            [
                -0.009999999776482582,
                0.05700000002980232,
                0.017999999225139618
            ],
            [
                -0.0020000000949949026,
                -0.20600000023841858,
                0.07000000029802322
            ],
            [
                -0.009999999776482582,
                0.03500000014901161,
                0.017999999225139618
            ],
            [
                -0.0020000000949949026,
                -0.20600000023841858,
                0.054999999701976776
            ],
            [
                -0.11299999803304672,
                -0.23000000417232513,
                0.0
            ]
        ],
        "mconf": [
            0.16930438578128815,
            0.1395379900932312,
            0.34475600719451904,
            0.9972177147865295,
            0.30963215231895447,
            0.9772045612335205,
            0.3245927691459656
        ],
        "kf_translation_vector": [
            0.06546673056899084,
            0.015806873569403416,
            1.1428785434013051
        ],
        "kf_rotation_matrix": [
            [
                0.14685528960800281,
                -0.987387512177831,
                -0.05915593553839902
            ],
            [
                -0.06637182487363948,
                0.049833301673164486,
                -0.9965497593734567
            ],
            [
                0.9869287232506168,
                0.15027489091536542,
                -0.05821642709135002
            ]
        ],
        "kf_euler_angles": [
            1.9403932880991515,
            -1.4089330955961676,
            -0.42447762497131053
        ]
    },
    {
        "frame": 8,
        "object_rotation_in_cam": [
            [
                0.15715243418472546,
                -0.9858651618001597,
                -0.0580774928742675
            ],
            [
                -0.0638934068628561,
                0.048535272188517053,
                -0.9967757821662022
            ],
            [
                0.9855053246884429,
                0.16035650938559248,
                -0.05536284772656935
            ]
        ],
        "object_translation_in_cam": [
            0.06546199802423998,
            0.015788605684669107,
            1.1439539478503273
        ],
        "raw_rvec": [
            1.2843403287124096,
            -1.158307920998089,
            1.0233276829667757
        ],
        "refined_raw_rvec": [
            1.2843403287124096,
            -1.158307920998089,
            1.0233276829667757
        ],
        "num_inliers": 7,
        "total_matches": 8,
        "inlier_ratio": 0.875,
        "reprojection_errors": [
            0.9057218432426453,
            1.4034322500228882,
            0.7476188540458679,
            0.5690502524375916,
            0.3451804518699646,
            0.36822232604026794,
            0.07657120376825333
        ],
        "mean_reprojection_error": 0.6308282017707825,
        "std_reprojection_error": 0.4049157500267029,
        "inliers": [
            0,
            2,
            3,
            4,
            5,
            6,
            7
        ],
        "mkpts0": [
            [
                591,
                284
            ],
            [
                610,
                269
            ],
            [
                598,
                298
            ],
            [
                519,
                327
            ],
            [
                727,
                126
            ],
            [
                539,
                313
            ],
            [
                727,
                143
            ],
            [
                834,
                225
            ]
        ],
        "mkpts1": [
            [
                711,
                364
            ],
            [
                726,
                361
            ],
            [
                713,
                376
            ],
            [
                634,
                364
            ],
            [
                886,
                300
            ],
            [
                655,
                362
            ],
            [
                886,
                314
            ],
            [
                925,
                375
            ]
        ],
        "mpts3D": [
            [
                -0.010999999940395355,
                -0.02500000037252903,
                0.014000000432133675
            ],
            [
                -0.010999999940395355,
                -0.04899999871850014,
                0.01600000075995922
            ],
            [
                -0.014999999664723873,
                -0.02500000037252903,
                -0.0
            ],
            [
                -0.009999999776482582,
                0.05700000002980232,
                0.017999999225139618
            ],
            [
                -0.0020000000949949026,
                -0.20600000023841858,
                0.07000000029802322
            ],
            [
                -0.009999999776482582,
                0.03500000014901161,
                0.017999999225139618
            ],
            [
                -0.0020000000949949026,
                -0.20600000023841858,
                0.054999999701976776
            ],
            [
                -0.11299999803304672,
                -0.23000000417232513,
                0.0
            ]
        ],
        "mconf": [
            0.2100573629140854,
            0.19378161430358887,
            0.2105337381362915,
            0.4306454062461853,
            0.99796462059021,
            0.3123689591884613,
            0.9787760972976685,
            0.3779137134552002
        ],
        "kf_translation_vector": [
            0.06546542787155817,
            0.015711276103428977,
            1.1433740316685952
        ],
        "kf_rotation_matrix": [
            [
                0.1540002889453773,
                -0.9862963789017632,
                -0.05918922173850133
            ],
            [
                -0.06647109847215806,
                0.04942656654985342,
                -0.9965633986791795
            ],
            [
                0.9858323914706013,
                0.1574054239356512,
                -0.05794849819445668
            ]
        ],
        "kf_euler_angles": [
            1.923546308411591,
            -1.4022662759543931,
            -0.4074726345829136
        ]
    },
    {
        "frame": 9,
        "object_rotation_in_cam": [
            [
                0.14857310292383957,
                -0.987210192849489,
                -0.05781062377847862
            ],
            [
                -0.06440103815160153,
                0.048676241380120944,
                -0.9967362388365841
            ],
            [
