[
    {
        "frame": 1,
        "object_rotation_in_cam": [
            [
                -0.6398317204221299,
                -0.7683096860918295,
                0.017765016159065783
            ],
            [
                -0.16920010700637894,
                0.11828208004856045,
                -0.9784583145583747
            ],
            [
                0.749657717448895,
                -0.6290545094003064,
                -0.20567870787335363
            ]
        ],
        "object_translation_in_cam": [
            0.09293416450484268,
            0.0032587920288173903,
            1.2222652678577823
        ],
        "raw_rvec": [
            0.9055370606082553,
            -1.8968195412376823,
            1.5526903806381178
        ],
        "refined_raw_rvec": [
            0.9055370606082553,
            -1.8968195412376823,
            1.5526903806381178
        ],
        "num_inliers": 10,
        "total_matches": 14,
        "inlier_ratio": 0.7142857142857143,
        "reprojection_errors": [
            2.2846012115478516,
            3.8176498413085938,
            3.768618106842041,
            1.0927557945251465,
            5.773791790008545,
            3.891059637069702,
            4.7739739418029785,
            6.678979396820068,
            1.1449129581451416,
            3.442767381668091
        ],
        "mean_reprojection_error": 3.6669108867645264,
        "std_reprojection_error": 1.725345492362976,
        "inliers": [
            0,
            1,
            2,
            5,
            6,
            7,
            9,
            10,
            11,
            12
        ],
        "mkpts0": [
            [
                591,
                284
            ],
            [
                610,
                269
            ],
            [
                519,
                327
            ],
            [
                387,
                289
            ],
            [
                727,
                126
            ],
            [
                539,
                313
            ],
            [
                611,
                353
            ],
            [
                516,
                389
            ],
            [
                727,
                143
            ],
            [
                496,
                378
            ],
            [
                617,
                368
            ],
            [
                834,
                225
            ],
            [
                357,
                195
            ],
            [
                752,
                77
            ]
        ],
        "mkpts1": [
            [
                735,
                353
            ],
            [
                750,
                351
            ],
            [
                683,
                356
            ],
            [
                594,
                347
            ],
            [
                846,
                290
            ],
            [
                693,
                354
            ],
            [
                740,
                375
            ],
            [
                677,
                386
            ],
            [
                844,
                303
            ],
            [
                661,
                382
            ],
            [
                745,
                380
            ],
            [
                916,
                359
            ],
            [
                579,
                312
            ],
            [
                865,
                262
            ]
        ],
        "mpts3D": [
            [
                -0.010999999940395355,
                -0.02500000037252903,
                0.014000000432133675
            ],
            [
                -0.010999999940395355,
                -0.04899999871850014,
                0.01600000075995922
            ],
            [
                -0.009999999776482582,
                0.05700000002980232,
                0.017999999225139618
            ],
            [
                0.12800000607967377,
                0.07400000095367432,
                0.0
            ],
            [
                -0.0020000000949949026,
                -0.20600000023841858,
                0.07000000029802322
            ],
            [
                -0.009999999776482582,
                0.03500000014901161,
                0.017999999225139618
            ],
            [
                -0.07500000298023224,
                0.023000000044703484,
                0.0
            ],
            [
                -0.041999999433755875,
                0.09000000357627869,
                0.0
            ],
            [
                -0.0020000000949949026,
                -0.20600000023841858,
                0.054999999701976776
            ],
            [
                -0.014999999664723873,
                0.09000000357627869,
                0.0
            ],
            [
                -0.09700000286102295,
                0.03700000047683716,
                0.0
            ],
            [
                -0.11299999803304672,
                -0.23000000417232513,
                0.0
            ],
            [
                0.23999999463558197,
                0.0,
                0.02500000037252903
            ],
            [
                0.0,
                -0.24300000071525574,
                0.10400000214576721
            ]
        ],
        "mconf": [
            0.6028884649276733,
            0.38709065318107605,
            0.4559851586818695,
            0.7066417336463928,
            0.9072277545928955,
            0.3916429281234741,
            0.13893438875675201,
            0.4304439425468445,
            0.9086376428604126,
            0.28805992007255554,
            0.2694040834903717,
            0.32846012711524963,
            0.36288055777549744,
            0.5345107316970825
        ],
        "kf_translation_vector": [
            0.09302810258350283,
            0.003262086023696143,
            1.2235007365520707
        ],
        "kf_rotation_matrix": [
            [
                -0.6397004875780863,
                -0.7685095936610009,
                0.01327744867668075
            ],
            [
                -0.16717234507635778,
                0.12225045722888418,
                -0.9783190853443471
            ],
            [
                0.750224428577229,
                -0.628050818133638,
                -0.20667722808194952
            ]
        ],
        "kf_euler_angles": [
            -1.8887115163914372,
            -0.8484014483998379,
            -2.885980067730376
        ]
    },
    {
        "frame": 2,
        "object_rotation_in_cam": [
            [
                -0.5669872575706965,
                -0.8231814325687004,
                -0.029962957574359406
            ],
            [
                -0.12513079731652216,
                0.12202573759296875,
                -0.9846075375132081
            ],
            [
                0.8141668952465411,
                -0.5545106387068098,
                -0.17219238730435704
            ]
        ],
        "object_translation_in_cam": [
            0.09968991119670989,
            0.005195132607317288,
            1.2391502787949586
        ],
        "raw_rvec": [
            0.918292947566548,
            -1.8022880258542555,
            1.4903966459078501
        ],
        "refined_raw_rvec": [
            0.918292947566548,
            -1.8022880258542555,
            1.4903966459078501
        ],
        "num_inliers": 11,
        "total_matches": 14,
        "inlier_ratio": 0.7857142857142857,
        "reprojection_errors": [
            2.491497039794922,
            3.7869479656219482,
            3.2566347122192383,
            3.565247058868408,
            2.246938705444336,
            3.416048765182495,
            4.1914896965026855,
            0.4587724804878235,
            3.6674134731292725,
            2.9207141399383545,
            1.6878151893615723
        ],
        "mean_reprojection_error": 2.8808653354644775,
        "std_reprojection_error": 1.0400325059890747,
        "inliers": [
            0,
            1,
            2,
            3,
            5,
            6,
            7,
            8,
            9,
            10,
            13
        ],
        "mkpts0": [
            [
                591,
                284
            ],
            [
                610,
                269
            ],
            [
                598,
                298
            ],
            [
                519,
                327
            ],
            [
                387,
                289
            ],
            [
                727,
                126
            ],
            [
                539,
                313
            ],
            [
                516,
                389
            ],
            [
                727,
                143
            ],
            [
                496,
                378
            ],
            [
                617,
                368
            ],
            [
                834,
                225
            ],
            [
                357,
                195
            ],
            [
                752,
                77
            ]
        ],
        "mkpts1": [
            [
                735,
                353
            ],
            [
                750,
                351
            ],
            [
                738,
                363
            ],
            [
                683,
                356
            ],
            [
                594,
                347
            ],
            [
                846,
                290
            ],
            [
                693,
                354
            ],
            [
                676,
                386
            ],
            [
                844,
                303
            ],
            [
                661,
                382
            ],
            [
                746,
                380
            ],
            [
                916,
                359
            ],
            [
                579,
                312
            ],
            [
                865,
                262
            ]
        ],
        "mpts3D": [
            [
                -0.010999999940395355,
                -0.02500000037252903,
                0.014000000432133675
            ],
            [
                -0.010999999940395355,
                -0.04899999871850014,
                0.01600000075995922
            ],
            [
                -0.014999999664723873,
                -0.02500000037252903,
                -0.0
            ],
            [
                -0.009999999776482582,
                0.05700000002980232,
                0.017999999225139618
            ],
            [
                0.12800000607967377,
                0.07400000095367432,
                0.0
            ],
            [
                -0.0020000000949949026,
                -0.20600000023841858,
                0.07000000029802322
            ],
            [
                -0.009999999776482582,
                0.03500000014901161,
                0.017999999225139618
            ],
            [
                -0.041999999433755875,
                0.09000000357627869,
                0.0
            ],
            [
                -0.0020000000949949026,
                -0.20600000023841858,
                0.054999999701976776
            ],
            [
                -0.014999999664723873,
                0.09000000357627869,
                0.0
            ],
            [
                -0.09700000286102295,
                0.03700000047683716,
                0.0
            ],
            [
                -0.11299999803304672,
                -0.23000000417232513,
                0.0
            ],
            [
                0.23999999463558197,
                0.0,
                0.02500000037252903
            ],
            [
                0.0,
                -0.24300000071525574,
                0.10400000214576721
            ]
        ],
        "mconf": [
            0.6355888843536377,
            0.39661335945129395,
            0.1252250373363495,
            0.6312671303749084,
            0.8867242932319641,
            0.9456200003623962,
            0.3424070179462433,
            0.5100395083427429,
            0.844770610332489,
            0.2514441907405853,
            0.33509308099746704,
            0.35107332468032837,
            0.37518543004989624,
            0.381488561630249
        ],
        "kf_translation_vector": [
            0.10278844005117634,
            0.006079898927563884,
            1.247035952772875
        ],
        "kf_rotation_matrix": [
            [
                -0.5307473085989267,
                -0.8459849815125136,
                -0.0511537434628944
            ],
            [
                -0.10644612656097029,
                0.1264163698655585,
                -0.9862495239898371
            ],
            [
                0.8408189558728808,
                -0.5180041626138601,
                -0.15714697247975276
            ]
        ],
        "kf_euler_angles": [
            -1.865342077364849,
            -0.9987943462311842,
            -2.9436596930528163
        ]
    },
    {
        "frame": 3,
        "object_rotation_in_cam": [
            [
                -0.6313852409775765,
                -0.7746953084505015,
                0.03463894542953011
            ],
            [
                -0.18093568571483898,
                0.1037348809674149,
                -0.9780088711793864
            ],
            [
                0.7540656172446722,
                -0.6237677881515356,
                -0.2056666996719515
            ]
        ],
        "object_translation_in_cam": [
            0.09078927425017462,
            0.0051144459990985205,
            1.1578723699391125
        ],
        "raw_rvec": [
            0.9298924791119414,
            -1.888514583557884,
            1.5586351612944536
        ],
        "refined_raw_rvec": [
            0.9298924791119414,
            -1.888514583557884,
            1.5586351612944536
        ],
        "num_inliers": 11,
        "total_matches": 13,
        "inlier_ratio": 0.8461538461538461,
        "reprojection_errors": [
            2.160090684890747,
            3.1247012615203857,
            4.136706352233887,
            3.3300883769989014,
            2.5081748962402344,
            3.0504751205444336,
            1.5595412254333496,
            1.0370112657546997,
            3.930983066558838,
            1.0060429573059082,
            2.279878616333008
        ],
        "mean_reprojection_error": 2.556699514389038,
        "std_reprojection_error": 1.0222188234329224,
        "inliers": [
            0,
            1,
            2,
            3,
            5,
            6,
            7,
            8,
            9,
            11,
            12
        ],
        "mkpts0": [
            [
                591,
                284
            ],
            [
                610,
                269
            ],
            [
                598,
                298
            ],
            [
                519,
                327
            ],
            [
                387,
                289
            ],
            [
                727,
                126
            ],
            [
                539,
                313
            ],
            [
                516,
                389
            ],
            [
                727,
                143
            ],
            [
                496,
                378
            ],
            [
                834,
                225
            ],
            [
                357,
                195
            ],
            [
                752,
                77
            ]
        ],
        "mkpts1": [
            [
                735,
                353
            ],
            [
                750,
                351
            ],
            [
                738,
                363
            ],
            [
                683,
                356
            ],
            [
                594,
                347
            ],
            [
                846,
                290
            ],
            [
                693,
                354
            ],
            [
                676,
                386
            ],
            [
                843,
                302
            ],
            [
                661,
                382
            ],
            [
                916,
                359
            ],
            [
                579,
                312
            ],
            [
                865,
                262
            ]
        ],
        "mpts3D": [
            [
                -0.010999999940395355,
                -0.02500000037252903,
                0.014000000432133675
            ],
            [
                -0.010999999940395355,
                -0.04899999871850014,
                0.01600000075995922
            ],
            [
                -0.014999999664723873,
                -0.02500000037252903,
                -0.0
            ],
            [
                -0.009999999776482582,
                0.05700000002980232,
                0.017999999225139618
            ],
            [
                0.12800000607967377,
                0.07400000095367432,
                0.0
            ],
            [
                -0.0020000000949949026,
                -0.20600000023841858,
                0.07000000029802322
            ],
            [
                -0.009999999776482582,
                0.03500000014901161,
                0.017999999225139618
            ],
            [
                -0.041999999433755875,
                0.09000000357627869,
                0.0
            ],
            [
                -0.0020000000949949026,
                -0.20600000023841858,
                0.054999999701976776
            ],
            [
                -0.014999999664723873,
                0.09000000357627869,
                0.0
            ],
            [
                -0.11299999803304672,
                -0.23000000417232513,
                0.0
            ],
            [
                0.23999999463558197,
                0.0,
                0.02500000037252903
            ],
            [
                0.0,
                -0.24300000071525574,
                0.10400000214576721
            ]
        ],
        "mconf": [
            0.6425501704216003,
            0.33427080512046814,
            0.1468319594860077,
            0.4554630219936371,
            0.789835512638092,
            0.9015613198280334,
            0.3054161071777344,
            0.44374415278434753,
            0.49971169233322144,
            0.3900001645088196,
            0.27086880803108215,
            0.3337467610836029,
            0.36522558331489563
        ],
        "kf_translation_vector": [
            0.09234352059272644,
            0.0058335686287628395,
            1.1552473186752306
        ],
        "kf_rotation_matrix": [
            [
                -0.612184195108301,
                -0.7903720307455483,
                0.02329300913922206
            ],
            [
                -0.16959714907742499,
                0.10247523154279772,
                -0.9801712268502171
            ],
            [
                0.7723129665390912,
                -0.6039957615210625,
                -0.19677856026554427
            ]
        ],
        "kf_euler_angles": [
            -1.8857467505523813,
            -0.8824742141508284,
            -2.871334442620915
        ]
    },
    {
        "frame": 4,
        "object_rotation_in_cam": [
            [
                -0.5673748804489426,
                -0.8226517247016811,
                -0.036467586716119826
            ],
            [
                -0.11316543162120724,
                0.12176165864904342,
                -0.9860870567901293
            ],
            [
                0.815646571819887,
                -0.5553541557676357,
                -0.16218024401906228
            ]
        ],
        "object_translation_in_cam": [
            0.09947900227694305,
            0.005866817487319923,
            1.2329993707969995
        ],
        "raw_rvec": [
            0.9069235774302106,
            -1.794156933923308,
            1.4938488458411032
        ],
        "refined_raw_rvec": [
            0.9069235774302106,
            -1.794156933923308,
            1.4938488458411032
        ],
        "num_inliers": 10,
        "total_matches": 12,
        "inlier_ratio": 0.8333333333333334,
        "reprojection_errors": [
            2.813685178756714,
            3.882596492767334,
            3.861867666244507,
            2.0918142795562744,
            3.7233567237854004,
            3.9195375442504883,
            0.16317565739154816,
            3.2024686336517334,
            2.5193700790405273,
            1.5889676809310913
        ],
        "mean_reprojection_error": 2.776684045791626,
        "std_reprojection_error": 1.1645593643188477,
        "inliers": [
            0,
            1,
            2,
            4,
            5,
            6,
            7,
            8,
            9,
            11
        ],
        "mkpts0": [
            [
                591,
                284
            ],
            [
                610,
                269
            ],
            [
                519,
                327
            ],
            [
                387,
                289
            ],
            [
                727,
                126
            ],
            [
                539,
                313
            ],
            [
                516,
                389
            ],
            [
                727,
                143
            ],
            [
                496,
                378
            ],
            [
                617,
                368
            ],
            [
                834,
                225
            ],
            [
                752,
                77
            ]
        ],
        "mkpts1": [
            [
                735,
                353
            ],
            [
                750,
                351
            ],
            [
                683,
                356
            ],
            [
                594,
                347
            ],
            [
                846,
                290
            ],
            [
                693,
                354
            ],
            [
                676,
                386
            ],
            [
                844,
                303
            ],
            [
                661,
                382
            ],
            [
                746,
                380
            ],
            [
                916,
                359
            ],
            [
                865,
                262
            ]
        ],
        "mpts3D": [
            [
                -0.010999999940395355,
                -0.02500000037252903,
                0.014000000432133675
            ],
            [
                -0.010999999940395355,
                -0.04899999871850014,
                0.01600000075995922
            ],
            [
                -0.009999999776482582,
                0.05700000002980232,
                0.017999999225139618
            ],
            [
                0.12800000607967377,
                0.07400000095367432,
                0.0
            ],
            [
                -0.0020000000949949026,
                -0.20600000023841858,
                0.07000000029802322
            ],
            [
                -0.009999999776482582,
                0.03500000014901161,
                0.017999999225139618
            ],
            [
                -0.041999999433755875,
                0.09000000357627869,
                0.0
            ],
            [
                -0.0020000000949949026,
                -0.20600000023841858,
                0.054999999701976776
            ],
            [
                -0.014999999664723873,
                0.09000000357627869,
                0.0
            ],
            [
                -0.09700000286102295,
                0.03700000047683716,
                0.0
            ],
            [
                -0.11299999803304672,
                -0.23000000417232513,
                0.0
            ],
            [
                0.0,
                -0.24300000071525574,
                0.10400000214576721
            ]
        ],
        "mconf": [
            0.7124179005622864,
            0.47435644268989563,
            0.402605265378952,
            0.6809071898460388,
            0.9324199557304382,
            0.4579986035823822,
            0.39362308382987976,
            0.8273043632507324,
            0.2882321774959564,
            0.28658613562583923,
            0.3511035740375519,
            0.4370993673801422
        ],
        "kf_translation_vector": [
            0.09823813980706948,
            0.006271666097913291,
            1.211473488512628
        ],
        "kf_rotation_matrix": [
            [
                -0.5715329855079693,
                -0.8201278091522278,
                -0.027210717217929156
            ],
            [
                -0.12015938339319365,
                0.11644786933667683,
                -0.9859014232211635
            ],
            [
                0.811733804309587,
                -0.5602055608275547,
                -0.16509985026937535
            ]
        ],
        "kf_euler_angles": [
            -1.857395614031494,
            -0.947114722655444,
            -2.9343701239804703
        ]
    },
    {
        "frame": 5,
        "object_rotation_in_cam": [
            [
                -0.6088814366275012,
                -0.7916553355144877,
                0.05045023173261015
            ],
            [
                -0.241046237055085,
                0.12405345412263402,
                -0.9625525710951208
            ],
            [
                0.755751353112923,
                -0.5982412308355949,
                -0.266359385035141
            ]
        ],
        "object_translation_in_cam": [
            0.09579006174880493,
            0.0032356460605956015,
            1.2259835817473341
        ],
        "raw_rvec": [
            0.9945759415110403,
            -1.925483643594252,
            1.5031718807179968
        ],
        "refined_raw_rvec": [
            0.9945759415110403,
            -1.925483643594252,
            1.5031718807179968
        ],
        "num_inliers": 13,
        "total_matches": 14,
        "inlier_ratio": 0.9285714285714286,
        "reprojection_errors": [
            0.9358041882514954,
            2.7290053367614746,
            2.531689405441284,
            2.95727801322937,
            0.5329564213752747,
            4.273203372955322,
            4.400028228759766,
            3.271489381790161,
            0.8168882131576538,
            2.947779893875122,
            3.478346109390259,
            6.406530380249023,
            2.7409749031066895
        ],
        "mean_reprojection_error": 2.924767017364502,
        "std_reprojection_error": 1.5415302515029907,
        "inliers": [
            0,
            1,
            2,
            3,
            4,
            5,
            6,
            7,
            8,
            9,
            10,
            11,
            13
        ],
        "mkpts0": [
            [
                591,
                284
            ],
            [
                610,
                269
            ],
            [
                598,
                298
            ],
            [
                519,
                327
            ],
            [
                387,
                289
            ],
            [
                727,
                126
            ],
            [
                436,
                260
            ],
            [
                539,
                313
            ],
            [
                516,
                389
            ],
            [
                727,
                143
            ],
            [
                496,
                378
            ],
            [
                834,
                225
            ],
            [
                357,
                195
            ],
            [
                752,
                77
            ]
        ],
        "mkpts1": [
            [
                735,
                353
            ],
            [
                750,
                351
            ],
            [
                738,
                363
            ],
            [
                683,
                356
            ],
            [
                594,
                347
            ],
            [
                846,
                290
            ],
            [
                626,
                341
            ],
            [
                693,
                354
            ],
            [
                676,
                386
            ],
            [
                843,
                303
            ],
            [
                661,
                382
            ],
            [
                916,
                359
            ],
            [
                579,
                312
            ],
            [
                865,
                262
            ]
        ],
        "mpts3D": [
            [
                -0.010999999940395355,
                -0.02500000037252903,
                0.014000000432133675
            ],
            [
                -0.010999999940395355,
                -0.04899999871850014,
                0.01600000075995922
            ],
            [
                -0.014999999664723873,
                -0.02500000037252903,
                -0.0
            ],
            [
                -0.009999999776482582,
                0.05700000002980232,
                0.017999999225139618
            ],
            [
                0.12800000607967377,
                0.07400000095367432,
                0.0
            ],
            [
                -0.0020000000949949026,
                -0.20600000023841858,
                0.07000000029802322
            ],
            [
                0.12800000607967377,
                0.01899999938905239,
                0.0
            ],
            [
                -0.009999999776482582,
                0.03500000014901161,
                0.017999999225139618
            ],
            [
                -0.041999999433755875,
                0.09000000357627869,
                0.0
            ],
            [
                -0.0020000000949949026,
                -0.20600000023841858,
                0.054999999701976776
            ],
            [
                -0.014999999664723873,
                0.09000000357627869,
                0.0
            ],
            [
                -0.11299999803304672,
                -0.23000000417232513,
                0.0
            ],
            [
                0.23999999463558197,
                0.0,
                0.02500000037252903
            ],
            [
                0.0,
                -0.24300000071525574,
                0.10400000214576721
            ]
        ],
        "mconf": [
            0.6710987687110901,
            0.3317309021949768,
            0.14049948751926422,
            0.4734044671058655,
            0.8019276857376099,
            0.8845031261444092,
            0.17532144486904144,
            0.44448012113571167,
            0.5294785499572754,
            0.6716529726982117,
            0.36655905842781067,
            0.3370203375816345,
            0.3878425061702728,
            0.2585930824279785
        ],
        "kf_translation_vector": [
            0.09669270214000318,
            0.003640609489775628,
            1.2292966358059112
        ],
        "kf_rotation_matrix": [
            [
                -0.6022343050624677,
                -0.7973791121650108,
                0.0387349104667315
            ],
            [
                -0.22608054320316198,
                0.12381499117898505,
                -0.9662077602380924
            ],
            [
                0.7656379234278367,
                -0.5906406686321954,
                -0.2548375379861123
            ]
        ],
        "kf_euler_angles": [
            -1.9781254968225335,
            -0.8720324317392775,
            -2.7824687465366678
        ]
    },
    {
        "frame": 6,
        "object_rotation_in_cam": [
            [
                -0.5486503197789023,
                -0.8359522609002121,
                0.012909070544856849
            ],
            [
                -0.23707157500124315,
                0.1407504457149198,
                -0.9612421028843261
            ],
            [
                0.8017355517456728,
                -0.5304461608183015,
                -0.275403296167977
            ]
        ],
        "object_translation_in_cam": [
            0.10467392619571916,
            0.0033572956314868703,
            1.308464995633179
        ],
        "raw_rvec": [
            1.0255460390086153,
            -1.8778679051173954,
            1.4256859345446662
        ],
        "refined_raw_rvec": [
            1.0255460390086153,
            -1.8778679051173954,
            1.4256859345446662
        ],
        "num_inliers": 10,
        "total_matches": 12,
        "inlier_ratio": 0.8333333333333334,
        "reprojection_errors": [
            1.5431045293807983,
            2.9239282608032227,
            3.4537649154663086,
            1.9164859056472778,
            4.349184036254883,
            2.9858763217926025,
            1.296820878982544,
            2.913578510284424,
            1.4810864925384521,
            0.6135759353637695
        ],
        "mean_reprojection_error": 2.347740650177002,
        "std_reprojection_error": 1.0947473049163818,
        "inliers": [
            0,
            1,
            2,
            4,
            5,
            6,
            7,
            8,
            9,
            11
        ],
        "mkpts0": [
            [
                591,
                284
            ],
            [
                610,
                269
            ],
            [
                519,
                327
            ],
            [
                387,
                289
            ],
            [
                727,
                126
            ],
            [
                539,
                313
            ],
            [
                516,
                389
            ],
            [
                727,
                143
            ],
            [
                496,
                378
            ],
            [
                834,
                225
            ],
            [
                357,
                195
            ],
            [
                752,
                77
            ]
        ],
        "mkpts1": [
            [
                735,
                353
            ],
            [
                750,
                351
            ],
            [
                683,
                356
            ],
            [
                594,
                347
            ],
            [
                845,
                290
            ],
            [
                693,
                354
            ],
            [
                677,
                386
            ],
            [
                843,
                303
            ],
            [
                661,
                382
            ],
            [
                916,
                359
            ],
            [
                579,
                312
            ],
            [
                865,
                262
            ]
        ],
        "mpts3D": [
            [
                -0.010999999940395355,
                -0.02500000037252903,
                0.014000000432133675
            ],
            [
                -0.010999999940395355,
                -0.04899999871850014,
                0.01600000075995922
            ],
            [
                -0.009999999776482582,
                0.05700000002980232,
                0.017999999225139618
            ],
            [
                0.12800000607967377,
                0.07400000095367432,
                0.0
            ],
            [
                -0.0020000000949949026,
                -0.20600000023841858,
                0.07000000029802322
            ],
            [
                -0.009999999776482582,
                0.03500000014901161,
                0.017999999225139618
            ],
            [
                -0.041999999433755875,
                0.09000000357627869,
                0.0
            ],
            [
                -0.0020000000949949026,
                -0.20600000023841858,
                0.054999999701976776
            ],
            [
                -0.014999999664723873,
                0.09000000357627869,
                0.0
            ],
            [
                -0.11299999803304672,
                -0.23000000417232513,
                0.0
            ],
            [
                0.23999999463558197,
                0.0,
                0.02500000037252903
            ],
            [
                0.0,
                -0.24300000071525574,
                0.10400000214576721
            ]
        ],
        "mconf": [
            0.7553215622901917,
            0.3297872245311737,
            0.41713473200798035,
            0.8000249266624451,
            0.9724740982055664,
            0.4181113839149475,
            0.6416199207305908,
            0.7344000339508057,
            0.4597598910331726,
            0.35081732273101807,
            0.3825380802154541,
            0.3342708945274353
        ],
        "kf_translation_vector": [
            0.10432386685110306,
            0.002655060689456071,
            1.3148007341181454
        ],
        "kf_rotation_matrix": [
            [
                -0.5538321558694158,
                -0.8321322355805865,
                0.028738225983701512
            ],
            [
                -0.26394131636863577,
                0.14272394724629128,
                -0.9539207809855227
            ],
            [
                0.7896865989990123,
                -0.5358972078580865,
                -0.29867918904952206
            ]
        ],
        "kf_euler_angles": [
            -2.079260571177647,
            -0.9102979969584315,
            -2.696861872584059
        ]
    },
    {
        "frame": 7,
        "object_rotation_in_cam": [
            [
                -0.6330464663618787,
                -0.7733862458026635,
                0.03355422819855647
            ],
            [
                -0.19037033066659198,
                0.1135184796468155,
                -0.9751270132554873
            ],
            [
                0.7503407949916032,
                -0.6236884395128205,
                -0.2190922677536371
            ]
        ],
        "object_translation_in_cam": [
            0.09289549075867848,
