{
    "frames": [
        {
            "image": "0001.png",
            "object_poses": [
                {
                    "name": "Camera",
                    "pose": [
                        [
                            -0.6691305637359619,
                            -0.12904565036296844,
                            0.7318547964096069,
                            3.0
                        ],
                        [
                            0.7431448698043823,
                            -0.11619333922863007,
                            0.658964991569519,
                            3.0
                        ],
                        [
                            8.742277657347586e-08,
                            0.9848077893257141,
                            0.17364813387393951,
                            6.0
                        ],
                        [
                            0.0,
                            0.0,
                            0.0,
                            1.0
                        ]
                    ]
                },
                {
                    "name": "Cone",
                    "pose": [
                        [
                            0.25,
                            0.0,
                            0.0,
                            0.0
                        ],
                        [
                            0.0,
                            0.25,
                            0.0,
                            0.0
                        ],
                        [
                            0.0,
                            0.0,
                            0.25,
                            5.5
                        ],
                        [
                            0.0,
                            0.0,
                            0.0,
                            1.0
                        ]
                    ]
                },
                {
                    "name": "Cube",
                    "pose": [
                        [
                            0.25,
                            0.0,
                            0.0,
                            0.0
                        ],
                        [
                            0.0,
                            0.25,
                            0.0,
                            0.0
                        ],
                        [
                            0.0,
                            0.0,
                            0.25,
                            5.0
                        ],
                        [
                            0.0,
                            0.0,
                            0.0,
                            1.0
                        ]
                    ]
                },
                {
                    "name": "Cylinder",
                    "pose": [
                        [
                            -1.0927847071684482e-08,
                            0.0,
                            0.25,
                            0.5
                        ],
                        [
                            0.0,
                            0.25,
                            0.0,
                            0.0
                        ],
                        [
                            -0.25,
                            0.0,
                            -1.0927847071684482e-08,
                            5.0
                        ],
                        [
                            0.0,
                            0.0,
                            0.0,
                            1.0
                        ]
                    ]
                },
                {
                    "name": "Light",
                    "pose": [
                        [
                            -0.29086464643478394,
                            -0.7711008191108704,
                            0.5663931965827942,
                            4.076245307922363
                        ],
                        [
                            0.9551711678504944,
                            -0.1998833566904068,
                            0.21839119493961334,
                            1.0054539442062378
                        ],
                        [
                            -0.05518905818462372,
                            0.6045247316360474,
                            0.7946722507476807,
                            5.903861999511719
                        ],
                        [
                            0.0,
                            0.0,
                            0.0,
                            1.0
                        ]
                    ]
                },
                {
                    "name": "Light.001",
                    "pose": [
                        [
                            -0.29086464643478394,
                            -0.7711008191108704,
                            0.5663931965827942,
                            -0.845458984375
                        ],
                        [
                            0.9551711678504944,
                            -0.1998833566904068,
                            0.21839119493961334,
                            -2.4451088905334473
                        ],
                        [
                            -0.05518905818462372,
                            0.6045247316360474,
                            0.7946722507476807,
                            6.878951072692871
                        ],
                        [
                            0.0,
                            0.0,
                            0.0,
                            1.0
                        ]
                    ]
                }
            ]
        },
        {
            "image": "0002.png",
            "object_poses": [
                {
                    "name": "Camera",
                    "pose": [
                        [
                            -0.6698116660118103,
                            -0.12950636446475983,
                            0.7311500310897827,
                            2.995734930038452
                        ],
                        [
                            0.7425309419631958,
                            -0.11632979661226273,
                            0.6596326231956482,
                            3.000969171524048
                        ],
                        [
                            -0.00037208397407084703,
                            0.9847311973571777,
                            0.17408153414726257,
                            6.000969409942627
                        ],
                        [
                            0.0,
                            0.0,
                            0.0,
                            1.0
                        ]
                    ]
                },
                {
                    "name": "Cone",
                    "pose": [
                        [
                            0.25,
                            0.0,
                            0.0,
                            0.0
                        ],
                        [
                            0.0,
                            0.25,
                            0.0,
                            0.0
                        ],
                        [
                            0.0,
                            0.0,
                            0.25,
                            5.5
                        ],
                        [
                            0.0,
                            0.0,
                            0.0,
                            1.0
                        ]
                    ]
                },
                {
                    "name": "Cube",
                    "pose": [
                        [
                            0.25,
                            0.0,
                            0.0,
                            0.0
                        ],
                        [
                            0.0,
                            0.25,
                            0.0,
                            0.0
                        ],
                        [
                            0.0,
                            0.0,
                            0.25,
                            5.0
                        ],
                        [
                            0.0,
                            0.0,
                            0.0,
                            1.0
                        ]
                    ]
                },
                {
                    "name": "Cylinder",
                    "pose": [
                        [
                            -1.0927847071684482e-08,
                            0.0,
                            0.25,
                            0.5
                        ],
                        [
                            0.0,
                            0.25,
                            0.0,
                            0.0
                        ],
                        [
                            -0.25,
                            0.0,
                            -1.0927847071684482e-08,
                            5.0
                        ],
                        [
                            0.0,
                            0.0,
                            0.0,
                            1.0
                        ]
                    ]
                },
                {
                    "name": "Light",
                    "pose": [
                        [
                            -0.29086464643478394,
                            -0.7711008191108704,
                            0.5663931965827942,
                            4.076245307922363
                        ],
                        [
                            0.9551711678504944,
                            -0.1998833566904068,
                            0.21839119493961334,
                            1.0054539442062378
                        ],
                        [
                            -0.05518905818462372,
                            0.6045247316360474,
                            0.7946722507476807,
                            5.903861999511719
                        ],
                        [
                            0.0,
                            0.0,
                            0.0,
                            1.0
                        ]
                    ]
                },
                {
                    "name": "Light.001",
                    "pose": [
                        [
                            -0.29086464643478394,
                            -0.7711008191108704,
                            0.5663931965827942,
                            -0.845458984375
                        ],
                        [
                            0.9551711678504944,
                            -0.1998833566904068,
                            0.21839119493961334,
                            -2.4451088905334473
                        ],
                        [
                            -0.05518905818462372,
                            0.6045247316360474,
                            0.7946722507476807,
                            6.878951072692871
                        ],
                        [
                            0.0,
                            0.0,
                            0.0,
                            1.0
                        ]
                    ]
                }
            ]
        },
        {
            "image": "0003.png",
            "object_poses": [
                {
                    "name": "Camera",
                    "pose": [
                        [
                            -0.6718038320541382,
                            -0.13085471093654633,
                            0.7290793061256409,
                            2.983236312866211
                        ],
                        [
                            0.7407276630401611,
                            -0.11673455685377121,
                            0.6615856885910034,
                            3.003809928894043
                        ],
                        [
                            -0.0014628485077992082,
                            0.9845049977302551,
                            0.17535042762756348,
                            6.003809928894043
                        ],
                        [
                            0.0,
                            0.0,
                            0.0,
                            1.0
                        ]
                    ]
                },
                {
                    "name": "Cone",
                    "pose": [
                        [
                            0.25,
                            0.0,
                            0.0,
                            0.0
                        ],
                        [
                            0.0,
                            0.25,
                            0.0,
                            0.0
                        ],
                        [
                            0.0,
                            0.0,
                            0.25,
                            5.5
                        ],
                        [
                            0.0,
                            0.0,
                            0.0,
                            1.0
                        ]
                    ]
                },
                {
                    "name": "Cube",
                    "pose": [
                        [
                            0.25,
                            0.0,
                            0.0,
                            0.0
                        ],
                        [
                            0.0,
                            0.25,
                            0.0,
                            0.0
                        ],
                        [
                            0.0,
                            0.0,
                            0.25,
                            5.0
                        ],
                        [
                            0.0,
                            0.0,
                            0.0,
                            1.0
                        ]
                    ]
                },
                {
                    "name": "Cylinder",
                    "pose": [
                        [
                            -1.0927847071684482e-08,
                            0.0,
                            0.25,
                            0.5
                        ],
                        [
                            0.0,
                            0.25,
                            0.0,
                            0.0
                        ],
                        [
                            -0.25,
                            0.0,
                            -1.0927847071684482e-08,
                            5.0
                        ],
                        [
                            0.0,
                            0.0,
                            0.0,
                            1.0
                        ]
                    ]
                },
                {
                    "name": "Light",
                    "pose": [
                        [
                            -0.29086464643478394,
                            -0.7711008191108704,
                            0.5663931965827942,
                            4.076245307922363
                        ],
                        [
                            0.9551711678504944,
                            -0.1998833566904068,
                            0.21839119493961334,
                            1.0054539442062378
                        ],
                        [
                            -0.05518905818462372,
                            0.6045247316360474,
                            0.7946722507476807,
                            5.903861999511719
                        ],
                        [
                            0.0,
                            0.0,
                            0.0,
                            1.0
                        ]
                    ]
                },
                {
                    "name": "Light.001",
                    "pose": [
                        [
                            -0.29086464643478394,
                            -0.7711008191108704,
                            0.5663931965827942,
                            -0.845458984375
                        ],
                        [
                            0.9551711678504944,
                            -0.1998833566904068,
                            0.21839119493961334,
                            -2.4451088905334473
                        ],
                        [
                            -0.05518905818462372,
                            0.6045247316360474,
                            0.7946722507476807,
                            6.878951072692871
                        ],
                        [
                            0.0,
                            0.0,
                            0.0,
                            1.0
                        ]
                    ]
                }
            ]
        },
        {
            "image": "0004.png",
            "object_poses": [
                {
                    "name": "Camera",
                    "pose": [
                        [
                            -0.6750253438949585,
                            -0.13303950428962708,
                            0.7257005572319031,
                            2.962949514389038
                        ],
                        [
                            0.7377874851226807,
                            -0.11740947514772415,
                            0.6647440791130066,
                            3.008420705795288
                        ],
                        [
                            -0.0032331012189388275,
                            0.9841318726539612,
                            0.17740924656391144,
                            6.008420467376709
                        ],
                        [
                            0.0,
                            0.0,
                            0.0,
                            1.0
                        ]
                    ]
                },
                {
                    "name": "Cone",
                    "pose": [
                        [
                            0.25,
                            0.0,
                            0.0,
                            0.0
                        ],
                        [
                            0.0,
                            0.25,
                            0.0,
                            0.0
                        ],
                        [
                            0.0,
                            0.0,
                            0.25,
                            5.5
                        ],
                        [
                            0.0,
                            0.0,
                            0.0,
                            1.0
                        ]
                    ]
                },
                {
                    "name": "Cube",
                    "pose": [
                        [
                            0.25,
                            0.0,
                            0.0,
                            0.0
                        ],
                        [
                            0.0,
                            0.25,
                            0.0,
                            0.0
                        ],
                        [
                            0.0,
                            0.0,
                            0.25,
                            5.0
                        ],
                        [
                            0.0,
                            0.0,
                            0.0,
                            1.0
                        ]
                    ]
                },
                {
                    "name": "Cylinder",
                    "pose": [
                        [
                            -1.0927847071684482e-08,
                            0.0,
                            0.25,
                            0.5
                        ],
                        [
                            0.0,
                            0.25,
                            0.0,
                            0.0
                        ],
                        [
                            -0.25,
                            0.0,
                            -1.0927847071684482e-08,
                            5.0
                        ],
                        [
                            0.0,
                            0.0,
                            0.0,
                            1.0
                        ]
                    ]
                },
                {
                    "name": "Light",
                    "pose": [
                        [
                            -0.29086464643478394,
                            -0.7711008191108704,
                            0.5663931965827942,
                            4.076245307922363
                        ],
                        [
                            0.9551711678504944,
                            -0.1998833566904068,
                            0.21839119493961334,
                            1.0054539442062378
                        ],
                        [
                            -0.05518905818462372,
                            0.6045247316360474,
                            0.7946722507476807,
                            5.903861999511719
                        ],
                        [
                            0.0,
                            0.0,
                            0.0,
                            1.0
                        ]
                    ]
                },
                {
                    "name": "Light.001",
                    "pose": [
                        [
                            -0.29086464643478394,
                            -0.7711008191108704,
                            0.5663931965827942,
                            -0.845458984375
                        ],
                        [
                            0.9551711678504944,
                            -0.1998833566904068,
                            0.21839119493961334,
                            -2.4451088905334473
                        ],
                        [
                            -0.05518905818462372,
                            0.6045247316360474,
                            0.7946722507476807,
                            6.878951072692871
                        ],
                        [
                            0.0,
                            0.0,
                            0.0,
                            1.0
                        ]
                    ]
                }
            ]
        },
        {
            "image": "0005.png",
            "object_poses": [
                {
                    "name": "Camera",
                    "pose": [
                        [
                            -0.6793888807296753,
                            -0.13600675761699677,
                            0.7210637331008911,
                            2.935319185256958
                        ],
                        [
                            0.7337567210197449,
                            -0.1183631643652916,
                            0.6690226197242737,
                            3.014700174331665
                        ],
                        [
                            -0.005644204095005989,
                            0.9836118817329407,
                            0.18021048605442047,
                            6.014699935913086
                        ],
                        [
                            0.0,
                            0.0,
                            0.0,
                            1.0
                        ]
                    ]
                },
                {
                    "name": "Cone",
                    "pose": [
                        [
                            0.25,
                            0.0,
                            0.0,
                            0.0
                        ],
                        [
                            0.0,
                            0.25,
                            0.0,
                            0.0
                        ],
                        [
                            0.0,
                            0.0,
                            0.25,
                            5.5
                        ],
                        [
                            0.0,
                            0.0,
                            0.0,
                            1.0
                        ]
                    ]
                },
                {
                    "name": "Cube",
                    "pose": [
                        [
                            0.25,
                            0.0,
                            0.0,
                            0.0
                        ],
                        [
                            0.0,
                            0.25,
                            0.0,
                            0.0
                        ],
                        [
                            0.0,
                            0.0,
                            0.25,
                            5.0
                        ],
                        [
                            0.0,
                            0.0,
                            0.0,
                            1.0
                        ]
                    ]
                },
                {
                    "name": "Cylinder",
                    "pose": [
                        [
                            -1.0927847071684482e-08,
                            0.0,
                            0.25,
                            0.5
                        ],
                        [
                            0.0,
                            0.25,
                            0.0,
                            0.0
                        ],
                        [
                            -0.25,
                            0.0,
                            -1.0927847071684482e-08,
                            5.0
                        ],
                        [
                            0.0,
                            0.0,
                            0.0,
                            1.0
                        ]
                    ]
                },
                {
                    "name": "Light",
                    "pose": [
                        [
                            -0.29086464643478394,
                            -0.7711008191108704,
                            0.5663931965827942,
                            4.076245307922363
                        ],
                        [
                            0.9551711678504944,
                            -0.1998833566904068,
                            0.21839119493961334,
                            1.0054539442062378
                        ],
                        [
                            -0.05518905818462372,
                            0.6045247316360474,
                            0.7946722507476807,
                            5.903861999511719
                        ],
                        [
                            0.0,
                            0.0,
                            0.0,
                            1.0
                        ]
                    ]
                },
                {
                    "name": "Light.001",
                    "pose": [
                        [
                            -0.29086464643478394,
                            -0.7711008191108704,
                            0.5663931965827942,
                            -0.845458984375
                        ],
                        [
                            0.9551711678504944,
                            -0.1998833566904068,
                            0.21839119493961334,
                            -2.4451088905334473
                        ],
                        [
                            -0.05518905818462372,
                            0.6045247316360474,
                            0.7946722507476807,
                            6.878951072692871
                        ],
                        [
                            0.0,
                            0.0,
                            0.0,
                            1.0
                        ]
                    ]
                }
            ]
        },
        {
            "image": "0006.png",
            "object_poses": [
                {
                    "name": "Camera",
                    "pose": [
                        [
                            -0.6848022937774658,
                            -0.13970227539539337,
                            0.7152126431465149,
                            2.9007906913757324
                        ],
                        [
                            0.72867751121521,
                            -0.11961205303668976,
                            0.6743308305740356,
                            3.022547721862793
                        ],
                        [
                            -0.00865749828517437,
                            0.9829426407814026,
                            0.18370850384235382,
                            6.022547721862793
                        ],
                        [
                            0.0,
                            0.0,
                            0.0,
                            1.0
                        ]
                    ]
                },
                {
                    "name": "Cone",
                    "pose": [
                        [
                            0.25,
                            0.0,
                            0.0,
                            0.0
                        ],
                        [
                            0.0,
                            0.25,
                            0.0,
                            0.0
                        ],
                        [
                            0.0,
                            0.0,
                            0.25,
                            5.5
                        ],
                        [
                            0.0,
                            0.0,
                            0.0,
                            1.0
                        ]
                    ]
                },
                {
                    "name": "Cube",
                    "pose": [
                        [
                            0.25,
                            0.0,
                            0.0,
                            0.0
                        ],
                        [
                            0.0,
                            0.25,
                            0.0,
                            0.0
                        ],
                        [
                            0.0,
                            0.0,
                            0.25,
                            5.0
                        ],
                        [
                            0.0,
                            0.0,
                            0.0,
                            1.0
                        ]
                    ]
                },
                {
                    "name": "Cylinder",
                    "pose": [
                        [
                            -1.0927847071684482e-08,
                            0.0,
                            0.25,
                            0.5
                        ],
                        [
                            0.0,
                            0.25,
                            0.0,
                            0.0
                        ],
                        [
                            -0.25,
                            0.0,
                            -1.0927847071684482e-08,
                            5.0
                        ],
                        [
                            0.0,
                            0.0,
                            0.0,
                            1.0
                        ]
                    ]
                },
                {
                    "name": "Light",
                    "pose": [
                        [
                            -0.29086464643478394,
                            -0.7711008191108704,
                            0.5663931965827942,
                            4.076245307922363
                        ],
                        [
                            0.9551711678504944,
                            -0.1998833566904068,
                            0.21839119493961334,
                            1.0054539442062378
                        ],
                        [
                            -0.05518905818462372,
                            0.6045247316360474,
                            0.7946722507476807,
                            5.903861999511719
                        ],
                        [
                            0.0,
                            0.0,
                            0.0,
                            1.0
                        ]
                    ]
                },
                {
                    "name": "Light.001",
                    "pose": [
                        [
                            -0.29086464643478394,
                            -0.7711008191108704,
                            0.5663931965827942,
                            -0.845458984375
                        ],
                        [
                            0.9551711678504944,
                            -0.1998833566904068,
                            0.21839119493961334,
                            -2.4451088905334473
                        ],
                        [
                            -0.05518905818462372,
                            0.6045247316360474,
                            0.7946722507476807,
                            6.878951072692871
                        ],
                        [
                            0.0,
                            0.0,
                            0.0,
                            1.0
                        ]
                    ]
                }
            ]
        },
        {
            "image": "0007.png",
            "object_poses": [
                {
                    "name": "Camera",
                    "pose": [
                        [
                            -0.6911700367927551,
                            -0.14406733214855194,
                            0.7081868648529053,
                            2.859808921813965
                        ],
                        [
                            0.7225886583328247,
                            -0.12117568403482437,
                            0.6805748343467712,
                            3.0318615436553955
                        ],
                        [
                            -0.012233579531311989,
                            0.98212069272995,
                            0.18785442411899567,
                            6.031861782073975
                        ],
                        [
                            0.0,
                            0.0,
                            0.0,
                            1.0
                        ]
                    ]
                },
                {
                    "name": "Cone",
                    "pose": [
                        [
                            0.25,
                            0.0,
                            0.0,
                            0.0
                        ],
                        [
                            0.0,
                            0.25,
                            0.0,
                            0.0
                        ],
                        [
                            0.0,
                            0.0,
                            0.25,
                            5.5
                        ],
                        [
                            0.0,
                            0.0,
                            0.0,
                            1.0
                        ]
                    ]
                },
                {
                    "name": "Cube",
                    "pose": [
                        [
                            0.25,
                            0.0,
                            0.0,
                            0.0
                        ],
                        [
                            0.0,
                            0.25,
                            0.0,
                            0.0
                        ],
                        [
                            0.0,
                            0.0,
                            0.25,
                            5.0
                        ],
                        [
                            0.0,
                            0.0,
                            0.0,
                            1.0
                        ]
                    ]
                },
                {
                    "name": "Cylinder",
                    "pose": [
                        [
                            -1.0927847071684482e-08,
                            0.0,
                            0.25,
                            0.5
                        ],
                        [
                            0.0,
                            0.25,
                            0.0,
                            0.0
                        ],
                        [
                            -0.25,
                            0.0,
                            -1.0927847071684482e-08,
                            5.0
                        ],
                        [
                            0.0,
                            0.0,
                            0.0,
                            1.0
                        ]
                    ]
                },
                {
                    "name": "Light",
                    "pose": [
                        [
                            -0.29086464643478394,
                            -0.7711008191108704,
                            0.5663931965827942,
                            4.076245307922363
                        ],
                        [
                            0.9551711678504944,
                            -0.1998833566904068,
                            0.21839119493961334,
                            1.0054539442062378
                        ],
                        [
                            -0.05518905818462372,
                            0.6045247316360474,
                            0.7946722507476807,
                            5.903861999511719
                        ],
                        [
                            0.0,
                            0.0,
                            0.0,
                            1.0
                        ]
