[
    {
        "frame": 2,
        "rotation_matrix": [
            [
                -0.45288401809655093,
                0.8908430077262977,
                0.03598335362200911
            ],
            [
                0.6828182171083728,
                0.37251503150857324,
                -0.6284837576939521
            ],
            [
                -0.5732847011194928,
                -0.26006016012709593,
                -0.7769899385300965
            ]
        ],
        "translation_vector": [
            -0.005555374678077608,
            0.027905330280271753,
            0.5499142689237152
        ],
        "camera_position": [
            0.2936872290252414,
            0.13756460453112887,
            0.4450158018536404
        ]
    },
    {
        "frame": 3,
        "rotation_matrix": [
            [
                -0.4167987673645648,
                0.9064355280789131,
                0.06821598756656377
            ],
            [
                0.6254633324903633,
                0.3404373804290306,
                -0.7020669552946278
            ],
            [
                -0.6596017034797809,
                -0.24995404266168972,
                -0.7088360666075404
            ]
        ],
        "translation_vector": [
            -0.00489458264796835,
            0.028619905343433606,
            0.5212903833892355
        ],
        "camera_position": [
            0.3239032675050678,
            0.12499197673279329,
            0.38993640351630465
        ]
    },
    {
        "frame": 4,
        "rotation_matrix": [
            [
                -0.5031072438838093,
                0.8633147680620862,
                -0.03963221413879525
            ],
            [
                0.633614431239134,
                0.3372835138919361,
                -0.6962561193858312
            ],
            [
                -0.5877208977713365,
                -0.37540304008174236,
                -0.7166984748276223
            ]
        ],
        "translation_vector": [
            -0.006783514534004056,
            0.029950536140625417,
            0.5071827296186762
        ],
        "camera_position": [
            0.27569196196250734,
            0.18615242477991933,
            0.38408148714278717
        ]
    },
    {
        "frame": 5,
        "rotation_matrix": [
            [
                -0.4867914473727822,
                0.8728917972524832,
                -0.0330756262834383
            ],
            [
                0.6750339760146988,
                0.35187899958514346,
                -0.6484676559989297
            ],
            [
                -0.5544034794177424,
                -0.33799568035744004,
                -0.7605233080380984
            ]
        ],
        "translation_vector": [
            -0.0030312893742273344,
            0.029324033622396703,
            0.5619283912339382
        ],
        "camera_position": [
            0.29026473053290874,
            0.18225684492228827,
            0.44627506453481197
        ]
    },
    {
        "frame": 6,
        "rotation_matrix": [
            [
                -0.46068038817253204,
                0.8875063304865414,
                -0.010300160169576578
            ],
            [
                0.6917606614237104,
                0.3517548327976324,
                -0.6306629249528942
            ],
            [
                -0.5560942071806141,
                -0.2976592866850002,
                -0.7759885191098778
            ]
        ],
        "translation_vector": [
            -0.004396838090089928,
            0.028159606414566888,
            0.562882129105401
        ],
        "camera_position": [
            0.2915102462841575,
            0.1615440370303239,
            0.4545040014082806
        ]
    },
    {
        "frame": 7,
        "rotation_matrix": [
            [
                -0.5186020970986355,
                0.8544548810676349,
                -0.030963221805739793
            ],
            [
                0.5895916363745828,
                0.3311502801562183,
                -0.7366961342844145
            ],
            [
                -0.6192201282274659,
                -0.4003078167762306,
                -0.6755146812807318
            ]
        ],
        "translation_vector": [
            -0.006870684145742116,
            0.02822924706860864,
            0.5183370666628131
        ],
        "camera_position": [
            0.300757865704708,
            0.20401694603922074,
            0.3707279370547614
        ]
    },
    {
        "frame": 8,
        "rotation_matrix": [
            [
                -0.4333638413353563,
                0.8994992338098324,
                0.05564988228728346
            ],
            [
                0.6372724841270379,
                0.34951918525990433,
                -0.6868188408232601
            ],
            [
                -0.6372437226035406,
                -0.2621783124340702,
                -0.7246950879449956
            ]
        ],
        "translation_vector": [
            -0.005384243516879866,
            0.02875530826297413,
            0.5245759832297333
        ],
        "camera_position": [
            0.3136244491599834,
            0.13232503702872145,
            0.400206958307116
        ]
    },
    {
        "frame": 9,
        "rotation_matrix": [
            [
                -0.45417043768138743,
                0.8902511911633811,
                0.03438066562005515
            ],
            [
                0.6809860658271997,
                0.3717766941049644,
                -0.6309041669458024
            ],
            [
                -0.5744451163387935,
                -0.2631252674156644,
                -0.7750986401497201
            ]
        ],
        "translation_vector": [
            -0.005488728311377127,
            0.027883989224342005,
            0.5498361469641638
        ],
        "camera_position": [
            0.29436926314915796,
            0.1391955127896355,
            0.4439580809425471
        ]
    },
    {
        "frame": 10,
        "rotation_matrix": [
            [
                -0.4333754358249652,
                0.899506216326291,
                0.055446356182180134
            ],
            [
                0.6392008017238033,
                0.35016732471152756,
                -0.684693493309246
            ],
            [
                -0.635301555719147,
                -0.26128798574509926,
                -0.7267190115898305
            ]
        ],
        "translation_vector": [
            -0.0053836002068763916,
            0.0288024780125003,
            0.5245500381250041
        ],
        "camera_position": [
            0.3125037681501681,
            0.13181551806579833,
            0.4012198555365654
        ]
    },
    {
        "frame": 11,
        "rotation_matrix": [
            [
                -0.48661900946104275,
                0.8730536541180716,
                -0.03129307690586536
            ],
            [
                0.6735659598551411,
                0.3521365532026325,
                -0.6498528645955114
            ],
            [
                -0.5563369818334712,
                -0.3373087086478088,
                -0.759415563255568
            ]
        ],
        "translation_vector": [
            -0.003067358946899508,
            0.029281403124298385,
            0.561772193573241
        ],
        "camera_position": [
            0.2913190550767804,
            0.18185756973639197,
            0.4455511634040169
        ]
    },
    {
        "frame": 12,
        "rotation_matrix": [
            [
                -0.45572507057267275,
                0.8900695834666263,
                0.009528727043989715
            ],
            [
                0.6351740567413162,
                0.33267819671330745,
                -0.6970503102892653
            ],
            [
                -0.6235932790644168,
                -0.31161090163716715,
                -0.7169589027877121
            ]
        ],
        "translation_vector": [
            -0.0049235343220023235,
            0.029401047980612178,
            0.5189329799990305
        ],
        "camera_position": [
            0.3026845576676119,
            0.1563063743062567,
            0.39259454459282406
        ]
    },
    {
        "frame": 13,
        "rotation_matrix": [
            [
                -0.4558194972036267,
                0.8895800305309354,
                0.029596541176510227
            ],
            [
                0.6766736666761932,
                0.3679447980725489,
                -0.6377533805463893
            ],
            [
                -0.5782225651045012,
                -0.2706732252217262,
                -0.769671793917407
            ]
        ],
        "translation_vector": [
            -0.005117323027393432,
            0.028174558700626122,
            0.5532584229324289
        ],
        "camera_position": [
            0.2985089469213487,
            0.14393782777926664,
            0.4439472779967388
        ]
    },
    {
        "frame": 14,
        "rotation_matrix": [
            [
                -0.43337543136731516,
                0.8995062178536576,
                0.055446366245246514
            ],
            [
                0.6392007964447805,
                0.3501673263188826,
                -0.6846934974154811
            ],
            [
                -0.6353015640713879,
                -0.2612879783328993,
                -0.7267190069532752
            ]
        ],
        "translation_vector": [
            -0.0053836003777656015,
            0.028802477987868953,
            0.5245500354057554
        ],
        "camera_position": [
            0.3125037709215258,
            0.1318155135914895,
            0.40121985129338594
        ]
    },
    {
        "frame": 15,
        "rotation_matrix": [
            [
                -0.45348741888941874,
                0.8904560627513378,
                0.03790990923753723
            ],
            [
                0.6796643230634674,
                0.3730254943374841,
                -0.6315919478024983
            ],
            [
                -0.5765462417392826,
                -0.2606529894009671,
                -0.7743735857147039
            ]
        ],
        "translation_vector": [
            -0.005562521266089585,
            0.0279068277193793,
            0.5498059268118761
        ],
        "camera_position": [
            0.295498732207153,
            0.1378517809940451,
            0.44359178934510946
        ]
    },
    {
        "frame": 16,
        "rotation_matrix": [
            [
                -0.4169663093047526,
                0.9060733313664375,
                0.07190420774405026
            ],
            [
                0.6266179875054343,
                0.34386365208265757,
                -0.6993623427887843
            ],
            [
                -0.6583988112378493,
                -0.24655406498961532,
                -0.7111414053461405
            ]
        ],
        "translation_vector": [
            -0.004995416361891114,
            0.02863289557433566,
            0.5218663994368559
        ],
        "camera_position": [
            0.3235714092891007,
            0.12334868366533978,
            0.39150476508400345
        ]
    },
    {
        "frame": 17,
        "rotation_matrix": [
            [
                -0.4554197369574474,
                0.8902316662302323,
                0.008969037325910423
            ],
            [
                0.6384210175770726,
                0.3335882477615799,
                -0.6936407465476737
            ],
            [
                -0.6204929230099765,
                -0.31017166439941457,
                -0.7202652782817123
            ]
        ],
        "translation_vector": [
            -0.004948357852819206,
            0.02949588899350541,
            0.5190040377007289
        ],
        "camera_position": [
            0.30095395710962897,
            0.15554604913455675,
            0.39432452011167407
        ]
    },
    {
        "frame": 18,
        "rotation_matrix": [
            [
                -0.5366846126895548,
                0.8145285707296182,
                -0.22025629155015697
            ],
            [
                0.7635488939595467,
                0.35771817040563236,
                -0.5376158452787636
            ],
            [
                -0.3591137884228552,
                -0.45670659949995474,
                -0.8139142270152137
            ]
        ],
        "translation_vector": [
            -0.000465268472664144,
            0.029891758371564173,
            0.6275274960419132
        ],
        "camera_position": [
            0.2022802549699574,
            0.276282098159185,
            0.5267213615071791
        ]
    },
    {
        "frame": 19,
        "rotation_matrix": [
            [
                -0.4333638413353563,
                0.8994992338098324,
                0.05564988228728346
            ],
            [
                0.6372724841270379,
                0.34951918525990433,
                -0.6868188408232601
            ],
            [
                -0.6372437226035406,
                -0.2621783124340702,
                -0.7246950879449956
            ]
        ],
        "translation_vector": [
            -0.005384243516879866,
            0.02875530826297413,
            0.5245759832297333
        ],
        "camera_position": [
            0.3136244491599834,
            0.13232503702872145,
            0.400206958307116
        ]
    },
    {
        "frame": 20,
        "rotation_matrix": [
            [
                -0.47894077567484433,
                0.8776792451424421,
                -0.01717195510626318
            ],
            [
                0.6702042809494032,
                0.3529500455991288,
                -0.6528801475835104
            ],
            [
                -0.5669585127617998,
                -0.32419964213084185,
                -0.7572665560086238
            ]
        ],
        "translation_vector": [
            -0.004000001530807711,
            0.029023701847676636,
            0.5521776806273346
        ],
        "camera_position": [
            0.2916942635255561,
            0.1722826078855551,
            0.4370260014125104
        ]
    },
    {
        "frame": 21,
        "rotation_matrix": [
            [
                -0.4341920600318037,
                0.8992580157935339,
                0.053030896998024324
            ],
            [
                0.6371544978450581,
                0.3481888972354893,
                -0.6876035469060249
            ],
            [
                -0.6367977707884588,
                -0.2647631259692527,
                -0.7241471440569514
            ]
        ],
        "translation_vector": [
            -0.005292796130135826,
            0.028775754466656256,
            0.5244297475678479
        ],
        "camera_position": [
            0.31332300274397257,
            0.1335898504484509,
            0.39983129652234345
        ]
    },
    {
        "frame": 22,
        "rotation_matrix": [
            [
                -0.4522015954692684,
                0.8910400901805995,
                0.03951296933915516
            ],
            [
                0.6815025155558823,
                0.3737620191762817,
                -0.6291711009830895
            ],
            [
                -0.5753851217628524,
                -0.25758398768599255,
                -0.7762618443165489
            ]
        ],
        "translation_vector": [
            -0.005629098992788262,
            0.027928304893670337,
            0.5498843569399636
        ],
        "camera_position": [
            0.29481658008754746,
            0.13621861867168406,
            0.4446483498334867
        ]
    },
    {
        "frame": 23,
        "rotation_matrix": [
            [
                -0.4161670127050903,
                0.9062355870079524,
                0.0744451366878538
            ],
            [
                0.626755909743929,
                0.3452090052720277,
                -0.6985755308341088
            ],
            [
                -0.6587731378381947,
                -0.24406516244529686,
                -0.7116531102604483
            ]
        ],
        "translation_vector": [
            -0.005085546865568954,
            0.02861253533088856,
            0.5220245741206898
        ],
        "camera_position": [
            0.32384625426372715,
            0.12213941117229161,
            0.3918670230941998
        ]
    },
    {
        "frame": 24,
        "rotation_matrix": [
            [
                -0.5087520516550013,
                0.8605368389617234,
                -0.02544992586613376
            ],
            [
                0.600225129924653,
                0.3333527562885594,
                -0.7270527720060999
            ],
            [
                -0.6171718912456725,
                -0.3851652744791322,
                -0.6861097346574049
            ]
        ],
        "translation_vector": [
            -0.007009033744867513,
            0.02827931167180459,
            0.5186065778764929
        ],
        "camera_position": [
            0.29952958866027213,
            0.19635379016572788,
            0.3762031940906352
        ]
    },
    {
        "frame": 25,
        "rotation_matrix": [
            [
                -0.4467367798867113,
                0.8929294428466503,
                0.05570690795603922
            ],
            [
                0.673385660387561,
                0.37658757869521264,
                -0.6361867241281332
            ],
            [
                -0.5890483867059315,
                -0.2466957755415512,
                -0.7695214048024214
            ]
        ],
        "translation_vector": [
            -0.005710772961018538,
            0.027665976808671267,
            0.5503391542924855
        ],
        "camera_position": [
            0.3029953065902517,
            0.1304469985787567,
            0.44141661578834074
        ]
    },
    {
        "frame": 26,
        "rotation_matrix": [
            [
                -0.5029339027610434,
                0.8633503236445145,
                -0.04103301251989111
            ],
            [
                0.6336252560179548,
                0.3359897801923529,
                -0.6968715107840726
            ],
            [
                -0.5878575715168826,
                -0.3764798617047222,
                -0.7160212212924046
            ]
        ],
        "translation_vector": [
            -0.006706422146359227,
            0.03006597867055306,
            0.5050288906968297
        ],
        "camera_position": [
            0.2744616067347123,
            0.18582133709220056,
            0.3822883423801471
        ]
    },
    {
        "frame": 27,
        "rotation_matrix": [
            [
                -0.45583166274619036,
                0.8900616824052334,
                0.0027743020760039316
            ],
            [
                0.6388261598090283,
                0.3293324126658057,
                -0.6952994315482857
            ],
            [
                -0.6197730494154235,
                -0.31516719924777226,
                -0.7187148278257671
            ]
        ],
        "translation_vector": [
            -0.004767152634306107,
            0.029528438311274798,
            0.5183942637750469
        ],
        "camera_position": [
            0.3002502356959142,
            0.15789925628275991,
            0.3931219759287361
        ]
    },
    {
        "frame": 28,
        "rotation_matrix": [
            [
                -0.45348741888941874,
                0.8904560627513378,
                0.03790990923753723
            ],
            [
                0.6796643230634674,
                0.3730254943374841,
                -0.6315919478024983
            ],
            [
                -0.5765462417392826,
                -0.2606529894009671,
                -0.7743735857147039
            ]
        ],
        "translation_vector": [
            -0.005562521266089585,
            0.0279068277193793,
            0.5498059268118761
        ],
        "camera_position": [
            0.295498732207153,
            0.1378517809940451,
            0.44359178934510946
        ]
    },
    {
        "frame": 29,
        "rotation_matrix": [
            [
                -0.43411443777892655,
                0.8995224939223956,
                0.049029968789712663
            ],
            [
                0.6383393988027,
                0.3455574841013652,
                -0.6878319832035599
            ],
            [
                -0.6356630135913951,
                -0.26730003387423706,
                -0.7242121409108919
            ]
        ],
        "translation_vector": [
            -0.005193978859171273,
            0.028824153501554303,
            0.5237958244282989
        ],
        "camera_position": [
            0.31230325823321803,
            0.1347223404643015,
            0.3994201306979015
        ]
    },
    {
        "frame": 30,
        "rotation_matrix": [
            [
                -0.4169663093047526,
                0.9060733313664375,
                0.07190420774405026
            ],
            [
                0.6266179875054343,
                0.34386365208265757,
                -0.6993623427887843
            ],
            [
                -0.6583988112378493,
                -0.24655406498961532,
                -0.7111414053461405
            ]
        ],
        "translation_vector": [
            -0.004995416361891114,
            0.02863289557433566,
            0.5218663994368559
        ],
        "camera_position": [
            0.3235714092891007,
            0.12334868366533978,
            0.39150476508400345
        ]
    },
    {
        "frame": 31,
        "rotation_matrix": [
            [
                -0.4536775771427773,
                0.891076345126312,
                0.012633414193833403
            ],
            [
                0.6373704710080159,
                0.3343499270231364,
                -0.694239878562621
            ],
            [
                -0.6228447147442764,
                -0.30690890090702283,
                -0.71963281460698
            ]
        ],
        "translation_vector": [
            -0.005031323712212688,
            0.02947713327163444,
            0.5185058268945523
        ],
        "camera_position": [
            0.3018781607764972,
            0.15376166963249766,
            0.39366157181751954
        ]
    },
    {
        "frame": 32,
        "rotation_matrix": [
            [
                -0.5038262649227018,
                0.8629679481265231,
                -0.03801861754901842
            ],
            [
                0.626735764811603,
                0.3349098347449906,
                -0.7035891441012282
            ],
            [
                -0.5944420710885585,
                -0.3783143178593463,
                -0.7095892481024235
            ]
        ],
        "translation_vector": [
            -0.006854017927694264,
            0.029955930301112387,
            0.5041387121707549
        ],
        "camera_position": [
            0.27745357303856805,
            0.18660515512207518,
            0.37854749678361865
        ]
    },
    {
        "frame": 33,
        "rotation_matrix": [
            [
                -0.47895457239171035,
                0.877667626900368,
                -0.017379708747564893
            ],
            [
                0.6684018944699406,
                0.35177810273129473,
                -0.655355685035054
            ],
            [
                -0.5690706678911401,
                -0.32550223214264884,
                -0.7551204353055775
            ]
        ],
        "translation_vector": [
            -0.004001245987255296,
            0.029089114619392682,
            0.5518637993155416
        ],
        "camera_position": [
            0.2926898664805222,
            0.17291174903526746,
            0.43571780851711106
        ]
    },
    {
        "frame": 34,
        "rotation_matrix": [
            [
                -0.4698182439262007,
                0.8826008970633563,
                -0.01692554805788904
            ],
            [
                0.6704618707209653,
                0.3442907498193475,
                -0.6572250447892074
            ],
            [
                -0.5742401044715049,
                -0.3201242510210539,
                -0.7535043240252604
            ]
        ],
        "translation_vector": [
            -0.0039735882713514735,
            0.028357845140826753,
            0.5590406228980638
        ],
        "camera_position": [
            0.3001438275303331,
            0.17270620950164517,
            0.43980975754302226
        ]
    },
    {
        "frame": 35,
        "rotation_matrix": [
            [
                -0.4342100170092921,
                0.899262573153516,
                0.05280611379478506
            ],
            [
                0.6390893880489688,
                0.34883730821789316,
                -0.6854759561636643
            ],
            [
                -0.6348436147682239,
                -0.2638926996349322,
                -0.7261778211067882
            ]
        ],
        "translation_vector": [
            -0.0052917413723496025,
            0.028823017392976998,
            0.5244077249039849
        ],
        "camera_position": [
            0.312198684031727,
            0.13309149139520388,
            0.40085018074639744
        ]
    },
    {
        "frame": 36,
        "rotation_matrix": [
            [
                -0.4783518440670973,
                0.8778403235288673,
                -0.023997492876151383
            ],
            [
                0.6668883187807945,
                0.34534954538855867,
                -0.6602981612678027
            ],
            [
                -0.5713488282576002,
                -0.3318584907556978,
                -0.7506200494005058
            ]
        ],
        "translation_vector": [
            -0.004684723384124356,
            0.029121384048320736,
            0.542613970433488
        ],
        "camera_position": [
            0.28836019928508294,
            0.17412643564000396,
            0.4264133000168318
        ]
    },
    {
        "frame": 37,
        "rotation_matrix": [
            [
                -0.45348741888941874,
                0.8904560627513378,
                0.03790990923753723
            ],
            [
                0.6796643230634674,
                0.3730254943374841,
                -0.6315919478024983
            ],
            [
                -0.5765462417392826,
                -0.2606529894009671,
                -0.7743735857147039
            ]
        ],
        "translation_vector": [
            -0.005562521266089585,
            0.0279068277193793,
            0.5498059268118761
        ],
        "camera_position": [
            0.295498732207153,
            0.1378517809940451,
            0.44359178934510946
        ]
    },
    {
        "frame": 38,
        "rotation_matrix": [
            [
                -0.4341920639768989,
                0.8992580144511904,
                0.05303088745988965
            ],
            [
                0.6371545020391705,
                0.34818889511643714,
                -0.6876035440926782
            ],
            [
                -0.6367977639020863,
                -0.2647631333152293,
                -0.724147147426823
            ]
        ],
        "translation_vector": [
            -0.005292795963618441,
            0.02877575449828231,
            0.524429749755266
        ],
        "camera_position": [
            0.3133230004360775,
            0.13358985477316587,
            0.399831299755093
        ]
    },
    {
        "frame": 39,
        "rotation_matrix": [
            [
                -0.418215536257256,
                0.9059736362027636,
                0.06563181955879394
            ],
            [
                0.6298753712385002,
                0.3413058927459892,
                -0.6976871105904305
            ],
            [
                -0.6544866552804701,
                -0.2504437223856986,
                -0.7133899073980358
            ]
        ],
        "translation_vector": [
            -0.004892927747762716,
            0.028617821214414595,
            0.5235533238929067
        ],
        "camera_position": [
            0.3225867046522761,
            0.125786075828432,
            0.3937850739954283
        ]
    },
    {
        "frame": 40,
        "rotation_matrix": [
            [
                -0.45375699535127495,
                0.8904055919228335,
                0.03581160485556678
            ],
            [
                0.6819455576241225,
                0.3728320720097479,
                -0.6292428009263535
            ],
            [
                -0.5736330234623069,
                -0.2611017578521184,
                -0.776383298661187
            ]
        ],
        "translation_vector": [
            -0.005513601833289915,
            0.02795029640782387,
            0.5500273167739729
        ],
        "camera_position": [
            0.29395141683688425,
            0.13810167425735004,
            0.4448169962793043
        ]
    },
    {
        "frame": 41,
        "rotation_matrix": [
            [
                -0.45541973512128137,
                0.8902316671263846,
                0.008969041612138684
            ],
            [
                0.6384210150612994,
                0.3335882481829615,
                -0.6936407486605176
            ],
            [
                -0.6204929269461192,
                -0.31017166137415164,
                -0.7202652761935956
            ]
        ],
        "translation_vector": [
            -0.004948357915999346,
            0.029495888969109322,
            0.5190040365460008
        ],
        "camera_position": [
            0.3009539585060948,
            0.1555460472626578,
            0.3943245182633971
        ]
    },
    {
        "frame": 42,
        "rotation_matrix": [
            [
                -0.4169663093047526,
                0.9060733313664375,
                0.07190420774405026
            ],
            [
                0.6266179875054343,
                0.34386365208265757,
                -0.6993623427887843
            ],
            [
                -0.6583988112378493,
                -0.24655406498961532,
                -0.7111414053461405
            ]
        ],
        "translation_vector": [
            -0.004995416361891114,
            0.02863289557433566,
            0.5218663994368559
        ],
        "camera_position": [
            0.3235714092891007,
            0.12334868366533978,
            0.39150476508400345
        ]
    },
    {
        "frame": 43,
        "rotation_matrix": [
            [
                -0.43421001688829974,
                0.8992625731967436,
                0.05280611405352431
            ],
            [
                0.6390893878948358,
                0.3488373082455536,
                -0.6854759562932904
            ],
            [
                -0.634843615006142,
                -0.2638926994510614,
                -0.7261778209656126
            ]
        ],
        "translation_vector": [
            -0.005291741376652045,
            0.028823017392526303,
            0.5244077248251433
        ],
        "camera_position": [
            0.31219868410994367,
            0.1330914912814326,
            0.4008501806201345
        ]
    },
    {
        "frame": 44,
        "rotation_matrix": [
            [
                -0.47761758733024734,
                0.8785419324131433,
                -0.006746351948548779
            ],
            [
                0.6594519442363583,
                0.35341477409695154,
                -0.6634916206651658
            ],
            [
                -0.5805209501092279,
                -0.3213441619849054,
                -0.7481532971540648
            ]
        ],
        "translation_vector": [
            -0.005380012593350274,
            0.027955535670180588,
            0.5500693602583564
        ],
        "camera_position": [
            0.29832186665864446,
            0.1716082449423274,
            0.430048173750645
        ]
    },
    {
        "frame": 45,
        "rotation_matrix": [
            [
                -0.49344059365994286,
                0.8674901562221851,
                -0.06306512020231234
            ],
            [
                0.6860635750534414,
                0.34362257919668593,
                -0.64128019932874
            ],
            [
                -0.5346336610366151,
                -0.35970036408631345,
                -0.7647107273752339
            ]
        ],
        "translation_vector": [
            -0.0024206968771393364,
            0.029435848837601357,
            0.5693228642022534
        ],
        "camera_position": [
            0.28298983340791856,
            0.19677074994990915,
            0.45409126706591424
        ]
    },
    {
        "frame": 46,
        "rotation_matrix": [
            [
                -0.4309686393729488,
                0.9004939937794914,
                0.058108510943668035
            ],
            [
                0.6386092164113404,
                0.3498615274578325,
                -0.6854014738234562
            ],
            [
                -0.6375298429026854,
                -0.258277909957343,
                -0.7258431102080832
            ]
        ],
        "translation_vector": [
            -0.005343991629559534,
            0.028803728150428434,
            0.5242039290183299
        ],
        "camera_position": [
            0.3134982294507443,
            0.13012521121631881,
            0.4005424593439648
        ]
    },
    {
        "frame": 47,
        "rotation_matrix": [
            [
                -0.43421001688829974,
                0.8992625731967436,
                0.05280611405352431
            ],
            [
                0.6390893878948358,
                0.3488373082455536,
                -0.6854759562932904
            ],
            [
                -0.634843615006142,
                -0.2638926994510614,
                -0.7261778209656126
            ]
        ],
        "translation_vector": [
            -0.005291741376652045,
            0.028823017392526303,
            0.5244077248251433
        ],
        "camera_position": [
            0.31219868410994367,
            0.1330914912814326,
            0.4008501806201345
        ]
    },
    {
        "frame": 48,
        "rotation_matrix": [
            [
                -0.5042734683328751,
                0.8626492628919968,
                -0.0393003609070916
            ],
            [
                0.6313292972630904,
                0.3372368899856295,
                -0.698351343129025
            ],
            [
                -0.589178739902269,
                -0.3769715231482552,
                -0.7146753690889726
            ]
        ],
        "translation_vector": [
            -0.006880226408469433,
            0.029985627085355408,
            0.5049280312897358
        ],
        "camera_position": [
            0.27509254070691513,
            0.18616645165280368,
            0.3815297346940089
        ]
    },
    {
        "frame": 49,
        "rotation_matrix": [
            [
                -0.49387510773891846,
                0.8672211737862935,
                -0.06336255749727024
            ],
            [
                0.6880639879007163,
                0.3452116423862772,
                -0.6382764843820674
            ],
            [
                -0.5316533894465778,
                -0.35882636148657177,
                -0.7671950963035893
            ]
        ],
        "translation_vector": [
            -0.0023717666486201103,
            0.029416315511016977,
            0.5706697102143712
        ],
        "camera_position": [
            0.28198682182099194,
            0.19667332739327154,
            0.4564404645326582
        ]
    },
    {
        "frame": 50,
        "rotation_matrix": [
            [
                -0.4169663134102656,
                0.9060733300116652,
                0.07190420100817674
            ],
            [
                0.6266179921468991,
                0.3438636520443501,
                -0.6993623386489372
            ],
            [
                -0.6583988042203911,
                -0.24655407002175822,
                -0.7111414100984874
            ]
        ],
        "translation_vector": [
            -0.004995416296720478,
            0.028632895591666218,
            0.5218664016884391
        ],
        "camera_position": [
            0.3235714069722718,
            0.12334868677590358,
            0.39150476902053766
        ]
    },
    {
        "frame": 51,
        "rotation_matrix": [
            [
                -0.538011505757792,
                0.8123998990680101,
                -0.22483332419043198
            ],
            [
                0.7643360547607301,
                0.3577018322792621,
                -0.5365070312464318
            ],
            [
                -0.3554349660135242,
                -0.4604951717209905,
                -0.8133942351385459
            ]
        ],
        "translation_vector": [
            -0.00035975891202673225,
            0.029889287589669758,
            0.6278963402028952
        ],
        "camera_position": [
            0.20013729975016598,
            0.2787440481721864,
            0.5266821905443325
        ]
    },
    {
        "frame": 52,
        "rotation_matrix": [
            [
                -0.4593339932942048,
                0.8881342878529983,
                0.015158144485626801
            ],
            [
                0.6837418858169362,
                0.36441463850951605,
                -0.6322175296679765
            ],
            [
                -0.5670179152230548,
                -0.280034744236901,
                -0.7746426439567307
            ]
        ],
        "translation_vector": [
            -0.004747780497299168,
            0.027969445885309502,
            0.5595325846804051
        ],
        "camera_position": [
            0.29596030101486565,
            0.150712755382434,
            0.45119254230332895
        ]
    },
    {
        "frame": 53,
        "rotation_matrix": [
            [
                -0.460279772843831,
                0.8875601147721424,
                0.01948264295451596
            ],
            [
                0.6751411417343407,
                0.36420316601123737,
                -0.641514218552514
            ],
            [
                -0.5764780736927315,
                -0.2821224849831246,
                -0.7668636997657825
            ]
        ],
        "translation_vector": [
            -0.005059967338003599,
            0.02836099285254984,
            0.5496592892054173
        ],
        "camera_position": [
            0.2953898545163315,
            0.1492331063678313,
            0.43980631783488133
        ]
    },
    {
        "frame": 54,
        "rotation_matrix": [
            [
                -0.4333754358249652,
                0.899506216326291,
