[
    {
        "frame": 2,
        "rotation_matrix": [
            [
                -0.5102846485954173,
                0.8593709745260892,
                -0.033031886866043914
            ],
            [
                0.6159324877320463,
                0.3383885559361628,
                -0.7114213630245096
            ],
            [
                -0.6001972575446044,
                -0.38337281248612065,
                -0.7019889875791625
            ]
        ],
        "translation_vector": [
            -0.006101961217223477,
            0.028708509551987997,
            0.5346842656218981
        ],
        "camera_position": [
            0.3001197890356051,
            0.20051262797093206,
            0.39556475400171337
        ]
    },
    {
        "frame": 3,
        "rotation_matrix": [
            [
                -0.4491663880051464,
                0.8934359358049372,
                0.004667386717025324
            ],
            [
                0.6378290989355865,
                0.3243118653077154,
                -0.6985670007749061
            ],
            [
                -0.6256385509520876,
                -0.3107958214535486,
                -0.7155294270186139
            ]
        ],
        "translation_vector": [
            -0.004164386325811355,
            0.029281333536879537,
            0.5356094815832835
        ],
        "camera_position": [
            0.31455095098428143,
            0.1606895173029977,
            0.40371875561199294
        ]
    },
    {
        "frame": 4,
        "rotation_matrix": [
            [
                -0.4530632758103889,
                0.8914671866693187,
                0.004463541626294587
            ],
            [
                0.6389869447162964,
                0.3282304571946427,
                -0.6956726611359171
            ],
            [
                -0.6216344203743003,
                -0.3123315899195692,
                -0.7183450600820067
            ]
        ],
        "translation_vector": [
            -0.005311711643980522,
            0.029642489680497215,
            0.5197760477415849
        ],
        "camera_position": [
            0.30176297676997754,
            0.15734812808868004,
            0.39402373496887205
        ]
    },
    {
        "frame": 5,
        "rotation_matrix": [
            [
                -0.4960858941810368,
                0.8640814647522246,
                -0.08521741527558427
            ],
            [
                0.6889314648515592,
                0.3319838726700428,
                -0.6443292209922546
            ],
            [
                -0.5284621295155275,
                -0.3783515964795854,
                -0.7599854255900325
            ]
        ],
        "translation_vector": [
            -0.002634478932488218,
            0.029844191377788185,
            0.572010174274997
        ],
        "camera_position": [
            0.2804181844817785,
            0.20878957682405025,
            0.4537243768345816
        ]
    },
    {
        "frame": 6,
        "rotation_matrix": [
            [
                -0.501222687990323,
                0.863902007888617,
                -0.04948876448014672
            ],
            [
                0.6563030635266482,
                0.3422582624784454,
                -0.6724028335534974
            ],
            [
                -0.5639522194736818,
                -0.36950318338446275,
                -0.7385291406704656
            ]
        ],
        "translation_vector": [
            -0.004239512181546404,
            0.029016959464812808,
            0.5599094351652735
        ],
        "camera_position": [
            0.29459330958332386,
            0.20061954765783688,
            0.43281071155127904
        ]
    },
    {
        "frame": 7,
        "rotation_matrix": [
            [
                -0.45333501222181755,
                0.891338491623636,
                0.0017492981295207932
            ],
            [
                0.6386681809841155,
                0.32619456519278034,
                -0.6969218465776017
            ],
            [
                -0.62176387905079,
                -0.31482185278152874,
                -0.7171449502847523
            ]
        ],
        "translation_vector": [
            -0.005240049348447734,
            0.029700063170618126,
            0.520100451813945
        ],
        "camera_position": [
            0.3020356912601935,
            0.15872164636271732,
            0.3936952019360513
        ]
    },
    {
        "frame": 8,
        "rotation_matrix": [
            [
                -0.5132126691768817,
                0.8576904505274495,
                -0.03130251220527608
            ],
            [
                0.5984602076738247,
                0.3314791956774419,
                -0.7293606259348243
            ],
            [
                -0.6151895122865338,
                -0.39305042158361425,
                -0.6834129279327396
            ]
        ],
        "translation_vector": [
            -0.007292528606356934,
            0.027529267001303398,
            0.5365130654506078
        ],
        "camera_position": [
            0.30983942215208726,
            0.20800603942316764,
            0.3865104538796592
        ]
    },
    {
        "frame": 9,
        "rotation_matrix": [
            [
                -0.4530771669950219,
                0.8914704765150315,
                0.0012125385881592843
            ],
            [
                0.6374360611374746,
                0.32491805980488264,
                -0.6986440598575019
            ],
            [
                -0.6232145286410665,
                -0.315766755556524,
                -0.7154683832120045
            ]
        ],
        "translation_vector": [
            -0.0052259227435197085,
            0.02975405232832488,
            0.5195208469762377
        ],
        "camera_position": [
            0.30243888757688914,
            0.15903853917820795,
            0.39249456897987867
        ]
    },
    {
        "frame": 10,
        "rotation_matrix": [
            [
                -0.4533350118887901,
                0.8913384917915876,
                0.001749298856194903
            ],
            [
                0.6386681804520766,
                0.3261945651912299,
                -0.6969218470658944
            ],
            [
                -0.6217638798401078,
                -0.3148218523076219,
                -0.7171449498084566
            ]
        ],
        "translation_vector": [
            -0.005240049359074064,
            0.0297000631666538,
            0.5201004515678526
        ],
        "camera_position": [
            0.3020356915329679,
            0.15872164605045377,
            0.39369520152741155
        ]
    },
    {
        "frame": 11,
        "rotation_matrix": [
            [
                -0.40161145924955555,
                0.47749946695271206,
                0.7814745644352852
            ],
            [
                0.706369166592543,
                -0.38159535985351634,
                0.5961774751075571
            ],
            [
                0.582881494205125,
                0.7914412425430845,
                -0.18403783120614026
            ]
        ],
        "translation_vector": [
            -0.012670784443365363,
            0.002916619287384962,
            0.627719276622366
        ],
        "camera_position": [
            -0.3730348920644393,
            -0.48963966305414647,
            0.12368716730719663
        ]
    },
    {
        "frame": 12,
        "rotation_matrix": [
            [
                -0.45333501222181755,
                0.891338491623636,
                0.0017492981295207932
            ],
            [
                0.6386681809841155,
                0.32619456519278034,
                -0.6969218465776017
            ],
            [
                -0.62176387905079,
                -0.31482185278152874,
                -0.7171449502847523
            ]
        ],
        "translation_vector": [
            -0.005240049348447734,
            0.029700063170618126,
            0.520100451813945
        ],
        "camera_position": [
            0.3020356912601935,
            0.15872164636271732,
            0.3936952019360513
        ]
    },
    {
        "frame": 13,
        "rotation_matrix": [
            [
                -0.5015363297195764,
                0.8646094236404621,
                -0.030196929041280907
            ],
            [
                0.6196156434492021,
                0.33462494488066474,
                -0.7100018314459784
            ],
            [
                -0.6037696285541759,
                -0.3748022022556965,
                -0.7035520910492928
            ]
        ],
        "translation_vector": [
            -0.007926511915672008,
            0.02985754063192124,
            0.5028867281730568
        ],
        "camera_position": [
            0.2811521001297482,
            0.18534531221508307,
            0.37476656138036585
        ]
    },
    {
        "frame": 14,
        "rotation_matrix": [
            [
                -0.453077167536167,
                0.8914704762416227,
                0.0012125373968296937
            ],
            [
                0.6374360619789644,
                0.32491805978447397,
                -0.6986440590992267
            ],
            [
                -0.6232145273869619,
                -0.31576675634941087,
                -0.7154683839544678
            ]
        ],
        "translation_vector": [
            -0.005225922726174021,
            0.029754052335015164,
            0.5195208473650654
        ],
        "camera_position": [
            0.30243888714340733,
            0.15903853969444956,
            0.3924945696196633
        ]
    },
    {
        "frame": 15,
        "rotation_matrix": [
            [
                -0.49620572711385746,
                0.8641348793804379,
                -0.0839689622275035
            ],
            [
                0.6894595721149669,
                0.33342011195118004,
                -0.6430214050601338
            ],
            [
                -0.5276602835143599,
                -0.3769641086159502,
                -0.7612310332723748
            ]
        ],
        "translation_vector": [
            -0.0026480773383258482,
            0.029862354464535192,
            0.5725276340864077
        ],
        "camera_position": [
            0.280197216449258,
            0.20815395566403472,
            0.4548055792927761
        ]
    },
    {
        "frame": 16,
        "rotation_matrix": [
            [
                -0.4997361033642908,
                0.8649555465963346,
                -0.045997058672391844
            ],
            [
                0.632972790220689,
                0.3284246674837136,
                -0.7010582605093878
            ],
            [
                -0.5912776622150637,
                -0.37945900990811793,
                -0.7116189893229664
            ]
        ],
        "translation_vector": [
            -0.0070344806866964905,
            0.030301732745918835,
            0.5058431505715165
        ],
        "camera_position": [
            0.27639819922516184,
            0.18807941767079484,
            0.38088730619404615
        ]
    },
    {
        "frame": 17,
        "rotation_matrix": [
            [
                -0.453077167536167,
                0.8914704762416227,
                0.0012125373968296937
            ],
            [
                0.6374360619789644,
                0.32491805978447397,
                -0.6986440590992267
            ],
            [
                -0.6232145273869619,
                -0.31576675634941087,
                -0.7154683839544678
            ]
        ],
        "translation_vector": [
            -0.005225922726174021,
            0.029754052335015164,
            0.5195208473650654
        ],
        "camera_position": [
            0.30243888714340733,
            0.15903853969444956,
            0.3924945696196633
        ]
    },
    {
        "frame": 18,
        "rotation_matrix": [
            [
                -0.4960858941810368,
                0.8640814647522246,
                -0.08521741527558427
            ],
            [
                0.6889314648515592,
                0.3319838726700428,
                -0.6443292209922546
            ],
            [
                -0.5284621295155275,
                -0.3783515964795854,
                -0.7599854255900325
            ]
        ],
        "translation_vector": [
            -0.002634478932488218,
            0.029844191377788185,
            0.572010174274997
        ],
        "camera_position": [
            0.2804181844817785,
            0.20878957682405025,
            0.4537243768345816
        ]
    },
    {
        "frame": 19,
        "rotation_matrix": [
            [
                -0.44943650753566816,
                0.8932038756321042,
                0.013916258474527043
            ],
            [
                0.6359117983338266,
                0.33083728146694,
                -0.6972538117008782
            ],
            [
                -0.6273938240323855,
                -0.30452180504416027,
                -0.7166892351770511
            ]
        ],
        "translation_vector": [
            -0.005639558785038141,
            0.02956191196223356,
            0.5184963155687023
        ],
        "camera_position": [
            0.30396799396887086,
            0.15315052710082855,
            0.3922913652016202
        ]
    },
    {
        "frame": 20,
        "rotation_matrix": [
            [
                -0.4960858941810368,
                0.8640814647522246,
                -0.08521741527558427
            ],
            [
                0.6889314648515592,
                0.3319838726700428,
                -0.6443292209922546
            ],
            [
                -0.5284621295155275,
                -0.3783515964795854,
                -0.7599854255900325
            ]
        ],
        "translation_vector": [
            -0.002634478932488218,
            0.029844191377788185,
            0.572010174274997
        ],
        "camera_position": [
            0.2804181844817785,
            0.20878957682405025,
            0.4537243768345816
        ]
    },
    {
        "frame": 21,
        "rotation_matrix": [
            [
                -0.45333501222181755,
                0.891338491623636,
                0.0017492981295207932
            ],
            [
                0.6386681809841155,
                0.32619456519278034,
                -0.6969218465776017
            ],
            [
                -0.62176387905079,
                -0.31482185278152874,
                -0.7171449502847523
            ]
        ],
        "translation_vector": [
            -0.005240049348447734,
            0.029700063170618126,
            0.520100451813945
        ],
        "camera_position": [
            0.3020356912601935,
            0.15872164636271732,
            0.3936952019360513
        ]
    },
    {
        "frame": 22,
        "rotation_matrix": [
            [
                -0.4960858941810368,
                0.8640814647522246,
                -0.08521741527558427
            ],
            [
                0.6889314648515592,
                0.3319838726700428,
                -0.6443292209922546
            ],
            [
                -0.5284621295155275,
                -0.3783515964795854,
                -0.7599854255900325
            ]
        ],
        "translation_vector": [
            -0.002634478932488218,
            0.029844191377788185,
            0.572010174274997
        ],
        "camera_position": [
            0.2804181844817785,
            0.20878957682405025,
            0.4537243768345816
        ]
    },
    {
        "frame": 23,
        "rotation_matrix": [
            [
                -0.4533350118887901,
                0.8913384917915876,
                0.001749298856194903
            ],
            [
                0.6386681804520766,
                0.3261945651912299,
                -0.6969218470658944
            ],
            [
                -0.6217638798401078,
                -0.3148218523076219,
                -0.7171449498084566
            ]
        ],
        "translation_vector": [
            -0.005240049359074064,
            0.0297000631666538,
            0.5201004515678526
        ],
        "camera_position": [
            0.3020356915329679,
            0.15872164605045377,
            0.39369520152741155
        ]
    },
    {
        "frame": 24,
        "rotation_matrix": [
            [
                -0.4533350119722535,
                0.8913384917494978,
                0.0017492986730295867
            ],
            [
                0.6386681805840548,
                0.3261945651901118,
                -0.6969218469454719
            ],
            [
                -0.6217638796436875,
                -0.31482185242794875,
                -0.7171449499259303
            ]
        ],
        "translation_vector": [
            -0.005240049356395992,
            0.029700063167658424,
            0.5201004516288501
        ],
        "camera_position": [
            0.302035691464951,
            0.15872164612933706,
            0.39369520162841287
        ]
    },
    {
        "frame": 25,
        "rotation_matrix": [
            [
                -0.5172905994591281,
                0.8528966889470424,
                -0.07055263066950579
            ],
            [
                0.6249373138485108,
                0.3201319638819117,
                -0.7120174713171847
            ],
            [
                -0.5846911915456086,
                -0.41241091605858604,
                -0.6986082212833558
            ]
        ],
        "translation_vector": [
            -0.0069001690203132,
            0.028533860660949737,
            0.5321454798275135
        ],
        "camera_position": [
            0.28973950787188973,
            0.21621313527217806,
            0.3915909893645561
        ]
    },
    {
        "frame": 26,
        "rotation_matrix": [
            [
                -0.4960858941810368,
                0.8640814647522246,
                -0.08521741527558427
            ],
            [
                0.6889314648515592,
                0.3319838726700428,
                -0.6443292209922546
            ],
            [
                -0.5284621295155275,
                -0.3783515964795854,
                -0.7599854255900325
            ]
        ],
        "translation_vector": [
            -0.002634478932488218,
            0.029844191377788185,
            0.572010174274997
        ],
        "camera_position": [
            0.2804181844817785,
            0.20878957682405025,
            0.4537243768345816
        ]
    },
    {
        "frame": 27,
        "rotation_matrix": [
            [
                -0.4960858941810368,
                0.8640814647522246,
                -0.08521741527558427
            ],
            [
                0.6889314648515592,
                0.3319838726700428,
                -0.6443292209922546
            ],
            [
                -0.5284621295155275,
                -0.3783515964795854,
                -0.7599854255900325
            ]
        ],
        "translation_vector": [
            -0.002634478932488218,
            0.029844191377788185,
            0.572010174274997
        ],
        "camera_position": [
            0.2804181844817785,
            0.20878957682405025,
            0.4537243768345816
        ]
    },
    {
        "frame": 28,
        "rotation_matrix": [
            [
                -0.4775374533689104,
                0.8781487086589335,
                -0.028510105411651
            ],
            [
                0.6684797527372734,
                0.3420790680076855,
                -0.6603913471656839
            ],
            [
                -0.5701690984350603,
                -0.3344200303684588,
                -0.7503801986180803
            ]
        ],
        "translation_vector": [
            -0.005133899359079055,
            0.02932034792775537,
            0.5441722430779934
        ],
        "camera_position": [
            0.2882185090704603,
            0.17646054785558746,
            0.42755261189878774
        ]
    },
    {
        "frame": 29,
        "rotation_matrix": [
            [
                -0.4533350118887901,
                0.8913384917915876,
                0.001749298856194903
            ],
            [
                0.6386681804520766,
                0.3261945651912299,
                -0.6969218470658944
            ],
            [
                -0.6217638798401078,
                -0.3148218523076219,
                -0.7171449498084566
            ]
        ],
        "translation_vector": [
            -0.005240049359074064,
            0.0297000631666538,
            0.5201004515678526
        ],
        "camera_position": [
            0.3020356915329679,
            0.15872164605045377,
            0.39369520152741155
        ]
    },
    {
        "frame": 30,
        "rotation_matrix": [
            [
                -0.4960858941810368,
                0.8640814647522246,
                -0.08521741527558427
            ],
            [
                0.6889314648515592,
                0.3319838726700428,
                -0.6443292209922546
            ],
            [
                -0.5284621295155275,
                -0.3783515964795854,
                -0.7599854255900325
            ]
        ],
        "translation_vector": [
            -0.002634478932488218,
            0.029844191377788185,
            0.572010174274997
        ],
        "camera_position": [
            0.2804181844817785,
            0.20878957682405025,
            0.4537243768345816
        ]
    },
    {
        "frame": 31,
        "rotation_matrix": [
            [
                -0.4533350118887901,
                0.8913384917915876,
                0.001749298856194903
            ],
            [
                0.6386681804520766,
                0.3261945651912299,
                -0.6969218470658944
            ],
            [
                -0.6217638798401078,
                -0.3148218523076219,
                -0.7171449498084566
            ]
        ],
        "translation_vector": [
            -0.005240049359074064,
            0.0297000631666538,
            0.5201004515678526
        ],
        "camera_position": [
            0.3020356915329679,
            0.15872164605045377,
            0.39369520152741155
        ]
    },
    {
        "frame": 32,
        "rotation_matrix": [
            [
                -0.48042254532643547,
                0.8758538670688103,
                -0.04554318261474305
            ],
            [
                0.6858961006058435,
                0.34285062447533654,
                -0.6418722524541549
            ],
            [
                -0.5465717858760804,
                -0.3396077926630695,
                -0.7654579218002449
            ]
        ],
        "translation_vector": [
            -0.0046587052240864586,
            0.029151123743041428,
            0.5563224619048347
        ],
        "camera_position": [
            0.28183737240099144,
            0.18301730730297572,
            0.44434056073621764
        ]
    },
    {
        "frame": 33,
        "rotation_matrix": [
            [
                -0.4775374533689104,
                0.8781487086589335,
                -0.028510105411651
            ],
            [
                0.6684797527372734,
                0.3420790680076855,
                -0.6603913471656839
            ],
            [
                -0.5701690984350603,
                -0.3344200303684588,
                -0.7503801986180803
            ]
        ],
        "translation_vector": [
            -0.005133899359079055,
            0.02932034792775537,
            0.5441722430779934
        ],
        "camera_position": [
            0.2882185090704603,
            0.17646054785558746,
            0.42755261189878774
        ]
    },
    {
        "frame": 34,
        "rotation_matrix": [
            [
                -0.4960858941810368,
                0.8640814647522246,
                -0.08521741527558427
            ],
            [
                0.6889314648515592,
                0.3319838726700428,
                -0.6443292209922546
            ],
            [
                -0.5284621295155275,
                -0.3783515964795854,
                -0.7599854255900325
            ]
        ],
        "translation_vector": [
            -0.002634478932488218,
            0.029844191377788185,
            0.572010174274997
        ],
        "camera_position": [
            0.2804181844817785,
            0.20878957682405025,
            0.4537243768345816
        ]
    },
    {
        "frame": 35,
        "rotation_matrix": [
            [
                -0.49281525727171427,
                0.8676415409825411,
                -0.06581244989859994
            ],
            [
                0.6896979121340301,
                0.34338892572518753,
                -0.6374957534660617
            ],
            [
                -0.5305185314370968,
                -0.35955834304149237,
                -0.7676378610719268
            ]
        ],
        "translation_vector": [
            -0.003094949839388805,
            0.029696710603326553,
            0.568846828943415
        ],
        "camera_position": [
            0.27977678650200566,
            0.1970214087555644,
            0.455396203717959
        ]
    },
    {
        "frame": 36,
        "rotation_matrix": [
            [
                -0.4530632754117782,
                0.8914671868675155,
                0.004463542502253781
            ],
            [
                0.6389869440921192,
                0.328230457205148,
                -0.6956726617042781
            ],
            [
                -0.6216344213064189,
                -0.3123315893428298,
                -0.7183450595261415
            ]
        ],
        "translation_vector": [
            -0.005311711656740334,
            0.0296424896757224,
            0.5197760474532149
        ],
        "camera_position": [
            0.30176297709309924,
            0.15734812771252119,
            0.39402373449103323
        ]
    },
    {
        "frame": 37,
        "rotation_matrix": [
            [
                -0.4960858941810368,
                0.8640814647522246,
                -0.08521741527558427
            ],
            [
                0.6889314648515592,
                0.3319838726700428,
                -0.6443292209922546
            ],
            [
                -0.5284621295155275,
                -0.3783515964795854,
                -0.7599854255900325
            ]
        ],
        "translation_vector": [
            -0.002634478932488218,
            0.029844191377788185,
            0.572010174274997
        ],
        "camera_position": [
            0.2804181844817785,
            0.20878957682405025,
            0.4537243768345816
        ]
    },
    {
        "frame": 38,
        "rotation_matrix": [
            [
                -0.45333501222181755,
                0.891338491623636,
                0.0017492981295207932
            ],
            [
                0.6386681809841155,
                0.32619456519278034,
                -0.6969218465776017
            ],
            [
                -0.62176387905079,
                -0.31482185278152874,
                -0.7171449502847523
            ]
        ],
        "translation_vector": [
            -0.005240049348447734,
            0.029700063170618126,
            0.520100451813945
        ],
        "camera_position": [
            0.3020356912601935,
            0.15872164636271732,
            0.3936952019360513
        ]
    },
    {
        "frame": 39,
        "rotation_matrix": [
            [
                -0.45333501222181755,
                0.891338491623636,
                0.0017492981295207932
            ],
            [
                0.6386681809841155,
                0.32619456519278034,
                -0.6969218465776017
            ],
            [
                -0.62176387905079,
                -0.31482185278152874,
                -0.7171449502847523
            ]
        ],
        "translation_vector": [
            -0.005240049348447734,
            0.029700063170618126,
            0.520100451813945
        ],
        "camera_position": [
            0.3020356912601935,
            0.15872164636271732,
            0.3936952019360513
        ]
    },
    {
        "frame": 40,
        "rotation_matrix": [
            [
                -0.4530771669950219,
                0.8914704765150315,
                0.0012125385881592843
            ],
            [
                0.6374360611374746,
                0.32491805980488264,
                -0.6986440598575019
            ],
            [
                -0.6232145286410665,
                -0.315766755556524,
                -0.7154683832120045
            ]
        ],
        "translation_vector": [
            -0.0052259227435197085,
            0.02975405232832488,
            0.5195208469762377
        ],
        "camera_position": [
            0.30243888757688914,
            0.15903853917820795,
            0.39249456897987867
        ]
    },
    {
        "frame": 41,
        "rotation_matrix": [
            [
                -0.4806214210374805,
                0.8756992365873447,
                -0.04641009243962346
            ],
            [
                0.6851525511229127,
                0.3419561044916718,
                -0.6431422893035764
            ],
            [
                -0.5473289973404271,
                -0.34090595424724157,
                -0.764338994837435
            ]
        ],
        "translation_vector": [
            -0.0046508455410496094,
            0.029206735594700585,
            0.5561433024927572
        ],
        "camera_position": [
            0.2821469907353081,
            0.18367788359540646,
            0.4436502534348631
        ]
    },
    {
        "frame": 42,
        "rotation_matrix": [
            [
                -0.45333501222181755,
                0.891338491623636,
                0.0017492981295207932
            ],
            [
                0.6386681809841155,
                0.32619456519278034,
                -0.6969218465776017
            ],
            [
                -0.62176387905079,
                -0.31482185278152874,
                -0.7171449502847523
            ]
        ],
        "translation_vector": [
            -0.005240049348447734,
            0.029700063170618126,
            0.520100451813945
        ],
        "camera_position": [
            0.3020356912601935,
            0.15872164636271732,
            0.3936952019360513
        ]
    },
    {
        "frame": 43,
        "rotation_matrix": [
            [
                -0.4960858941810368,
                0.8640814647522246,
                -0.08521741527558427
            ],
            [
                0.6889314648515592,
                0.3319838726700428,
                -0.6443292209922546
            ],
            [
                -0.5284621295155275,
                -0.3783515964795854,
                -0.7599854255900325
            ]
        ],
        "translation_vector": [
            -0.002634478932488218,
            0.029844191377788185,
            0.572010174274997
        ],
        "camera_position": [
            0.2804181844817785,
            0.20878957682405025,
            0.4537243768345816
        ]
    },
    {
        "frame": 44,
        "rotation_matrix": [
            [
                -0.4960858941810368,
                0.8640814647522246,
                -0.08521741527558427
            ],
            [
                0.6889314648515592,
                0.3319838726700428,
                -0.6443292209922546
            ],
            [
                -0.5284621295155275,
                -0.3783515964795854,
                -0.7599854255900325
            ]
        ],
        "translation_vector": [
            -0.002634478932488218,
            0.029844191377788185,
            0.572010174274997
        ],
        "camera_position": [
            0.2804181844817785,
            0.20878957682405025,
            0.4537243768345816
        ]
    },
    {
        "frame": 45,
        "rotation_matrix": [
            [
                -0.518973989863363,
                0.8540860628134843,
                -0.034684220519747844
            ],
            [
                0.5926353400134703,
                0.33027320955060513,
                -0.7346447854713594
            ],
            [
                -0.6159946035578722,
                -0.40181663026920855,
                -0.6775647895416923
            ]
        ],
        "translation_vector": [
            -0.007402640817635926,
            0.028525419612037802,
            0.5189170580812934
        ],
        "camera_position": [
            0.2989031576807428,
            0.20541081412874804,
            0.37229922319326436
        ]
    },
    {
        "frame": 46,
        "rotation_matrix": [
            [
                -0.4990525536305487,
                0.8654769088991249,
                -0.04354616948991619
            ],
            [
                0.6330214472274324,
                0.32977435049627646,
                -0.7003804145640042
            ],
            [
                -0.591802666490204,
                -0.3770922936327065,
                -0.7124401771502707
            ]
        ],
        "translation_vector": [
            -0.007032930049513878,
            0.030190019986631077,
            0.5067969002720022
        ],
        "camera_position": [
            0.2773030251054637,
            0.1872401498567115,
            0.3819007149589787
        ]
    },
    {
        "frame": 47,
        "rotation_matrix": [
            [
                -0.4775838293203196,
                0.8781899443716179,
                -0.026383850672604514
            ],
            [
                0.6674686542016708,
                0.34313307685504235,
                -0.6608670722817118
            ],
            [
                -0.5713136455835358,
                -0.33322982035310944,
                -0.750039069114059
            ]
        ],
        "translation_vector": [
            -0.005216350626789929,
            0.02938044456137145,
            0.5433044652512566
        ],
        "camera_position": [
            0.2882954842058637,
            0.17554479367776954,
            0.4267785163261797
        ]
    },
    {
        "frame": 48,
        "rotation_matrix": [
            [
                -0.4533350119722535,
                0.8913384917494978,
                0.0017492986730295867
            ],
            [
                0.6386681805840548,
                0.3261945651901118,
                -0.6969218469454719
            ],
            [
                -0.6217638796436875,
                -0.31482185242794875,
                -0.7171449499259303
            ]
        ],
        "translation_vector": [
            -0.005240049356395992,
            0.029700063167658424,
            0.5201004516288501
        ],
        "camera_position": [
            0.302035691464951,
            0.15872164612933706,
            0.39369520162841287
        ]
    },
    {
        "frame": 49,
        "rotation_matrix": [
            [
                -0.5139497335160703,
                0.8575427107314024,
                -0.021821335664854058
            ],
            [
                0.5862481050060067,
                0.33255723035473106,
                -0.7387278578175159
            ],
            [
                -0.6262338467342901,
                -0.39246170234843036,
                -0.6736504890476557
            ]
        ],
        "translation_vector": [
            -0.007780286295213676,
            0.028297544253560333,
            0.5165137459862587
        ],
        "camera_position": [
            0.3028703322770356,
            0.19997323889319127,
            0.3686841455925922
        ]
    },
    {
        "frame": 50,
        "rotation_matrix": [
            [
                -0.5132126691768817,
                0.8576904505274495,
                -0.03130251220527608
            ],
            [
                0.5984602076738247,
                0.3314791956774419,
                -0.7293606259348243
            ],
            [
                -0.6151895122865338,
                -0.39305042158361425,
                -0.6834129279327396
            ]
        ],
        "translation_vector": [
            -0.007292528606356934,
            0.027529267001303398,
            0.5365130654506078
        ],
        "camera_position": [
            0.30983942215208726,
            0.20800603942316764,
            0.3865104538796592
        ]
    },
    {
        "frame": 51,
        "rotation_matrix": [
            [
                -0.4533350118887901,
                0.8913384917915876,
                0.001749298856194903
            ],
            [
                0.6386681804520766,
                0.3261945651912299,
                -0.6969218470658944
            ],
            [
                -0.6217638798401078,
                -0.3148218523076219,
                -0.7171449498084566
            ]
        ],
        "translation_vector": [
            -0.005240049359074064,
            0.0297000631666538,
            0.5201004515678526
        ],
        "camera_position": [
            0.3020356915329679,
            0.15872164605045377,
            0.39369520152741155
        ]
    },
    {
        "frame": 52,
        "rotation_matrix": [
            [
                -0.4533350118887901,
                0.8913384917915876,
                0.001749298856194903
            ],
            [
                0.6386681804520766,
                0.3261945651912299,
                -0.6969218470658944
            ],
            [
                -0.6217638798401078,
                -0.3148218523076219,
                -0.7171449498084566
            ]
        ],
        "translation_vector": [
            -0.005240049359074064,
            0.0297000631666538,
            0.5201004515678526
        ],
        "camera_position": [
            0.3020356915329679,
            0.15872164605045377,
            0.39369520152741155
        ]
    },
    {
        "frame": 53,
        "rotation_matrix": [
            [
                -0.4533350119722535,
                0.8913384917494978,
                0.0017492986730295867
            ],
            [
                0.6386681805840548,
                0.3261945651901118,
                -0.6969218469454719
            ],
            [
                -0.6217638796436875,
                -0.31482185242794875,
                -0.7171449499259303
            ]
        ],
        "translation_vector": [
            -0.005240049356395992,
            0.029700063167658424,
            0.5201004516288501
        ],
        "camera_position": [
            0.302035691464951,
            0.15872164612933706,
            0.39369520162841287
        ]
    },
    {
        "frame": 54,
        "rotation_matrix": [
            [
                -0.49454680636362147,
                0.8651103044303964,
