[
    {
        "frame": 2,
        "rotation_matrix": [
            [
                -0.8125631169470826,
                0.5378236122610734,
                0.2246929973801861
            ],
            [
                0.22298700332289034,
                0.6429995853862976,
                -0.7326856962860174
            ],
            [
                -0.5385331719832299,
                -0.5452497549632641,
                -0.6424054229115609
            ]
        ],
        "translation_vector": [
            -0.009792429710680159,
            0.06068492228730168,
            0.3645641355344222
        ],
        "camera_position": [
            0.17484096412475314,
            0.1650247256184139,
            0.2808612425898401
        ]
    },
    {
        "frame": 3,
        "rotation_matrix": [
            [
                -0.7920637978927828,
                0.5517733115755703,
                0.2611152096309014
            ],
            [
                0.2423055030545624,
                0.6767935224952706,
                -0.6951536312916157
            ],
            [
                -0.5602883036947464,
                -0.48733637309498323,
                -0.6697613576502387
            ]
        ],
        "translation_vector": [
            -0.007688685452404785,
            0.062471623492924726,
            0.39356309927214916
        ],
        "camera_position": [
            0.19928165373071643,
            0.15375963469727147,
            0.30902836432703024
        ]
    },
    {
        "frame": 4,
        "rotation_matrix": [
            [
                -0.5026147956441871,
                0.71066709092553,
                0.4922709143093836
            ],
            [
                0.2507205858167173,
                0.6647750786997748,
                -0.7037139209845363
            ],
            [
                -0.8273557608715094,
                -0.2302745765714325,
                -0.5123046596875469
            ]
        ],
        "translation_vector": [
            0.004901338820054016,
            0.062174600501511884,
            0.37381164499327385
        ],
        "camera_position": [
            0.2961502511148056,
            0.041263973125888996,
            0.23284579293779925
        ]
    },
    {
        "frame": 7,
        "rotation_matrix": [
            [
                -0.7831007145677796,
                0.5628369479458065,
                0.26451434908239346
            ],
            [
                0.23622502171011595,
                0.6626674157759137,
                -0.7106825136352568
            ],
            [
                -0.5752834170749997,
                -0.49405107640396984,
                -0.6518914970626559
            ]
        ],
        "translation_vector": [
            -0.008489368789276279,
            0.06164148153699836,
            0.39352948709387897
        ],
        "camera_position": [
            0.2051816969757059,
            0.15835399584005433,
            0.302591609382259
        ]
    },
    {
        "frame": 8,
        "rotation_matrix": [
            [
                -0.7057739136442864,
                0.6027096775770395,
                0.3723227462487464
            ],
            [
                0.25851087524867455,
                0.7084195297976619,
                -0.6567449255071746
            ],
            [
                -0.659587227133297,
                -0.3672639573334705,
                -0.6557910303186277
            ]
        ],
        "translation_vector": [
            -0.0052968206924486,
            0.06209698117677498,
            0.40841920257677444
        ],
        "camera_position": [
            0.24959698651131693,
            0.10919938347395045,
            0.3105916537634964
        ]
    },
    {
        "frame": 9,
        "rotation_matrix": [
            [
                -0.7881235458148361,
                0.5632446153358377,
                0.2482272745437816
            ],
            [
                0.2559525855755944,
                0.6666575528965539,
                -0.7000399853602262
            ],
            [
                -0.5597763396834647,
                -0.4881835827444035,
                -0.6695724300398129
            ]
        ],
        "translation_vector": [
            -0.0071220627906732085,
            0.06207406546789748,
            0.3929790078232534
        ],
        "camera_position": [
            0.1984792676379421,
            0.1544752189162582,
            0.30835012733990563
        ]
    },
    {
        "frame": 10,
        "rotation_matrix": [
            [
                -0.7845830373958861,
                0.563872260293335,
                0.2578323709357128
            ],
            [
                0.24620655416104392,
                0.6649881681467736,
                -0.7051050055934529
            ],
            [
                -0.5690446292856042,
                -0.48973340737230053,
                -0.6605674829907431
            ]
        ],
        "translation_vector": [
            -0.006518758607398057,
            0.06160907042462315,
            0.38984079022967694
        ],
        "camera_position": [
            0.201553743594099,
            0.15362450279925438,
            0.30263776050280433
        ]
    },
    {
        "frame": 11,
        "rotation_matrix": [
            [
                -0.7914953738623737,
                0.5584295081700527,
                0.2483778523931115
            ],
            [
                0.2506763487769751,
                0.6672565519920091,
                -0.7013772608144491
            ],
            [
                -0.5574015081772793,
                -0.4928744041119284,
                -0.6681155442384243
            ]
        ],
        "translation_vector": [
            -0.006135387065349892,
            0.06217657125242039,
            0.3910667416388408
        ],
        "camera_position": [
            0.19753886524735664,
            0.15468524388599786,
            0.3064108964183305
        ]
    },
    {
        "frame": 12,
        "rotation_matrix": [
            [
                -0.21247800118336668,
                0.939530492108738,
                -0.2685806273934024
            ],
            [
                0.7559522216757204,
                0.3322095814105377,
                0.5640682871448965
            ],
            [
                0.6191844132055195,
                -0.0831820197936286,
                -0.7808273906737576
            ]
        ],
        "translation_vector": [
            0.03141991272524387,
            0.05517607601456171,
            0.4154037377976293
        ],
        "camera_position": [
            -0.2922459566249453,
            -0.013295865241605823,
            0.3016743218441301
        ]
    },
    {
        "frame": 13,
        "rotation_matrix": [
            [
                -0.97707637165458,
                -0.004022201185399525,
                -0.21285108844435197
            ],
            [
                -0.08630395162673885,
                0.9214626005528853,
                0.3787588991904001
            ],
            [
                0.19461087299514046,
                0.38844626099363905,
                -0.9006864662201441
            ]
        ],
        "translation_vector": [
            -0.021629664673930165,
            0.015107891916788924,
            0.3250425659207256
        ],
        "camera_position": [
            -0.0830867810209533,
            -0.14026992563309182,
            0.2824352938902437
        ]
    },
    {
        "frame": 15,
        "rotation_matrix": [
            [
                -0.7889380274331944,
                0.5651505398959907,
                0.24120873973612644
            ],
            [
                0.26108647056185597,
                0.6636581655824273,
                -0.7009933624117425
            ],
            [
                -0.556246926966229,
                -0.4900639820585039,
                -0.671138323842104
            ]
        ],
        "translation_vector": [
            -0.009000429179016054,
            0.06318182376163799,
            0.3970801469544789
        ],
        "camera_position": [
            0.19727791129059516,
            0.1577501421669035,
            0.3129567255193368
        ]
    },
    {
        "frame": 16,
        "rotation_matrix": [
            [
                -0.9197967707662316,
                0.3914636478067014,
                0.02702060202666165
            ],
            [
                0.24049620059672472,
                0.6168102361659257,
                -0.749470953446146
            ],
            [
                -0.31005721727860547,
                -0.6828626106376056,
                -0.6614855833702211
            ]
        ],
        "translation_vector": [
            -0.004425639748365996,
            0.06732883826757054,
            0.48469898121408084
        ],
        "camera_position": [
            0.1300213983899492,
            0.29118617213241105,
            0.37120198040851954
        ]
    },
    {
        "frame": 17,
        "rotation_matrix": [
            [
                -0.7920325951706348,
                0.5663262481754935,
                0.22794505657008332
            ],
            [
                0.2648416182011448,
                0.6551741208629636,
                -0.7075350087593136
            ],
            [
                -0.5500393490068398,
                -0.5000214515187448,
                -0.6689060192323129
            ]
        ],
        "translation_vector": [
            -0.007425760554094185,
            0.05847913805904664,
            0.39148456212632105
        ],
        "camera_position": [
            0.19396275974084834,
            0.16164206424937325,
            0.30493508291124605
        ]
    },
    {
        "frame": 18,
        "rotation_matrix": [
            [
                -0.7988635880343707,
                0.5568437181560498,
                0.2274687698630227
            ],
            [
                0.25541924554831275,
                0.6564048381849988,
                -0.7098547016191804
            ],
            [
                -0.5445897324742561,
                -0.50897717233435,
                -0.6666065266153245
            ]
        ],
        "translation_vector": [
            -0.005891097517153823,
            0.05496088191888779,
            0.38965668154622873
        ],
        "camera_position": [
            0.19345877766566102,
            0.16553018779758524,
            0.3001019681986143
        ]
    },
    {
        "frame": 19,
        "rotation_matrix": [
            [
                -0.8089320590829806,
                0.5463533815981496,
                0.2170873239137559
            ],
            [
                0.26241573892863346,
                0.6659878829846785,
                -0.6982822636155998
            ],
            [
                -0.5260864033125248,
                -0.5078957788108239,
                -0.682110675855347
            ]
        ],
        "translation_vector": [
            -0.004537660829349669,
            0.05226912493235778,
            0.3937236884312158
        ],
        "camera_position": [
            0.18974577878533572,
            0.16763916185154054,
            0.3060468027373218
        ]
    },
    {
        "frame": 20,
        "rotation_matrix": [
            [
                -0.7012865977054604,
                0.6240160678933038,
                0.34467528906157396
            ],
            [
                0.2049689015282749,
                0.6395820531896352,
                -0.7408930736914902
            ],
            [
                -0.6827773116360797,
                -0.44893066752975475,
                -0.5764342100069155
            ]
        ],
        "translation_vector": [
            -0.0038005954985739494,
            0.04645409345282237,
            0.3638664743560469
        ],
        "camera_position": [
            0.23625282196235378,
            0.13601124741341233,
            0.24547257112931986
        ]
    },
    {
        "frame": 21,
        "rotation_matrix": [
            [
                -0.4961795773109787,
                0.8638396776710291,
                0.08710245886719348
            ],
            [
                0.3153843643595835,
                0.08585991320360342,
                0.9450718374928815
            ],
            [
                0.8089119419176601,
                0.49639609847971466,
                -0.315043463092186
            ]
        ],
        "translation_vector": [
            -0.0031971704676251773,
            0.009722371420686587,
            0.34795890451568284
        ],
        "camera_position": [
            -0.2861207677811211,
            -0.1707983618929612,
            0.10071232027819518
        ]
    },
    {
        "frame": 22,
        "rotation_matrix": [
            [
                -0.08830017238877519,
                0.5114388758330288,
                -0.8547709376451451
            ],
            [
                0.9882180414607278,
                0.15267571285740134,
                -0.010734488111122042
            ],
            [
                0.1250127277025666,
                -0.8456479190479524,
                -0.5188944159674798
            ]
        ],
        "translation_vector": [
            0.06397570723676413,
            0.04007878973217435,
            0.714587556218613
        ],
        "camera_position": [
            -0.12329005670074555,
            0.5654507583112166,
            0.4259102931948542
        ]
    },
    {
        "frame": 24,
        "rotation_matrix": [
            [
                -0.3481396959501959,
                0.5918333621522995,
                -0.7270020794655337
            ],
            [
                0.8623943150289812,
                -0.1018473138740531,
                -0.4958862470994071
            ],
            [
                -0.36752523384034375,
                -0.7996001476363953,
                -0.47493663407917436
            ]
        ],
        "translation_vector": [
            0.008031888130486397,
            0.06972498641013736,
            0.13354975963515195
        ],
        "camera_position": [
            -0.00825130616469099,
            0.10913417074015304,
            0.10384253453608018
        ]
    },
    {
        "frame": 26,
        "rotation_matrix": [
            [
                -0.7655107244660632,
                0.5822324722991097,
                0.2738588668053481
            ],
            [
                0.30587700938054346,
                0.7037640417188683,
                -0.6412140272295495
            ],
            [
                -0.5660676513102104,
                -0.40708908335152993,
                -0.7168304488204676
            ]
        ],
        "translation_vector": [
            -0.01505858220531446,
            0.043028711052170564,
            0.4274522979677638
        ],
        "camera_position": [
            0.21727791873020477,
            0.1524967001028927,
            0.3381253619602739
        ]
    },
    {
        "frame": 29,
        "rotation_matrix": [
            [
                -0.8174039513780251,
                0.5400780415439363,
                0.20041579107859062
            ],
            [
                0.2711007703982795,
                0.6676172530652027,
                -0.6933913582524178
            ],
            [
                -0.5082864866992339,
                -0.5124479607255157,
                -0.6921285538013946
            ]
        ],
        "translation_vector": [
            -0.01281529136363948,
            0.0392692990188559,
            0.4048559218189939
        ],
        "camera_position": [
            0.1846615871050443,
            0.1881719874445169,
            0.31000972300736196
        ]
    },
    {
        "frame": 30,
        "rotation_matrix": [
            [
                -0.7527544056859203,
                0.578247401021935,
                0.31462795160604273
            ],
            [
                0.2914599877362263,
                0.7212923481645356,
                -0.628321911147534
            ],
            [
                -0.590264246138317,
                -0.3812706278887325,
                -0.7114919732787546
            ]
        ],
        "translation_vector": [
            -0.009393586523420325,
            0.037145820252007335,
            0.4329324839393415
        ],
        "camera_position": [
            0.23764698230544573,
            0.14370326106435566,
            0.33432300495245665
        ]
    },
    {
        "frame": 31,
        "rotation_matrix": [
            [
                -0.8040341273582491,
                0.5480008077207545,
                0.23070378579611428
            ],
            [
                0.26598768737790046,
                0.6785257710437128,
                -0.6847286529661885
            ],
            [
                -0.5317703190350276,
                -0.4891808385116238,
                -0.6913193437380799
            ]
        ],
        "translation_vector": [
            -0.011582958882151748,
            0.03676524514150229,
            0.41325789843013777
        ],
        "camera_position": [
            0.20066608772383224,
            0.18355914979157276,
            0.31353962838384664
        ]
    },
    {
        "frame": 32,
        "rotation_matrix": [
            [
                -0.8048150478328703,
                0.5524854209391044,
                0.2168700035309522
            ],
            [
                0.2840975637747107,
                0.6794107569268599,
                -0.6765276030062226
            ],
            [
                -0.5211154507775113,
                -0.48286735551475374,
                -0.7037597629441026
            ]
        ],
        "translation_vector": [
            -0.006883779142928305,
            0.038840780045511156,
            0.45868709883583403
        ],
        "camera_position": [
            0.22245419424943869,
            0.19889937027067583,
            0.3505752689723395
        ]
    },
    {
        "frame": 33,
        "rotation_matrix": [
            [
                -0.7399365578407557,
                0.5827896033837116,
                0.3359317915271344
            ],
            [
                0.28521259791225106,
                0.7240925687685816,
                -0.6279679337723072
            ],
            [
                -0.6092188969187664,
                -0.36884445236708185,
                -0.7020014997100141
            ]
        ],
        "translation_vector": [
            -0.009481558179995655,
            0.03533058518563806,
            0.44354424834602085
        ],
        "camera_position": [
            0.25312305820279746,
            0.1435419747297704,
            0.33674035893052395
        ]
    },
    {
        "frame": 34,
        "rotation_matrix": [
            [
                -0.7596124284329105,
                0.5844920005160015,
                0.2852333429020156
            ],
            [
                0.274140597814111,
                0.6854523765951382,
                -0.6745383399408799
            ],
            [
                -0.5897761365131502,
                -0.43419366733392,
                -0.6809111307995654
            ]
        ],
        "translation_vector": [
            -0.011352959154971618,
            0.035735341035484036,
            0.42692633500364574
        ],
        "camera_position": [
            0.2333706078060027,
            0.16750955044371815,
            0.3180419936463457
        ]
    },
    {
        "frame": 35,
        "rotation_matrix": [
            [
                -0.7676763339226728,
                0.5798961486349136,
                0.2727517243454923
            ],
            [
                0.28654353167027213,
                0.6913149431125248,
                -0.6633072092833413
            ],
            [
                -0.5732066388249293,
                -0.43105000432400054,
                -0.6968716115464213
            ]
        ],
        "translation_vector": [
            -0.013638119157726713,
            0.035175391924104564,
            0.43523543445709667
        ],
        "camera_position": [
            0.2289308981362371,
            0.17119965461190642,
            0.3303551301819486
        ]
    }
]