[
    {
        "frame": 1,
        "timestamp": 1738066745.80431,
        "filename": "frame_00001_1738066745.804.png",
        "pose_estimation_failed": true,
        "is_predicted": false,
        "error_reason": "kf_not_initialized"
    },
    {
        "frame": 2,
        "timestamp": 1738066745.92557,
        "filename": "frame_00002_1738066745.926.png",
        "pose_estimation_failed": true,
        "is_predicted": false,
        "error_reason": "kf_not_initialized"
    },
    {
        "frame": 3,
        "timestamp": 1738066746.05613,
        "filename": "frame_00003_1738066746.056.png",
        "pose_estimation_failed": true,
        "is_predicted": false,
        "error_reason": "kf_not_initialized"
    },
    {
        "frame": 4,
        "timestamp": 1738066746.18519,
        "filename": "frame_00004_1738066746.185.png",
        "pose_estimation_failed": true,
        "is_predicted": false,
        "error_reason": "kf_not_initialized"
    },
    {
        "frame": 5,
        "timestamp": 1738066746.32493,
        "filename": "frame_00005_1738066746.325.png",
        "pose_estimation_failed": true,
        "is_predicted": false,
        "error_reason": "kf_not_initialized"
    },
    {
        "frame": 6,
        "timestamp": 1738066746.46205,
        "filename": "frame_00006_1738066746.462.png",
        "pose_estimation_failed": true,
        "is_predicted": false,
        "error_reason": "kf_not_initialized"
    },
    {
        "frame": 7,
        "timestamp": 1738066746.60113,
        "filename": "frame_00007_1738066746.601.png",
        "pose_estimation_failed": true,
        "is_predicted": false,
        "error_reason": "kf_not_initialized"
    },
    {
        "frame": 8,
        "timestamp": 1738066746.72605,
        "filename": "frame_00008_1738066746.726.png",
        "pose_estimation_failed": true,
        "is_predicted": false,
        "error_reason": "kf_not_initialized"
    },
    {
        "frame": 9,
        "timestamp": 1738066746.86356,
        "filename": "frame_00009_1738066746.864.png",
        "pose_estimation_failed": true,
        "is_predicted": false,
        "error_reason": "kf_not_initialized"
    },
    {
        "frame": 10,
        "timestamp": 1738066746.99261,
        "filename": "frame_00010_1738066746.993.png",
        "pose_estimation_failed": true,
        "is_predicted": false,
        "error_reason": "kf_not_initialized"
    },
    {
        "frame": 11,
        "timestamp": 1738066747.13086,
        "filename": "frame_00011_1738066747.131.png",
        "pose_estimation_failed": true,
        "is_predicted": false,
        "error_reason": "kf_not_initialized"
    },
    {
        "frame": 12,
        "timestamp": 1738066747.26092,
        "filename": "frame_00012_1738066747.261.png",
        "pose_estimation_failed": true,
        "is_predicted": false,
        "error_reason": "kf_not_initialized"
    },
    {
        "frame": 13,
        "timestamp": 1738066747.39614,
        "filename": "frame_00013_1738066747.396.png",
        "pose_estimation_failed": true,
        "is_predicted": false,
        "error_reason": "kf_not_initialized"
    },
    {
        "frame": 14,
        "timestamp": 1738066747.53998,
        "filename": "frame_00014_1738066747.540.png",
        "pose_estimation_failed": true,
        "is_predicted": false,
        "error_reason": "kf_not_initialized"
    },
    {
        "frame": 15,
        "timestamp": 1738066747.67834,
        "filename": "frame_00015_1738066747.678.png",
        "pose_estimation_failed": true,
        "is_predicted": false,
        "error_reason": "kf_not_initialized"
    },
    {
        "frame": 16,
        "timestamp": 1738066747.79904,
        "filename": "frame_00016_1738066747.799.png",
        "pose_estimation_failed": true,
        "is_predicted": false,
        "error_reason": "kf_not_initialized"
    },
    {
        "frame": 17,
        "timestamp": 1738066747.939,
        "filename": "frame_00017_1738066747.939.png",
        "pose_estimation_failed": true,
        "is_predicted": false,
        "error_reason": "kf_not_initialized"
    },
    {
        "frame": 18,
        "timestamp": 1738066748.06581,
        "filename": "frame_00018_1738066748.066.png",
        "pose_estimation_failed": true,
        "is_predicted": false,
        "error_reason": "kf_not_initialized"
    },
    {
        "frame": 19,
        "timestamp": 1738066748.20878,
        "filename": "frame_00019_1738066748.209.png",
        "pose_estimation_failed": true,
        "is_predicted": false,
        "error_reason": "kf_not_initialized"
    },
    {
        "frame": 20,
        "timestamp": 1738066748.33273,
        "filename": "frame_00020_1738066748.333.png",
        "pose_estimation_failed": true,
        "is_predicted": false,
        "error_reason": "kf_not_initialized"
    },
    {
        "frame": 21,
        "timestamp": 1738066748.47312,
        "filename": "frame_00021_1738066748.473.png",
        "pose_estimation_failed": true,
        "is_predicted": false,
        "error_reason": "kf_not_initialized"
    },
    {
        "frame": 22,
        "timestamp": 1738066748.60113,
        "filename": "frame_00022_1738066748.601.png",
        "pose_estimation_failed": true,
        "is_predicted": false,
        "error_reason": "kf_not_initialized"
    },
    {
        "frame": 23,
        "timestamp": 1738066748.73909,
        "filename": "frame_00023_1738066748.739.png",
        "pose_estimation_failed": true,
        "is_predicted": false,
        "error_reason": "kf_not_initialized"
    },
    {
        "frame": 24,
        "timestamp": 1738066748.88277,
        "filename": "frame_00024_1738066748.883.png",
        "pose_estimation_failed": true,
        "is_predicted": false,
        "error_reason": "kf_not_initialized"
    },
    {
        "frame": 25,
        "timestamp": 1738066749.00786,
        "filename": "frame_00025_1738066749.008.png",
        "pose_estimation_failed": false,
        "is_predicted": false,
        "position": [
            0.055175015674110116,
            0.043014944234970036,
            1.3394948634374955
        ],
        "quaternion": [
            0.1882804990273769,
            -0.24468844467765352,
            -0.060774315769541176,
            0.9492020339579857
        ],
        "rotation_matrix": [
            [
                0.8728680951679499,
                0.023234083341424128,
                -0.4874027757503628
            ],
            [
                -0.20751433322198937,
                0.921713872457492,
                -0.3276909196588262
            ],
            [
                0.4416323017458164,
                0.38717401086681663,
                0.8093560374544657
            ]
        ],
        "translation_vector": [
            [
                0.055175015674110116
            ],
            [
                0.043014944234970036
            ],
            [
                1.3394948634374955
            ]
        ],
        "rotation_vector": [
            [
                0.3830696201444672
            ],
            [
                -0.49783546379266835
            ],
            [
                -0.123649523857449
            ]
        ],
        "object_translation_in_cam": [
            0.055175015674110116,
            0.043014944234970036,
            1.3394948634374955
        ],
        "object_rotation_in_cam": [
            [
                0.8728680951679499,
                0.023234083341424128,
                -0.4874027757503628
            ],
            [
                -0.20751433322198937,
                0.921713872457492,
                -0.3276909196588262
            ],
            [
                0.4416323017458164,
                0.38717401086681663,
                0.8093560374544657
            ]
        ],
        "num_matches": 22,
        "num_inliers": 18,
        "mean_reprojection_error": 3.7872290932067845,
        "processing_time_ms": 47.98152402509004,
        "viewpoint": "NW",
        "bbox": [
            432,
            209,
            925,
            674
        ],
        "whole_image_estimation": false,
        "processing_mode": "VAPE_MK53_Measurement"
    },
    {
        "frame": 26,
        "timestamp": 1738066749.14155,
        "filename": "frame_00026_1738066749.142.png",
        "pose_estimation_failed": true,
        "is_predicted": true,
        "position": [
            0.05517501567510408,
            0.04301494422725227,
            1.3394948629138526
        ],
        "quaternion": [
            0.1883246156615111,
            -0.2446785977119267,
            -0.060785641756969815,
            0.9491950951800491
        ],
        "rotation_matrix": [
            [
                0.8728749791558369,
                0.023236860276782484,
                -0.48739031493062585
            ],
            [
                -0.2075528717755669,
                0.9216778897842749,
                -0.32776771180291864
            ],
            [
                0.44160058444414724,
                0.38725949414737826,
                0.8093324459153385
            ]
        ],
        "translation_vector": [
            [
                0.05517501567510408
            ],
            [
                0.04301494422725227
            ],
            [
                1.3394948629138526
            ]
        ],
        "rotation_vector": [
            [
                0.38316028622867926
            ],
            [
                -0.49781660885924284
            ],
            [
                -0.12367286035542165
            ]
        ],
        "object_translation_in_cam": null,
        "object_rotation_in_cam": null,
        "num_matches": 0,
        "num_inliers": 0,
        "mean_reprojection_error": null,
        "processing_time_ms": 39.47177401278168,
        "viewpoint": null,
        "bbox": [
            431,
            218,
            938,
            573
        ],
        "whole_image_estimation": false,
        "processing_mode": "VAPE_MK53_Predicted"
    },
    {
        "frame": 27,
        "timestamp": 1738066749.27695,
        "filename": "frame_00027_1738066749.277.png",
        "pose_estimation_failed": true,
        "is_predicted": true,
        "position": [
            0.055175015655095194,
            0.043014944223159546,
            1.3394948632048909
        ],
        "quaternion": [
            0.18856366518150375,
            -0.2450905063136722,
            -0.060764494215224514,
            0.9490427093292447
        ],
        "rotation_matrix": [
            [
                0.8724766399153514,
                0.02290587209868275,
                -0.4881186677698538
            ],
            [
                -0.20776652878546886,
                0.9215028408321714,
                -0.3281243420636067
            ],
            [
                0.44228676480136175,
                0.387695544676021,
                0.8087487757764511
            ]
        ],
        "translation_vector": [
            [
                0.055175015655095194
            ],
            [
                0.043014944223159546
            ],
            [
                1.3394948632048909
            ]
        ],
        "rotation_vector": [
            [
                0.3836666124060356
            ],
            [
                -0.49868061378492146
            ],
            [
                -0.12363626697476895
            ]
        ],
        "object_translation_in_cam": null,
        "object_rotation_in_cam": null,
        "num_matches": 0,
        "num_inliers": 0,
        "mean_reprojection_error": null,
        "processing_time_ms": 38.51130499970168,
        "viewpoint": null,
        "bbox": [
            380,
            214,
            931,
            507
        ],
        "whole_image_estimation": false,
        "processing_mode": "VAPE_MK53_Predicted"
    },
    {
        "frame": 28,
        "timestamp": 1738066749.41016,
        "filename": "frame_00028_1738066749.410.png",
        "pose_estimation_failed": true,
        "is_predicted": true,
        "position": [
            0.055175015682380035,
            0.04301494422952601,
            1.3394948637869675
        ],
        "quaternion": [
            0.18894951137161084,
            -0.24579475349347646,
            -0.06072374976536734,
            0.9487864077451488
        ],
        "rotation_matrix": [
            [
                0.8717951307390284,
                0.022342139668800567,
                -0.48936088811299605
            ],
            [
                -0.2081133339499922,
                0.9212214167337252,
                -0.32869429806938755
            ],
            [
                0.4434659967257235,
                0.3883966144884996,
                0.8077660426150213
            ]
        ],
        "translation_vector": [
            [
                0.055175015682380035
            ],
            [
                0.04301494422952601
            ],
            [
                1.3394948637869675
            ]
        ],
        "rotation_vector": [
            [
                0.3844853352208684
            ],
            [
                -0.5001573039615125
            ],
            [
                -0.1235641792081039
            ]
        ],
        "object_translation_in_cam": null,
        "object_rotation_in_cam": null,
        "num_matches": 0,
        "num_inliers": 0,
        "mean_reprojection_error": null,
        "processing_time_ms": 38.5322900256142,
        "viewpoint": null,
        "bbox": [
            354,
            208,
            855,
            497
        ],
        "whole_image_estimation": false,
        "processing_mode": "VAPE_MK53_Predicted"
    },
    {
        "frame": 29,
        "timestamp": 1738066749.54485,
        "filename": "frame_00029_1738066749.545.png",
        "pose_estimation_failed": true,
        "is_predicted": true,
        "position": [
            -0.005997888918836361,
            -0.05287382072686534,
            1.3468452888029474
        ],
        "quaternion": [
            0.19212048667332474,
            -0.21122050283428695,
            -0.074109488189656,
            0.9555016491577097
        ],
        "rotation_matrix": [
            [
                0.8707743161414441,
                0.021500603096445386,
                -0.4912125959448614
            ],
            [
                -0.20861869786954593,
                0.9208139505688172,
                -0.3295146542068546
            ],
            [
                0.44523064724658795,
                0.3894090298186946,
                0.8063065659214537
            ]
        ],
        "translation_vector": [
            [
                -0.005997888918836361
            ],
            [
                -0.05287382072686534
            ],
            [
                1.3468452888029474
            ]
        ],
        "rotation_vector": [
            [
                0.38567280137849336
            ],
            [
                -0.5023630420844127
            ],
            [
                -0.12344948069851107
            ]
        ],
        "object_translation_in_cam": null,
        "object_rotation_in_cam": null,
        "num_matches": 0,
        "num_inliers": 0,
        "mean_reprojection_error": null,
        "processing_time_ms": 37.0445380685851,
        "viewpoint": null,
        "bbox": [
            361,
            171,
            866,
            443
        ],
        "whole_image_estimation": false,
        "processing_mode": "VAPE_MK53_Predicted"
    },
    {
        "frame": 30,
        "timestamp": 1738066749.67611,
        "filename": "frame_00030_1738066749.676.png",
        "pose_estimation_failed": true,
        "is_predicted": false,
        "error_reason": "kf_not_initialized"
    },
    {
        "frame": 31,
        "timestamp": 1738066749.81891,
        "filename": "frame_00031_1738066749.819.png",
        "pose_estimation_failed": true,
        "is_predicted": false,
        "error_reason": "kf_not_initialized"
    },
    {
        "frame": 32,
        "timestamp": 1738066749.94502,
        "filename": "frame_00032_1738066749.945.png",
        "pose_estimation_failed": true,
        "is_predicted": false,
        "error_reason": "kf_not_initialized"
    },
    {
        "frame": 33,
        "timestamp": 1738066750.08537,
        "filename": "frame_00033_1738066750.085.png",
        "pose_estimation_failed": true,
        "is_predicted": false,
        "error_reason": "kf_not_initialized"
    },
    {
        "frame": 34,
        "timestamp": 1738066750.21305,
        "filename": "frame_00034_1738066750.213.png",
        "pose_estimation_failed": true,
        "is_predicted": false,
        "error_reason": "kf_not_initialized"
    },
    {
        "frame": 35,
        "timestamp": 1738066750.35328,
        "filename": "frame_00035_1738066750.353.png",
        "pose_estimation_failed": true,
        "is_predicted": false,
        "error_reason": "kf_not_initialized"
    },
    {
        "frame": 36,
        "timestamp": 1738066750.48134,
        "filename": "frame_00036_1738066750.481.png",
        "pose_estimation_failed": true,
        "is_predicted": false,
        "error_reason": "kf_not_initialized"
    },
    {
        "frame": 37,
        "timestamp": 1738066750.6203,
        "filename": "frame_00037_1738066750.620.png",
        "pose_estimation_failed": true,
        "is_predicted": false,
        "error_reason": "kf_not_initialized"
    },
    {
        "frame": 38,
        "timestamp": 1738066750.75196,
        "filename": "frame_00038_1738066750.752.png",
        "pose_estimation_failed": true,
        "is_predicted": false,
        "error_reason": "kf_not_initialized"
    },
    {
        "frame": 39,
        "timestamp": 1738066750.88665,
        "filename": "frame_00039_1738066750.887.png",
        "pose_estimation_failed": false,
        "is_predicted": false,
        "position": [
            -0.005997888918836361,
            -0.05287382072686534,
            1.3468452888029474
        ],
        "quaternion": [
            0.19212048667332474,
            -0.21122050283428695,
            -0.074109488189656,
            0.9555016491577097
        ],
        "rotation_matrix": [
            [
                0.8997873658853964,
                0.060463904767085075,
                -0.4321189794643792
            ],
            [
                -0.2227830479667154,
                0.9151950047213442,
                -0.3358359969862656
            ],
            [
                0.3751671757119483,
                0.3984497704271088,
                0.8369512355656716
            ]
        ],
        "translation_vector": [
            [
                -0.005997888918836361
            ],
            [
                -0.05287382072686534
            ],
            [
                1.3468452888029474
            ]
        ],
        "rotation_vector": [
            [
                0.39004375514441686
            ],
            [
                -0.4288206818310967
            ],
            [
                -0.15045736956972705
            ]
        ],
        "object_translation_in_cam": [
            -0.005997888918836361,
            -0.05287382072686534,
            1.3468452888029474
        ],
        "object_rotation_in_cam": [
            [
                0.8997873658853964,
                0.060463904767085075,
                -0.4321189794643792
            ],
            [
                -0.2227830479667154,
                0.9151950047213442,
                -0.3358359969862656
            ],
            [
                0.3751671757119483,
                0.3984497704271088,
                0.8369512355656716
            ]
        ],
        "num_matches": 20,
        "num_inliers": 16,
        "mean_reprojection_error": 4.0888150557791345,
        "processing_time_ms": 39.42238900344819,
        "viewpoint": "NW",
        "bbox": [
            361,
            104,
            885,
            413
        ],
        "whole_image_estimation": false,
        "processing_mode": "VAPE_MK53_Measurement"
    },
    {
        "frame": 40,
        "timestamp": 1738066751.02047,
        "filename": "frame_00040_1738066751.020.png",
        "pose_estimation_failed": true,
        "is_predicted": true,
        "position": [
            -0.005997888920489913,
            -0.052873820734475885,
            1.3468452892411733
        ],
        "quaternion": [
            0.19216400437353282,
            -0.2112108301558985,
            -0.07411899245014184,
            0.9554942990966304
        ],
        "rotation_matrix": [
            [
                0.8997927203660641,
                0.06046631170216227,
                -0.43210749302155715
            ],
            [
                -0.22281478726142456,
                0.9151587407626094,
                -0.33591375348955466
            ],
            [
                0.3751354834641536,
                0.3985326891924076,
                0.8369259612959701
            ]
        ],
        "translation_vector": [
            [
                -0.005997888920489913
            ],
            [
                -0.052873820734475885
            ],
            [
                1.3468452892411733
            ]
        ],
        "rotation_vector": [
            [
                0.39013308106702554
            ],
            [
                -0.42880211719190264
            ],
            [
                -0.1504770416521365
            ]
        ],
        "object_translation_in_cam": null,
        "object_rotation_in_cam": null,
        "num_matches": 0,
        "num_inliers": 0,
        "mean_reprojection_error": null,
        "processing_time_ms": 36.62719298154116,
        "viewpoint": null,
        "bbox": [
            405,
            105,
            928,
            413
        ],
        "whole_image_estimation": false,
        "processing_mode": "VAPE_MK53_Predicted"
    },
    {
        "frame": 41,
        "timestamp": 1738066751.1582,
        "filename": "frame_00041_1738066751.158.png",
        "pose_estimation_failed": true,
        "is_predicted": true,
        "position": [
            -0.005997888919466732,
            -0.05287382071628599,
            1.3468452890519984
        ],
        "quaternion": [
            0.19240853206570752,
            -0.21165042411658241,
            -0.07410350914889927,
            0.9553490067464399
        ],
        "rotation_matrix": [
            [
                0.8994255358061796,
                0.060142732892941184,
                -0.4329163397469945
            ],
            [
                -0.2230361225543654,
                0.9149752534402772,
                -0.3362665217172453
            ],
            [
                0.37588375008196473,
                0.39900267827681163,
                0.8363661095191808
            ]
        ],
        "translation_vector": [
            [
                -0.005997888919466732
            ],
            [
                -0.05287382071628599
            ],
            [
                1.3468452890519984
            ]
        ],
        "rotation_vector": [
            [
                0.3906488445758237
            ],
            [
                -0.42971583820872566
            ],
            [
                -0.1504530486108879
            ]
        ],
        "object_translation_in_cam": null,
        "object_rotation_in_cam": null,
        "num_matches": 0,
        "num_inliers": 0,
        "mean_reprojection_error": null,
        "processing_time_ms": 38.382450002245605,
        "viewpoint": null,
        "bbox": [
            446,
            110,
            963,
            430
        ],
        "whole_image_estimation": false,
        "processing_mode": "VAPE_MK53_Predicted"
    },
    {
        "frame": 42,
        "timestamp": 1738066751.28912,
        "filename": "frame_00042_1738066751.289.png",
        "pose_estimation_failed": true,
        "is_predicted": true,
        "position": [
            -0.005997888917079308,
            -0.05287382069082014,
            1.3468452894012444
        ],
        "quaternion": [
            0.19278850058523853,
            -0.2123794308462399,
            -0.07407341313819812,
            0.955112925711709
        ],
        "rotation_matrix": [
            [
                0.89881621363897,
                0.059608324623767237,
                -0.43425368361736777
            ],
            [
                -0.223385572735739,
                0.9146914470163066,
                -0.33680623902882356
            ],
            [
                0.3771316746087913,
                0.3997329163213392,
                0.8354551427910454
            ]
        ],
        "translation_vector": [
            [
                -0.005997888917079308
            ],
            [
                -0.05287382069082014
            ],
            [
                1.3468452894012444
            ]
        ],
        "rotation_vector": [
            [
                0.3914517595419166
            ],
            [
                -0.43123060578249545
            ],
            [
                -0.1504040325029799
            ]
        ],
        "object_translation_in_cam": null,
        "object_rotation_in_cam": null,
        "num_matches": 0,
        "num_inliers": 0,
        "mean_reprojection_error": null,
        "processing_time_ms": 38.67999499198049,
        "viewpoint": null,
        "bbox": [
            484,
            109,
            982,
            423
        ],
        "whole_image_estimation": false,
        "processing_mode": "VAPE_MK53_Predicted"
    },
    {
        "frame": 43,
        "timestamp": 1738066751.42404,
        "filename": "frame_00043_1738066751.424.png",
        "pose_estimation_failed": true,
        "is_predicted": true,
        "position": [
            0.02159214768956616,
            0.03685069138381084,
            1.4020809533853165
        ],
        "quaternion": [
            0.17403987367817556,
            -0.17677441348999304,
            -0.05512079885716554,
            0.9671724906337553
        ],
        "rotation_matrix": [
            [
                0.8978865538052081,
                0.05879572401641779,
                -0.4362829349552791
            ],
            [
                -0.2239089360044692,
                0.9142703244025814,
                -0.3376011882297589
            ],
            [
                0.37903103418210177,
                0.40081521522290514,
                0.834075918830332
            ]
        ],
        "translation_vector": [
            [
                0.02159214768956616
            ],
            [
                0.03685069138381084
            ],
            [
                1.4020809533853165
            ]
        ],
        "rotation_vector": [
            [
                0.3926441325949988
            ],
            [
                -0.43353349777671113
            ],
            [
                -0.15032483771411911
            ]
        ],
        "object_translation_in_cam": null,
        "object_rotation_in_cam": null,
        "num_matches": 0,
        "num_inliers": 0,
        "mean_reprojection_error": null,
        "processing_time_ms": 38.31228299532086,
        "viewpoint": null,
        "bbox": [
            472,
            129,
            979,
            448
        ],
        "whole_image_estimation": false,
        "processing_mode": "VAPE_MK53_Predicted"
    },
    {
        "frame": 44,
        "timestamp": 1738066751.55604,
        "filename": "frame_00044_1738066751.556.png",
        "pose_estimation_failed": true,
        "is_predicted": false,
        "error_reason": "kf_not_initialized"
    },
    {
        "frame": 45,
        "timestamp": 1738066751.7004,
        "filename": "frame_00045_1738066751.700.png",
        "pose_estimation_failed": true,
        "is_predicted": false,
        "error_reason": "kf_not_initialized"
    },
    {
        "frame": 46,
        "timestamp": 1738066751.83411,
        "filename": "frame_00046_1738066751.834.png",
        "pose_estimation_failed": true,
        "is_predicted": false,
        "error_reason": "kf_not_initialized"
    },
    {
        "frame": 47,
        "timestamp": 1738066751.96317,
        "filename": "frame_00047_1738066751.963.png",
        "pose_estimation_failed": true,
        "is_predicted": false,
        "error_reason": "kf_not_initialized"
    },
    {
        "frame": 48,
        "timestamp": 1738066752.09265,
        "filename": "frame_00048_1738066752.093.png",
        "pose_estimation_failed": true,
        "is_predicted": false,
        "error_reason": "kf_not_initialized"
    },
    {
        "frame": 49,
        "timestamp": 1738066752.24158,
        "filename": "frame_00049_1738066752.242.png",
        "pose_estimation_failed": true,
        "is_predicted": false,
        "error_reason": "kf_not_initialized"
    },
    {
        "frame": 50,
        "timestamp": 1738066752.36079,
        "filename": "frame_00050_1738066752.361.png",
        "pose_estimation_failed": false,
        "is_predicted": false,
        "position": [
            0.02159214768956616,
            0.03685069138381084,
            1.4020809533853165
        ],
        "quaternion": [
            0.17403987367817556,
            -0.17677441348999304,
            -0.05512079885716554,
            0.9671724906337553
        ],
        "rotation_matrix": [
            [
                0.9314250085372338,
                0.045091047446150175,
                -0.3611291332911582
            ],
            [
                -0.16815423381947803,
                0.9333436398068652,
                -0.31716526241165977
            ],
            [
                0.3227562658105933,
                0.35614104996796103,
                0.8769218582107073
            ]
        ],
        "translation_vector": [
            [
                0.02159214768956616
            ],
            [
                0.03685069138381084
            ],
            [
                1.4020809533853165
            ]
        ],
        "rotation_vector": [
            [
                0.3519393393505489
            ],
            [
                -0.3574690614450295
            ],
            [
                -0.11146398307629873
            ]
        ],
        "object_translation_in_cam": [
            0.02159214768956616,
            0.03685069138381084,
            1.4020809533853165
        ],
        "object_rotation_in_cam": [
            [
                0.9314250085372338,
                0.045091047446150175,
                -0.3611291332911582
            ],
            [
                -0.16815423381947803,
                0.9333436398068652,
                -0.31716526241165977
            ],
            [
                0.3227562658105933,
                0.35614104996796103,
                0.8769218582107073
            ]
        ],
        "num_matches": 18,
        "num_inliers": 14,
        "mean_reprojection_error": 4.141918150728292,
        "processing_time_ms": 222.58983901701868,
        "viewpoint": "NW",
        "bbox": [
            388,
            210,
            911,
            500
        ],
        "whole_image_estimation": false,
        "processing_mode": "VAPE_MK53_Measurement"
    },
    {
        "frame": 51,
        "timestamp": 1738066752.50043,
        "filename": "frame_00051_1738066752.500.png",
        "pose_estimation_failed": true,
        "is_predicted": true,
        "position": [
            0.02159214767652884,
            0.03685069137645769,
            1.4020809535722947
        ],
        "quaternion": [
            0.17409122714487874,
            -0.1767642002523562,
            -0.055130076765652375,
            0.9671645861879705
        ],
        "rotation_matrix": [
            [
                0.9314301842899164,
                0.045093522688694904,
                -0.36111547461328297
            ],
            [
                -0.16818590883755805,
                0.933305838534007,
                -0.31725969146240224
            ],
            [
                0.3227248237463878,
                0.35623978717972843,
                0.8768933242806702
            ]
        ],
        "translation_vector": [
            [
                0.02159214767652884
            ],
            [
                0.03685069137645769
            ],
            [
                1.4020809535722947
            ]
        ],
        "rotation_vector": [
            [
                0.35204412713380584
            ],
            [
                -0.35744936495024643
            ],
            [
                -0.11148304295444064
            ]
        ],
        "object_translation_in_cam": null,
        "object_rotation_in_cam": null,
        "num_matches": 0,
        "num_inliers": 0,
        "mean_reprojection_error": null,
        "processing_time_ms": 38.35927392356098,
        "viewpoint": null,
        "bbox": [
            399,
            235,
            909,
            575
        ],
        "whole_image_estimation": false,
        "processing_mode": "VAPE_MK53_Predicted"
    },
    {
        "frame": 52,
        "timestamp": 1738066752.63338,
        "filename": "frame_00052_1738066752.633.png",
        "pose_estimation_failed": false,
        "is_predicted": false,
        "position": [
            0.017014205189446612,
            0.07357026921507984,
            1.420372990945655
        ],
        "quaternion": [
            0.17612489601496725,
            -0.166276153137883,
            -0.057579500170576815,
            0.968512706711425
        ],
        "rotation_matrix": [
            [
                0.9380736841155476,
                0.052962214760235805,
                -0.34236350123454223
            ],
            [
                -0.1701036954849495,
                0.931329244327647,
                -0.3220102039415173
            ],
            [
                0.30179876731399574,
                0.36030659509337964,
                0.8826645238027685
            ]
        ],
        "translation_vector": [
            [
                0.017014205189446612
            ],
            [
                0.07357026921507984
            ],
            [
                1.420372990945655
            ]
        ],
        "rotation_vector": [
            [
                0.3559941252207361
            ],
            [
                -0.3360872597838724
            ],
            [
                -0.11638311367479692
            ]
        ],
        "object_translation_in_cam": [
            0.017008667321288706,
            0.07361468828831202,
            1.4203951182848273
        ],
        "object_rotation_in_cam": [
            [
                0.946439663136901,
                0.06371440015856339,
                -0.3165318929487895
            ],
            [
                -0.1720301442303404,
                0.92910918599478,
                -0.32735569336152615
            ],
            [
                0.2732354177580164,
                0.36427543934851236,
                0.8903065824591272
            ]
        ],
        "num_matches": 22,
        "num_inliers": 17,
        "mean_reprojection_error": 4.545063524271176,
        "processing_time_ms": 40.73636594694108,
        "viewpoint": "NW",
        "bbox": [
            384,
            240,
            891,
            587
        ],
        "whole_image_estimation": false,
        "processing_mode": "VAPE_MK53_Measurement"
    },
    {
        "frame": 53,
        "timestamp": 1738066752.77035,
        "filename": "frame_00053_1738066752.770.png",
        "pose_estimation_failed": false,
        "is_predicted": false,
        "position": [
            0.006208164142583681,
            0.07726476266754112,
            1.4387038824126215
        ],
        "quaternion": [
            0.16743535657301778,
            -0.15996809089649144,
            -0.060246188378695116,
            0.9709510842725482
        ],
        "rotation_matrix": [
            [
                0.9415612133615412,
                0.0634235751800465,
                -0.3308170666766199
            ],
            [
                -0.17056083253828241,
                0.9366715963102104,
                -0.30586814654280425
            ],
            [
                0.29046769854321186,
                0.34441801749772527,
                0.8927512225283964
            ]
        ],
        "translation_vector": [
            [
                0.006208164142583681
            ],
            [
                0.07726476266754112
            ],
            [
                1.4387038824126215
            ]
        ],
        "rotation_vector": [
            [
                0.3381514090036536
            ],
            [
                -0.3230705654972176
            ],
            [
                -0.12167282887154732
            ]
        ],
        "object_translation_in_cam": [
            0.005882941393436594,
            0.07733770374256306,
            1.439244122498272
        ],
        "object_rotation_in_cam": [
            [
                0.9428137994293949,
                0.06733070895805454,
                -0.32644864103977295
            ],
            [
                -0.17070020979914435,
                0.9387398491525191,
                -0.2993809178749271
            ],
            [
                0.28629281859668937,
                0.3379853121724545,
                0.8965502500003286
            ]
        ],
        "num_matches": 25,
        "num_inliers": 20,
        "mean_reprojection_error": 4.420802086828969,
        "processing_time_ms": 43.13265299424529,
        "viewpoint": "NW",
        "bbox": null,
        "whole_image_estimation": true,
        "processing_mode": "VAPE_MK53_Measurement"
    },
    {
        "frame": 54,
        "timestamp": 1738066752.90005,
        "filename": "frame_00054_1738066752.900.png",
        "pose_estimation_failed": true,
        "is_predicted": true,
        "position": [
            0.00020231652084312657,
            0.07983603498360026,
            1.4490470180171542
        ],
        "quaternion": [
            0.16703338992544242,
            -0.15823920658448465,
            -0.0610921321649119,
            0.9712507150767369
        ],
        "rotation_matrix": [
            [
                0.9424562097741155,
                0.06580909191162868,
                -0.32778873696326927
            ],
            [
                -0.17153401629130416,
                0.93673519607512,
                -0.3051282577688946
            ],
            [
                0.2869710332301557,
                0.3437969398582151,
                0.8941204002990557
            ]
        ],
        "translation_vector": [
            [
                0.00020231652084312657
            ],
            [
                0.07983603498360026
            ],
            [
                1.4490470180171542
            ]
        ],
        "rotation_vector": [
            [
                0.33730544811775254
            ],
            [
                -0.3195465679682477
            ],
            [
                -0.12336880084606226
            ]
        ],
        "object_translation_in_cam": null,
        "object_rotation_in_cam": null,
        "num_matches": 0,
        "num_inliers": 0,
        "mean_reprojection_error": null,
        "processing_time_ms": 36.76584898494184,
        "viewpoint": null,
        "bbox": [
            362,
            242,
            877,
            525
        ],
        "whole_image_estimation": false,
        "processing_mode": "VAPE_MK53_Predicted"
    },
    {
