[
    {
        "frame": 1,
        "timestamp": 1738066745.80431,
        "filename": "frame_00001_1738066745.804.png",
        "pose_estimation_failed": false,
        "is_predicted": false,
        "position": [
            0.06160390155560863,
            0.2042966065444898,
            1.3539058337159462
        ],
        "quaternion": [
            0.13315661262438108,
            -0.2496354450955494,
            -0.07517410436626071,
            0.9561905223850936
        ],
        "rotation_matrix": [
            [
                0.864061997169355,
                0.07728031172780668,
                -0.49741795149246343
            ],
            [
                -0.21024275276741877,
                0.9532363410942621,
                -0.21711393996241146
            ],
            [
                0.4573782351145315,
                0.29217842397493454,
                0.8399029221326949
            ]
        ],
        "translation_vector": [
            [
                0.06160390155560863
            ],
            [
                0.2042966065444898
            ],
            [
                1.3539058337159462
            ]
        ],
        "rotation_vector": [
            [
                0.2702716949269256
            ],
            [
                -0.5066920337642917
            ],
            [
                -0.1525829788040338
            ]
        ],
        "object_translation_in_cam": [
            0.06160390155560863,
            0.2042966065444898,
            1.3539058337159462
        ],
        "object_rotation_in_cam": [
            [
                0.864061997169355,
                0.07728031172780668,
                -0.49741795149246343
            ],
            [
                -0.21024275276741877,
                0.9532363410942621,
                -0.21711393996241146
            ],
            [
                0.4573782351145315,
                0.29217842397493454,
                0.8399029221326949
            ]
        ],
        "num_matches": 29,
        "num_inliers": 21,
        "mean_reprojection_error": 3.7734065678008966,
        "processing_time_ms": 589.3087689764798,
        "viewpoint": "NW",
        "bbox": [
            441,
            370,
            950,
            720
        ],
        "whole_image_estimation": false,
        "processing_mode": "VAPE_MK53_Measurement"
    },
    {
        "frame": 2,
        "timestamp": 1738066745.92557,
        "filename": "frame_00002_1738066745.926.png",
        "pose_estimation_failed": false,
        "is_predicted": false,
        "position": [
            0.055871002508658896,
            0.21153276929875675,
            1.3612440853171586
        ],
        "quaternion": [
            0.14307594308056606,
            -0.2520911958458949,
            -0.07687539374926783,
            0.9539756167347718
        ],
        "rotation_matrix": [
            [
                0.8610804056257634,
                0.0745381311514542,
                -0.5029757469817202
            ],
            [
                -0.2188108735032906,
                0.9472388966950033,
                -0.2342227021976303
            ],
            [
                0.4589796691402548,
                0.3117411419631382,
                0.8319586069771866
            ]
        ],
        "translation_vector": [
            [
                0.055871002508658896
            ],
            [
                0.21153276929875675
            ],
            [
                1.3612440853171586
            ]
        ],
        "rotation_vector": [
            [
                0.29062432021536105
            ],
            [
                -0.512062551170715
            ],
            [
                -0.15615384787006772
            ]
        ],
        "object_translation_in_cam": [
            0.055866472095009716,
            0.21153848753944532,
            1.3612498846060257
        ],
        "object_rotation_in_cam": [
            [
                0.8568174208931286,
                0.07040294817581387,
                -0.510790888859816
            ],
            [
                -0.23105689408818153,
                0.9380285460689156,
                -0.258292776620174
            ],
            [
                0.4609518618558452,
                0.33933150700751313,
                0.8199862861070543
            ]
        ],
        "num_matches": 27,
        "num_inliers": 19,
        "mean_reprojection_error": 3.0858688475569287,
        "processing_time_ms": 43.140476918779314,
        "viewpoint": "NW",
        "bbox": [
            440,
            370,
            943,
            720
        ],
        "whole_image_estimation": false,
        "processing_mode": "VAPE_MK53_Measurement"
    },
    {
        "frame": 3,
        "timestamp": 1738066746.05613,
        "filename": "frame_00003_1738066746.056.png",
        "pose_estimation_failed": false,
        "is_predicted": false,
        "position": [
            0.053650448849691536,
            0.21653579963975395,
            1.3896385660872839
        ],
        "quaternion": [
            0.14602144946322074,
            -0.2571823088280873,
            -0.08381133948766686,
            0.9515832363465623
        ],
        "rotation_matrix": [
            [
                0.8536658387982747,
                0.08439866432167899,
                -0.5139372540783113
            ],
            [
                -0.23461519836717898,
                0.9433067913398863,
                -0.2347935393216296
            ],
            [
                0.4649842409845385,
                0.32101271450328084,
                0.8250699926450287
            ]
        ],
        "translation_vector": [
            [
                0.053650448849691536
            ],
            [
                0.21653579963975395
            ],
            [
                1.3896385660872839
            ]
        ],
        "rotation_vector": [
            [
                0.29684937227552594
            ],
            [
                -0.5228300856937973
            ],
            [
                -0.17038143100169276
            ]
        ],
        "object_translation_in_cam": [
            0.05357978175309348,
            0.2166979510724486,
            1.390576274582433
        ],
        "object_rotation_in_cam": [
            [
                0.8532453731950504,
                0.08495240116112662,
                -0.5145438976979497
            ],
            [
                -0.23556270016683256,
                0.943037774206852,
                -0.2349254577713905
            ],
            [
                0.46527685028523624,
                0.32165640978526366,
                0.8246542345933261
            ]
        ],
        "num_matches": 29,
        "num_inliers": 18,
        "mean_reprojection_error": 3.8621534021515576,
        "processing_time_ms": 44.00766803883016,
        "viewpoint": "NW",
        "bbox": [
            435,
            370,
            930,
            720
        ],
        "whole_image_estimation": false,
        "processing_mode": "VAPE_MK53_Measurement"
    },
    {
        "frame": 4,
        "timestamp": 1738066746.18519,
        "filename": "frame_00004_1738066746.185.png",
        "pose_estimation_failed": false,
        "is_predicted": false,
        "position": [
            0.05357197934759564,
            0.20205176301521877,
            1.3588293986822146
        ],
        "quaternion": [
            0.1548084840454521,
            -0.26336662081791506,
            -0.08502694057077563,
            0.9483895695776474
        ],
        "rotation_matrix": [
            [
                0.8468168848322527,
                0.07973455250685454,
                -0.525874095862813
            ],
            [
                -0.2428201017748339,
                0.9376095052894455,
                -0.24885098706844713
            ],
            [
                0.47322252877167487,
                0.3384240191348906,
                0.8133447126130031
            ]
        ],
        "translation_vector": [
            [
                0.05357197934759564
            ],
            [
                0.20205176301521877
            ],
            [
                1.3588293986822146
            ]
        ],
        "rotation_vector": [
            [
                0.31505590669246436
            ],
            [
                -0.5359861898134535
            ],
            [
                -0.1730411612773555
            ]
        ],
        "object_translation_in_cam": [
            0.0536234290521785,
            0.20130094424631564,
            1.3568099925224442
        ],
        "object_rotation_in_cam": [
            [
                0.8409497914298203,
                0.07163553147380916,
                -0.5363504441357411
            ],
            [
                -0.24948518987582938,
                0.9308885457574456,
                -0.26684013080908486
            ],
            [
                0.48016725036883046,
                0.3582106447441966,
                0.8007025325707318
            ]
        ],
        "num_matches": 26,
        "num_inliers": 18,
        "mean_reprojection_error": 3.899312626721285,
        "processing_time_ms": 42.33844205737114,
        "viewpoint": "NW",
        "bbox": [
            434,
            365,
            928,
            720
        ],
        "whole_image_estimation": false,
        "processing_mode": "VAPE_MK53_Measurement"
    },
    {
        "frame": 5,
        "timestamp": 1738066746.32493,
        "filename": "frame_00005_1738066746.325.png",
        "pose_estimation_failed": false,
        "is_predicted": false,
        "position": [
            0.051311124581877726,
            0.19533183523926673,
            1.3520626224952699
        ],
        "quaternion": [
            0.16511005631121897,
            -0.26251450438629226,
            -0.09007715633453448,
            0.9464200495543241
        ],
        "rotation_matrix": [
            [
                0.8459444817870063,
                0.08381408432022053,
                -0.526643269209506
            ],
            [
                -0.25718922272715034,
                0.9292495504231799,
                -0.2652338152485884
            ],
            [
                0.46715269179050817,
                0.35982005545533596,
                0.8076496085834509
            ]
        ],
        "translation_vector": [
            [
                0.051311124581877726
            ],
            [
                0.19533183523926673
            ],
            [
                1.3520626224952699
            ]
        ],
        "rotation_vector": [
            [
                0.3362472116660937
            ],
            [
                -0.5346117135071168
            ],
            [
                -0.18344244638380636
            ]
        ],
        "object_translation_in_cam": [
            0.0512620295576639,
            0.1952518319562223,
            1.3519282496139655
        ],
        "object_rotation_in_cam": [
            [
                0.8468141831424463,
                0.08508944873065853,
                -0.5250385937657384
            ],
            [
                -0.2617077119665191,
                0.9260193183652575,
                -0.2720244391807347
            ],
            [
                0.4630494711432471,
                0.367760802328166,
                0.8064348575953936
            ]
        ],
        "num_matches": 25,
        "num_inliers": 17,
        "mean_reprojection_error": 2.979262424567871,
        "processing_time_ms": 42.96136507764459,
        "viewpoint": "NW",
        "bbox": [
            433,
            351,
            930,
            719
        ],
        "whole_image_estimation": false,
        "processing_mode": "VAPE_MK53_Measurement"
    },
    {
        "frame": 6,
        "timestamp": 1738066746.46205,
        "filename": "frame_00006_1738066746.462.png",
        "pose_estimation_failed": false,
        "is_predicted": false,
        "position": [
            0.04175449937634246,
            0.20302155745170633,
            1.4027704796577027
        ],
        "quaternion": [
            0.15801635496203364,
            -0.2696571367625314,
            -0.08903660144353646,
            0.9457210708030837
        ],
        "rotation_matrix": [
            [
                0.8387150243928365,
                0.08318710443426974,
                -0.5381793506941395
            ],
            [
                -0.253628055797125,
                0.9342066303357949,
                -0.25086008281352784
            ],
            [
                0.4819023938208795,
                0.34689750286285065,
                0.8046317203150921
            ]
        ],
        "translation_vector": [
            [
                0.04175449937634246
            ],
            [
                0.20302155745170633
            ],
            [
                1.4027704796577027
            ]
        ],
        "rotation_vector": [
            [
                0.32187778782196463
            ],
            [
                -0.5492889813360337
            ],
            [
                -0.18136669659743315
            ]
        ],
        "object_translation_in_cam": [
            0.0414863235668157,
            0.20345305658214966,
            1.40458990571988
        ],
        "object_rotation_in_cam": [
            [
                0.8385332323277568,
                0.08311528068127029,
                -0.5384736468939199
            ],
            [
                -0.2533104308634796,
                0.9344623248726267,
                -0.250227874165537
            ],
            [
                0.48238557596358805,
                0.3462253796458589,
                0.8046316813246657
            ]
        ],
        "num_matches": 29,
        "num_inliers": 20,
        "mean_reprojection_error": 2.954870717185417,
        "processing_time_ms": 40.70249409414828,
        "viewpoint": "NW",
        "bbox": [
            422,
            356,
            922,
            720
        ],
        "whole_image_estimation": false,
        "processing_mode": "VAPE_MK53_Measurement"
    },
    {
        "frame": 7,
        "timestamp": 1738066746.60113,
        "filename": "frame_00007_1738066746.601.png",
        "pose_estimation_failed": false,
        "is_predicted": false,
        "position": [
            0.03582322389764418,
            0.20222006524591896,
            1.3596330489262303
        ],
        "quaternion": [
            0.15207850185787714,
            -0.263418752552996,
            -0.09038382643402991,
            0.9483213875027973
        ],
        "rotation_matrix": [
            [
                0.8448826494451332,
                0.09130517288440151,
                -0.5271021476631658
            ],
            [
                -0.2515464898825235,
                0.9374057863836136,
                -0.2408210021619802
            ],
            [
                0.4721203999980871,
                0.33605618140285487,
                0.8149653801521742
            ]
        ],
        "translation_vector": [
            [
                0.03582322389764418
            ],
            [
                0.20222006524591896
            ],
            [
                1.3596330489262303
            ]
        ],
        "rotation_vector": [
            [
                0.3095072370018043
            ],
            [
                -0.536104770109667
            ],
            [
                -0.1839474222029776
            ]
        ],
        "object_translation_in_cam": [
            0.03575118592594787,
            0.20224758466635148,
            1.35724832731133
        ],
        "object_rotation_in_cam": [
            [
                0.8478220595926818,
                0.09344599913611966,
                -0.5219823756732364
            ],
            [
                -0.24997803200044372,
                0.9385442279524955,
                -0.23800360437236964
            ],
            [
                0.4676630611724732,
                0.3322688330591761,
                0.8190779473238704
            ]
        ],
        "num_matches": 28,
        "num_inliers": 19,
        "mean_reprojection_error": 3.609321628988809,
        "processing_time_ms": 40.40987801272422,
        "viewpoint": "NW",
        "bbox": [
            420,
            363,
            916,
            720
        ],
        "whole_image_estimation": false,
        "processing_mode": "VAPE_MK53_Measurement"
    },
    {
        "frame": 8,
        "timestamp": 1738066746.72605,
        "filename": "frame_00008_1738066746.726.png",
        "pose_estimation_failed": false,
        "is_predicted": false,
        "position": [
            0.024363398701862632,
            0.17958467154490088,
            1.3152423539414622
        ],
        "quaternion": [
            0.15493436985314601,
            -0.27241149746214555,
            -0.08651143941718353,
            0.9456759952217287
        ],
        "rotation_matrix": [
            [
                0.8366154938007969,
                0.07921177573771986,
                -0.5420332186470918
            ],
            [
                -0.24803539053791746,
                0.937022223776351,
                -0.2459020072913692
            ],
            [
                0.4884188372423319,
                0.34016885032833183,
                0.80357463417728
            ]
        ],
        "translation_vector": [
            [
                0.024363398701862632
            ],
            [
                0.17958467154490088
            ],
            [
                1.3152423539414622
            ]
        ],
        "rotation_vector": [
            [
                0.31560467933037467
            ],
            [
                -0.5549081419696489
            ],
            [
                -0.17622568266517488
            ]
        ],
        "object_translation_in_cam": [
            0.023779062247177865,
            0.17774017395080646,
            1.31178743739992
        ],
        "object_rotation_in_cam": [
            [
                0.8071383058456849,
                0.02103003500951843,
                -0.5899877056889035
            ],
            [
                -0.2240203624249119,
                0.9355302671201606,
                -0.27312633802160496
            ],
            [
                0.5462074994501346,
                0.3526199894072645,
                0.7598134709353683
            ]
        ],
        "num_matches": 23,
        "num_inliers": 13,
        "mean_reprojection_error": 4.392126341348102,
        "processing_time_ms": 50.718205980956554,
        "viewpoint": "NW",
        "bbox": [
            402,
            336,
            901,
            720
        ],
        "whole_image_estimation": false,
        "processing_mode": "VAPE_MK53_Measurement"
    },
    {
        "frame": 9,
        "timestamp": 1738066746.86356,
        "filename": "frame_00009_1738066746.864.png",
        "pose_estimation_failed": false,
        "is_predicted": false,
        "position": [
            0.03343032885946226,
            0.14594830052203614,
            1.3449902511100702
        ],
        "quaternion": [
            0.16478510578855385,
            -0.27085363230267595,
            -0.08427804210201169,
            0.9446594044406447
        ],
        "rotation_matrix": [
            [
                0.8390710429757967,
                0.06996280121459882,
                -0.5395043941301267
            ],
            [
                -0.24849337902344093,
                0.9314861610594133,
                -0.26567757213643234
            ],
            [
                0.483953329796398,
                0.35698562744318324,
                0.7989683575574038
            ]
        ],
        "translation_vector": [
            [
                0.03343032885946226
            ],
            [
                0.14594830052203614
            ],
            [
                1.3449902511100702
            ]
        ],
        "rotation_vector": [
            [
                0.3357875992992458
            ],
            [
                -0.5519266472365468
            ],
            [
                -0.17173591809558422
            ]
        ],
        "object_translation_in_cam": [
            0.034659085579979605,
            0.14410046161106496,
            1.3485378159132562
        ],
        "object_rotation_in_cam": [
            [
                0.8459727836253703,
                0.05796520335920012,
                -0.5300661133902723
            ],
            [
                -0.24641683770191686,
                0.9240579605537494,
                -0.292225302864472
            ],
            [
                0.47287291259082453,
                0.3778318683446009,
                0.7960114872293607
            ]
        ],
        "num_matches": 24,
        "num_inliers": 13,
        "mean_reprojection_error": 4.469366600355527,
        "processing_time_ms": 39.73274596501142,
        "viewpoint": "NW",
        "bbox": [
            423,
            299,
            913,
            610
        ],
        "whole_image_estimation": false,
        "processing_mode": "VAPE_MK53_Measurement"
    },
    {
        "frame": 10,
        "timestamp": 1738066746.99261,
        "filename": "frame_00010_1738066746.993.png",
        "pose_estimation_failed": false,
        "is_predicted": false,
        "position": [
            0.04077048166079758,
            0.1269381014752195,
            1.3389851926598944
        ],
        "quaternion": [
            0.16983936411136183,
            -0.2650189154667196,
            -0.08281063236300171,
            0.9455484990262168
        ],
        "rotation_matrix": [
            [
                0.845814747224967,
                0.06658165010779543,
                -0.5293054857506092
            ],
            [
                -0.24662422642919712,
                0.9285939791317761,
                -0.2772899436662188
            ],
            [
                0.47304746518184126,
                0.3650754795780426,
                0.801839129686184
            ]
        ],
        "translation_vector": [
            [
                0.04077048166079758
            ],
            [
                0.1269381014752195
            ],
            [
                1.3389851926598944
            ]
        ],
        "rotation_vector": [
            [
                0.3459815633529092
            ],
            [
                -0.5398728331975319
            ],
            [
                -0.1686944142608084
            ]
        ],
        "object_translation_in_cam": [
            0.041411871809420006,
            0.1267663396268753,
            1.3389360988222985
        ],
        "object_rotation_in_cam": [
            [
                0.8465340178201382,
                0.06638572576616175,
                -0.528179034123652
            ],
            [
                -0.2464414166535322,
                0.9283401533884713,
                -0.278300534969787
            ],
            [
                0.47185462255984534,
                0.36575605944559475,
                0.8022317122550918
            ]
        ],
        "num_matches": 21,
        "num_inliers": 14,
        "mean_reprojection_error": 3.8689783248617715,
        "processing_time_ms": 40.40085605811328,
        "viewpoint": "NW",
        "bbox": [
            418,
            279,
            927,
            607
        ],
        "whole_image_estimation": false,
        "processing_mode": "VAPE_MK53_Measurement"
    },
    {
        "frame": 11,
        "timestamp": 1738066747.13086,
        "filename": "frame_00011_1738066747.131.png",
        "pose_estimation_failed": false,
        "is_predicted": false,
        "position": [
            0.047867555542163195,
            0.09247588593813051,
            1.3404075846227281
        ],
        "quaternion": [
            0.1798182644226505,
            -0.2618254257841091,
            -0.07897267915745104,
            0.9449212422946635
        ],
        "rotation_matrix": [
            [
                0.8504215247193285,
                0.055083936901153055,
                -0.5232102733982985
            ],
            [
                -0.24340791148603302,
                0.9228574154534401,
                -0.29847408491961946
            ],
            [
                0.46640735298669983,
                0.3811823063024653,
                0.7982256763859914
            ]
        ],
        "translation_vector": [
            [
                0.047867555542163195
            ],
            [
                0.09247588593813051
            ],
            [
                1.3404075846227281
            ]
        ],
        "rotation_vector": [
            [
                0.36638829575079246
            ],
            [
                -0.5334818008908649
            ],
            [
                -0.16091060282599362
            ]
        ],
        "object_translation_in_cam": [
            0.048207292768265644,
            0.09175330661840224,
            1.3408107180360092
        ],
        "object_rotation_in_cam": [
            [
                0.8574240275799208,
                0.04325208706100876,
                -0.5127897170317423
            ],
            [
                -0.23927848466897106,
                0.9157019045203789,
                -0.3228557399710773
            ],
            [
                0.45559833593105714,
                0.39952381533848247,
                0.7954941088871958
            ]
        ],
        "num_matches": 24,
        "num_inliers": 15,
        "mean_reprojection_error": 3.498507508684371,
        "processing_time_ms": 47.32885991688818,
        "viewpoint": "NW",
        "bbox": [
            425,
            249,
            932,
            720
        ],
        "whole_image_estimation": false,
        "processing_mode": "VAPE_MK53_Measurement"
    },
    {
        "frame": 12,
        "timestamp": 1738066747.26092,
        "filename": "frame_00012_1738066747.261.png",
        "pose_estimation_failed": false,
        "is_predicted": false,
        "position": [
            0.0413722041867477,
            0.07656517406318543,
            1.3295846543046335
        ],
        "quaternion": [
            0.18310684217054388,
            -0.25276438218731234,
            -0.0786690824745714,
            0.9467804533842084
        ],
        "rotation_matrix": [
            [
                0.8598426851201508,
                0.056398923474174315,
                -0.5074344472701114
            ],
            [
                -0.24153047481620327,
                0.9205661196258812,
                -0.3069544740381009
            ],
            [
                0.4498150581966201,
                0.38649344215381193,
                0.8051641028955957
            ]
        ],
        "translation_vector": [
            [
                0.0413722041867477
            ],
            [
                0.07656517406318543
            ],
            [
                1.3295846543046335
            ]
        ],
        "rotation_vector": [
            [
                0.3728517884871062
            ],
            [
                -0.5146921373730002
            ],
            [
                -0.16019012589362533
            ]
        ],
        "object_translation_in_cam": [
            0.040978696886639715,
            0.0769557783138478,
            1.3293129880861088
        ],
        "object_rotation_in_cam": [
            [
                0.8652779588900854,
                0.058351762976608504,
                -0.4978846509147769
            ],
            [
                -0.24096658998244708,
                0.919344685499356,
                -0.3110312713479489
            ],
            [
                0.43957838478619354,
                0.38910207015847637,
                0.8095495183292677
            ]
        ],
        "num_matches": 28,
        "num_inliers": 17,
        "mean_reprojection_error": 3.026663532780205,
        "processing_time_ms": 42.93619398958981,
        "viewpoint": "NW",
        "bbox": null,
        "whole_image_estimation": true,
        "processing_mode": "VAPE_MK53_Measurement"
    },
    {
        "frame": 13,
        "timestamp": 1738066747.39614,
        "filename": "frame_00013_1738066747.396.png",
        "pose_estimation_failed": false,
        "is_predicted": false,
        "position": [
            0.03279397078385078,
            0.07762554709759478,
            1.3304579700137718
        ],
        "quaternion": [
            0.19352602253315612,
            -0.2535909798737102,
            -0.08170487730403561,
            0.9442264593591521
        ],
        "rotation_matrix": [
            [
                0.8580318559028479,
                0.056142906647837415,
                -0.5105186659555618
            ],
            [
                -0.2524487213888166,
                0.9117439832544577,
                -0.3240255423086996
            ],
            [
                0.44727058625072363,
                0.4069040218926663,
                0.7964785870583757
            ]
        ],
        "translation_vector": [
            [
                0.03279397078385078
            ],
            [
                0.07762554709759478
            ],
            [
                1.3304579700137718
            ]
        ],
        "rotation_vector": [
            [
                0.3944122672730285
            ],
            [
                -0.516826584987262
            ],
            [
                -0.16651717160790735
            ]
        ],
        "object_translation_in_cam": [
            0.03236338854053792,
            0.07887799424307707,
            1.330830272845039
        ],
        "object_rotation_in_cam": [
            [
                0.855983389933081,
                0.057963133531037755,
                -0.5137438187559381
            ],
            [
                -0.2661145037709945,
                0.9013469115685107,
                -0.34169696499767854
            ],
            [
                0.4432555775637667,
                0.4292016078222104,
                0.7869628153867507
            ]
        ],
        "num_matches": 26,
        "num_inliers": 18,
        "mean_reprojection_error": 3.6150558085065145,
        "processing_time_ms": 42.00467106420547,
        "viewpoint": "NW",
        "bbox": [
            403,
            229,
            918,
            611
        ],
        "whole_image_estimation": false,
        "processing_mode": "VAPE_MK53_Measurement"
    },
    {
        "frame": 14,
        "timestamp": 1738066747.53998,
        "filename": "frame_00014_1738066747.540.png",
        "pose_estimation_failed": false,
        "is_predicted": false,
        "position": [
            0.01776810487578393,
            0.06735631398864939,
            1.3385222945438946
        ],
        "quaternion": [
            0.1870811542319121,
            -0.2519010274974968,
            -0.07470702918685385,
            0.9465544748544775
        ],
        "rotation_matrix": [
            [
                0.8619294642715598,
                0.04717667560692847,
                -0.5048286440954204
            ],
            [
                -0.23568041551267382,
                0.9188390030426602,
                -0.3165274525714062
            ],
            [
                0.4489235350973653,
                0.3918025622252221,
                0.8030930281539217
            ]
        ],
        "translation_vector": [
            [
                0.01776810487578393
            ],
            [
                0.06735631398864939
            ],
            [
                1.3385222945438946
            ]
        ],
        "rotation_vector": [
            [
                0.38097392116135004
            ],
            [
                -0.5129737550759902
            ],
            [
                -0.15213413646330934
            ]
        ],
        "object_translation_in_cam": [
            0.01715651785852529,
            0.06785451210946028,
            1.3391669669251305
        ],
        "object_rotation_in_cam": [
            [
                0.8621684587979603,
                0.04675242713436986,
                -0.5044598687814476
            ],
            [
                -0.23469907895745049,
                0.9192979257506684,
                -0.31592351296958415
            ],
            [
                0.4489787199750945,
                0.3907755548490259,
                0.8035624274080774
            ]
        ],
        "num_matches": 24,
        "num_inliers": 17,
        "mean_reprojection_error": 3.691614219312382,
        "processing_time_ms": 42.27458406239748,
        "viewpoint": "NW",
        "bbox": null,
        "whole_image_estimation": true,
        "processing_mode": "VAPE_MK53_Measurement"
    },
    {
        "frame": 15,
        "timestamp": 1738066747.67834,
        "filename": "frame_00015_1738066747.678.png",
        "pose_estimation_failed": false,
        "is_predicted": false,
        "position": [
            0.015560267144016364,
            0.06659410089332715,
            1.379356883854506
        ],
        "quaternion": [
            0.19333965995290694,
            -0.2576284969582314,
            -0.08102015250947196,
            0.9432301248007714
        ],
        "rotation_matrix": [
            [
                0.8541265848847689,
                0.053221685133607574,
                -0.5173347361473235
            ],
            [
                -0.2524609091179395,
                0.9121110215532724,
                -0.3229813829439544
            ],
            [
                0.4546771012052676,
                0.4064737834013221,
                0.7924946668886736
            ]
        ],
        "translation_vector": [
            [
                0.015560267144016364
            ],
            [
                0.06659410089332715
            ],
            [
                1.379356883854506
            ]
        ],
        "rotation_vector": [
            [
                0.39416687248954324
            ],
            [
                -0.5252342894103712
            ],
            [
                -0.1651780091630611
            ]
        ],
        "object_translation_in_cam": [
            0.015707107099495642,
            0.0673081219665205,
            1.3810984109073183
        ],
        "object_rotation_in_cam": [
            [
                0.8461720209142737,
                0.061240713547571116,
                -0.529379340384604
            ],
            [
                -0.27049633161053865,
                0.9052518454511643,
                -0.3276443664898008
            ],
            [
                0.4591564500332055,
                0.42043866533829366,
                0.7825641718616172
            ]
        ],
        "num_matches": 29,
        "num_inliers": 21,
        "mean_reprojection_error": 3.5770028029169367,
        "processing_time_ms": 45.05187307950109,
        "viewpoint": "NW",
        "bbox": null,
        "whole_image_estimation": true,
        "processing_mode": "VAPE_MK53_Measurement"
    },
    {
        "frame": 16,
        "timestamp": 1738066747.79904,
        "filename": "frame_00016_1738066747.799.png",
        "pose_estimation_failed": false,
        "is_predicted": false,
        "position": [
            0.021572633496734,
            0.0712250280683342,
            1.378630451785288
        ],
        "quaternion": [
            0.1946544091868929,
            -0.2638768636903778,
            -0.0881899411514255,
            0.9405855602085009
        ],
        "rotation_matrix": [
            [
                0.8451830701772758,
                0.06317078040585505,
                -0.5307306571026676
            ],
            [
                -0.2686299604048181,
                0.9086643905276195,
                -0.3196356828640626
            ],
            [
                0.46206441353843736,
                0.41272082318437114,
                0.7849573235860628
            ]
        ],
        "translation_vector": [
            [
                0.021572633496734
            ],
            [
                0.0712250280683342
            ],
            [
                1.378630451785288
            ]
        ],
        "rotation_vector": [
            [
                0.39720703793016804
            ],
            [
                -0.5384606896015554
            ],
            [
                -0.1799582421293146
            ]
        ],
        "object_translation_in_cam": [
            0.02212275935327266,
            0.07211373575358464,
            1.3781103887600152
        ],
        "object_rotation_in_cam": [
            [
                0.8420898195551152,
                0.06726310122408896,
                -0.5351265373865808
            ],
            [
                -0.27462743036172665,
                0.9074082000576945,
                -0.318103965647978
            ],
            [
                0.4641815488518998,
                0.41483253691311744,
                0.782591500096748
            ]
        ],
        "num_matches": 28,
        "num_inliers": 20,
        "mean_reprojection_error": 3.784920845543867,
        "processing_time_ms": 44.528928003273904,
        "viewpoint": "NW",
        "bbox": null,
        "whole_image_estimation": true,
        "processing_mode": "VAPE_MK53_Measurement"
    },
    {
        "frame": 17,
        "timestamp": 1738066747.939,
        "filename": "frame_00017_1738066747.939.png",
        "pose_estimation_failed": false,
        "is_predicted": false,
        "position": [
            0.014164485792835711,
            0.07061168409639756,
            1.3678525723495238
        ],
        "quaternion": [
            0.19345066592344332,
            -0.2711622657884104,
            -0.08422786154236042,
            0.9391238112231384
        ],
        "rotation_matrix": [
            [
                0.8387533859049929,
                0.05328773890551719,
                -0.5418977528235817
            ],
            [
                -0.2631138224658281,
                0.9109650143875546,
                -0.31766941777467844
            ],
            [
                0.47672200920487284,
                0.40902708888803435,
                0.7780957309325436
            ]
        ],
        "translation_vector": [
            [
                0.014164485792835711
            ],
            [
                0.07061168409639756
            ],
            [
                1.3678525723495238
            ]
        ],
        "rotation_vector": [
            [
                0.3949486607787986
            ],
            [
                -0.5536045751802139
            ],
            [
                -0.17195950687283737
            ]
        ],
        "object_translation_in_cam": [
            0.01395452190997846,
            0.0709934662204026,
            1.3670318996580326
        ],
        "object_rotation_in_cam": [
            [
                0.83848026693227,
                0.05282011313401497,
                -0.5423659996844375
            ],
            [
                -0.2627847251057042,
                0.9111102855943838,
                -0.3175251733882527
            ],
            [
                0.4773835252879061,
                0.40876409227405275,
