[
    {
        "frame": 1,
        "timestamp": 1738066745.80431,
        "filename": "frame_00001_1738066745.804.png",
        "pose_estimation_failed": false,
        "position": [
            0.06160390155560863,
            0.2042966065444898,
            1.3539058337159462
        ],
        "quaternion": [
            0.13315661262438108,
            -0.2496354450955494,
            -0.07517410436626071,
            0.9561905223850936
        ],
        "rotation_matrix": [
            [
                0.864061997169355,
                0.07728031172780668,
                -0.49741795149246343
            ],
            [
                -0.21024275276741877,
                0.9532363410942621,
                -0.21711393996241146
            ],
            [
                0.4573782351145315,
                0.29217842397493454,
                0.8399029221326949
            ]
        ],
        "translation_vector": [
            [
                0.06160390155560863
            ],
            [
                0.2042966065444898
            ],
            [
                1.3539058337159462
            ]
        ],
        "rotation_vector": [
            [
                0.2702716949269256
            ],
            [
                -0.5066920337642917
            ],
            [
                -0.1525829788040338
            ]
        ],
        "num_matches": 29,
        "num_inliers": 21,
        "mean_reprojection_error": 3.7734065678008966,
        "processing_time_ms": 602.5854520266876,
        "viewpoint": "NW",
        "bbox": [
            441,
            370,
            950,
            720
        ],
        "whole_image_estimation": false,
        "processing_mode": "VAPE_MK53_Optimized"
    },
    {
        "frame": 2,
        "timestamp": 1738066745.92557,
        "filename": "frame_00002_1738066745.926.png",
        "pose_estimation_failed": false,
        "position": [
            0.055866472095009716,
            0.21153848753944532,
            1.3612498846060257
        ],
        "quaternion": [
            0.15716439539313498,
            -0.2555507968431779,
            -0.07927849510587673,
            0.950635610140539
        ],
        "rotation_matrix": [
            [
                0.8568174208931286,
                0.07040294817581387,
                -0.510790888859816
            ],
            [
                -0.23105689408818153,
                0.9380285460689156,
                -0.258292776620174
            ],
            [
                0.4609518618558452,
                0.33933150700751313,
                0.8199862861070543
            ]
        ],
        "translation_vector": [
            [
                0.055866472095009716
            ],
            [
                0.21153848753944532
            ],
            [
                1.3612498846060257
            ]
        ],
        "rotation_vector": [
            [
                0.3196053455895076
            ],
            [
                -0.5196813218186791
            ],
            [
                -0.16121864473660924
            ]
        ],
        "num_matches": 27,
        "num_inliers": 19,
        "mean_reprojection_error": 3.0858688475569287,
        "processing_time_ms": 37.6734760357067,
        "viewpoint": "NW",
        "bbox": [
            440,
            370,
            943,
            720
        ],
        "whole_image_estimation": false,
        "processing_mode": "VAPE_MK53_Optimized"
    },
    {
        "frame": 3,
        "timestamp": 1738066746.05613,
        "filename": "frame_00003_1738066746.056.png",
        "pose_estimation_failed": false,
        "position": [
            0.05357978175309348,
            0.2166979510724486,
            1.390576274582433
        ],
        "quaternion": [
            0.1462475336500349,
            -0.25745784432527763,
            -0.08421859532108045,
            0.951438040809178
        ],
        "rotation_matrix": [
            [
                0.8532453731950504,
                0.08495240116112662,
                -0.5145438976979497
            ],
            [
                -0.23556270016683256,
                0.943037774206852,
                -0.2349254577713905
            ],
            [
                0.46527685028523624,
                0.32165640978526366,
                0.8246542345933261
            ]
        ],
        "translation_vector": [
            [
                0.05357978175309348
            ],
            [
                0.2166979510724486
            ],
            [
                1.390576274582433
            ]
        ],
        "rotation_vector": [
            [
                0.2973237055794794
            ],
            [
                -0.5234161451807705
            ],
            [
                -0.17121782647960757
            ]
        ],
        "num_matches": 29,
        "num_inliers": 18,
        "mean_reprojection_error": 3.8621534021515576,
        "processing_time_ms": 40.08051101118326,
        "viewpoint": "NW",
        "bbox": [
            435,
            370,
            930,
            720
        ],
        "whole_image_estimation": false,
        "processing_mode": "VAPE_MK53_Optimized"
    },
    {
        "frame": 4,
        "timestamp": 1738066746.18519,
        "filename": "frame_00004_1738066746.185.png",
        "pose_estimation_failed": false,
        "position": [
            0.0536234290521785,
            0.20130094424631564,
            1.3568099925224442
        ],
        "quaternion": [
            0.1653471447452623,
            -0.26890343143817147,
            -0.08494732983364743,
            0.945058314306318
        ],
        "rotation_matrix": [
            [
                0.8409497914298203,
                0.07163553147380916,
                -0.5363504441357411
            ],
            [
                -0.24948518987582938,
                0.9308885457574456,
                -0.26684013080908486
            ],
            [
                0.48016725036883046,
                0.3582106447441966,
                0.8007025325707318
            ]
        ],
        "translation_vector": [
            [
                0.0536234290521785
            ],
            [
                0.20130094424631564
            ],
            [
                1.3568099925224442
            ]
        ],
        "rotation_vector": [
            [
                0.3368868998627818
            ],
            [
                -0.5478778815275875
            ],
            [
                -0.17307612201811945
            ]
        ],
        "num_matches": 26,
        "num_inliers": 18,
        "mean_reprojection_error": 3.899312626721285,
        "processing_time_ms": 39.44546601269394,
        "viewpoint": "NW",
        "bbox": [
            434,
            365,
            928,
            720
        ],
        "whole_image_estimation": false,
        "processing_mode": "VAPE_MK53_Optimized"
    },
    {
        "frame": 5,
        "timestamp": 1738066746.32493,
        "filename": "frame_00005_1738066746.325.png",
        "pose_estimation_failed": false,
        "position": [
            0.0512620295576639,
            0.1952518319562223,
            1.3519282496139655
        ],
        "quaternion": [
            0.16908578235750277,
            -0.26113707015062876,
            -0.09165336339667209,
            0.9459477204242179
        ],
        "rotation_matrix": [
            [
                0.8468141831424463,
                0.08508944873065853,
                -0.5250385937657384
            ],
            [
                -0.2617077119665191,
                0.9260193183652575,
                -0.2720244391807347
            ],
            [
                0.4630494711432471,
                0.367760802328166,
                0.8064348575953936
            ]
        ],
        "translation_vector": [
            [
                0.0512620295576639
            ],
            [
                0.1952518319562223
            ],
            [
                1.3519282496139655
            ]
        ],
        "rotation_vector": [
            [
                0.3443994087006705
            ],
            [
                -0.5318924589386768
            ],
            [
                -0.18668254491381198
            ]
        ],
        "num_matches": 25,
        "num_inliers": 17,
        "mean_reprojection_error": 2.979262424567871,
        "processing_time_ms": 40.21599993575364,
        "viewpoint": "NW",
        "bbox": [
            433,
            351,
            930,
            719
        ],
        "whole_image_estimation": false,
        "processing_mode": "VAPE_MK53_Optimized"
    },
    {
        "frame": 6,
        "timestamp": 1738066746.46205,
        "filename": "frame_00006_1738066746.462.png",
        "pose_estimation_failed": false,
        "position": [
            0.0414863235668157,
            0.20345305658214966,
            1.40458990571988
        ],
        "quaternion": [
            0.1576699290689766,
            -0.26985987624145064,
            -0.08893273318115517,
            0.9457308336050286
        ],
        "rotation_matrix": [
            [
                0.8385332323277568,
                0.08311528068127029,
                -0.5384736468939199
            ],
            [
                -0.2533104308634796,
                0.9344623248726267,
                -0.250227874165537
            ],
            [
                0.48238557596358805,
                0.3462253796458589,
                0.8046316813246657
            ]
        ],
        "translation_vector": [
            [
                0.0414863235668157
            ],
            [
                0.20345305658214966
            ],
            [
                1.40458990571988
            ]
        ],
        "rotation_vector": [
            [
                0.32117104926280843
            ],
            [
                -0.5497001242924507
            ],
            [
                -0.1811545130911143
            ]
        ],
        "num_matches": 29,
        "num_inliers": 20,
        "mean_reprojection_error": 2.954870717185417,
        "processing_time_ms": 40.31028493773192,
        "viewpoint": "NW",
        "bbox": [
            422,
            356,
            922,
            720
        ],
        "whole_image_estimation": false,
        "processing_mode": "VAPE_MK53_Optimized"
    },
    {
        "frame": 7,
        "timestamp": 1738066746.60113,
        "filename": "frame_00007_1738066746.601.png",
        "pose_estimation_failed": false,
        "position": [
            0.03575118592594787,
            0.20224758466635148,
            1.35724832731133
        ],
        "quaternion": [
            0.15016647788064744,
            -0.2605974966475807,
            -0.09043182484431744,
            0.9494003679782634
        ],
        "rotation_matrix": [
            [
                0.8478220595926818,
                0.09344599913611966,
                -0.5219823756732364
            ],
            [
                -0.24997803200044372,
                0.9385442279524955,
                -0.23800360437236964
            ],
            [
                0.4676630611724732,
                0.3322688330591761,
                0.8190779473238704
            ]
        ],
        "translation_vector": [
            [
                0.03575118592594787
            ],
            [
                0.20224758466635148
            ],
            [
                1.35724832731133
            ]
        ],
        "rotation_vector": [
            [
                0.305503335873657
            ],
            [
                -0.5301676224266039
            ],
            [
                -0.18397730671314938
            ]
        ],
        "num_matches": 28,
        "num_inliers": 19,
        "mean_reprojection_error": 3.609321628988809,
        "processing_time_ms": 37.79168892651796,
        "viewpoint": "NW",
        "bbox": [
            420,
            363,
            916,
            720
        ],
        "whole_image_estimation": false,
        "processing_mode": "VAPE_MK53_Optimized"
    },
    {
        "frame": 8,
        "timestamp": 1738066746.72605,
        "filename": "frame_00008_1738066746.726.png",
        "pose_estimation_failed": false,
        "position": [
            0.023779062247177865,
            0.17774017395080646,
            1.31178743739992
        ],
        "quaternion": [
            0.16717847333774455,
            -0.3035533274150966,
            -0.06546926372261047,
            0.9357459649794401
        ],
        "rotation_matrix": [
            [
                0.8071383058456849,
                0.02103003500951843,
                -0.5899877056889035
            ],
            [
                -0.2240203624249119,
                0.9355302671201606,
                -0.27312633802160496
            ],
            [
                0.5462074994501346,
                0.3526199894072645,
                0.7598134709353683
            ]
        ],
        "translation_vector": [
            [
                0.023779062247177865
            ],
            [
                0.17774017395080646
            ],
            [
                1.31178743739992
            ]
        ],
        "rotation_vector": [
            [
                0.3417074811565254
            ],
            [
                -0.6204533444813793
            ],
            [
                -0.1338170923156447
            ]
        ],
        "num_matches": 23,
        "num_inliers": 13,
        "mean_reprojection_error": 4.392126341348102,
        "processing_time_ms": 49.79155398905277,
        "viewpoint": "NW",
        "bbox": [
            402,
            336,
            901,
            720
        ],
        "whole_image_estimation": false,
        "processing_mode": "VAPE_MK53_Optimized"
    },
    {
        "frame": 9,
        "timestamp": 1738066746.86356,
        "filename": "frame_00009_1738066746.864.png",
        "pose_estimation_failed": false,
        "position": [
            0.034659085579979605,
            0.14410046161106496,
            1.3485378159132562
        ],
        "quaternion": [
            0.1774143003271299,
            -0.2655530501138231,
            -0.08059271531943958,
            0.9441983678508029
        ],
        "rotation_matrix": [
            [
                0.8459727836253703,
                0.05796520335920012,
                -0.5300661133902723
            ],
            [
                -0.24641683770191686,
                0.9240579605537494,
                -0.292225302864472
            ],
            [
                0.47287291259082453,
                0.3778318683446009,
                0.7960114872293607
            ]
        ],
        "translation_vector": [
            [
                0.034659085579979605
            ],
            [
                0.14410046161106496
            ],
            [
                1.3485378159132562
            ]
        ],
        "rotation_vector": [
            [
                0.3615795348112076
            ],
            [
                -0.5412108728034164
            ],
            [
                -0.16425212883427806
            ]
        ],
        "num_matches": 24,
        "num_inliers": 13,
        "mean_reprojection_error": 4.469366600355527,
        "processing_time_ms": 40.25834600906819,
        "viewpoint": "NW",
        "bbox": [
            423,
            299,
            913,
            610
        ],
        "whole_image_estimation": false,
        "processing_mode": "VAPE_MK53_Optimized"
    },
    {
        "frame": 10,
        "timestamp": 1738066746.99261,
        "filename": "frame_00010_1738066746.993.png",
        "pose_estimation_failed": false,
        "position": [
            0.041411871809420006,
            0.1267663396268753,
            1.3389360988222985
        ],
        "quaternion": [
            0.17026608013384156,
            -0.26437398856224553,
            -0.08270057594491449,
            0.945661922076767
        ],
        "rotation_matrix": [
            [
                0.8465340178201382,
                0.06638572576616175,
                -0.528179034123652
            ],
            [
                -0.2464414166535322,
                0.9283401533884713,
                -0.278300534969787
            ],
            [
                0.47185462255984534,
                0.36575605944559475,
                0.8022317122550918
            ]
        ],
        "translation_vector": [
            [
                0.041411871809420006
            ],
            [
                0.1267663396268753
            ],
            [
                1.3389360988222985
            ]
        ],
        "rotation_vector": [
            [
                0.34683737584200913
            ],
            [
                -0.5385381537046944
            ],
            [
                -0.16846368177859905
            ]
        ],
        "num_matches": 21,
        "num_inliers": 14,
        "mean_reprojection_error": 3.8689783248617715,
        "processing_time_ms": 38.23103802278638,
        "viewpoint": "NW",
        "bbox": [
            418,
            279,
            927,
            607
        ],
        "whole_image_estimation": false,
        "processing_mode": "VAPE_MK53_Optimized"
    },
    {
        "frame": 11,
        "timestamp": 1738066747.13086,
        "filename": "frame_00011_1738066747.131.png",
        "pose_estimation_failed": false,
        "position": [
            0.048207292768265644,
            0.09175330661840224,
            1.3408107180360092
        ],
        "quaternion": [
            0.1911988586343718,
            -0.25631219638034314,
            -0.07477997189571593,
            0.9445395757970514
        ],
        "rotation_matrix": [
            [
                0.8574240275799208,
                0.04325208706100876,
                -0.5127897170317423
            ],
            [
                -0.23927848466897106,
                0.9157019045203789,
                -0.3228557399710773
            ],
            [
                0.45559833593105714,
                0.39952381533848247,
                0.7954941088871958
            ]
        ],
        "translation_vector": [
            [
                0.048207292768265644
            ],
            [
                0.09175330661840224
            ],
            [
                1.3408107180360092
            ]
        ],
        "rotation_vector": [
            [
                0.38962767915410756
            ],
            [
                -0.5223165395853048
            ],
            [
                -0.1523876612289533
            ]
        ],
        "num_matches": 24,
        "num_inliers": 15,
        "mean_reprojection_error": 3.498507508684371,
        "processing_time_ms": 46.982364961877465,
        "viewpoint": "NW",
        "bbox": [
            425,
            249,
            932,
            720
        ],
        "whole_image_estimation": false,
        "processing_mode": "VAPE_MK53_Optimized"
    },
    {
        "frame": 12,
        "timestamp": 1738066747.26092,
        "filename": "frame_00012_1738066747.261.png",
        "pose_estimation_failed": false,
        "position": [
            0.040978696886639715,
            0.0769557783138478,
            1.3293129880861088
        ],
        "quaternion": [
            0.18465085638947207,
            -0.2472434065248267,
            -0.07894123437694998,
            0.9479151020422015
        ],
        "rotation_matrix": [
            [
                0.8652779588900854,
                0.058351762976608504,
                -0.4978846509147769
            ],
            [
                -0.24096658998244708,
                0.919344685499356,
                -0.3110312713479489
            ],
            [
                0.43957838478619354,
                0.38910207015847637,
                0.8095495183292677
            ]
        ],
        "translation_vector": [
            [
                0.040978696886639715
            ],
            [
                0.0769557783138478
            ],
            [
                1.3293129880861088
            ]
        ],
        "rotation_vector": [
            [
                0.3758500266488409
            ],
            [
                -0.5032548602704696
            ],
            [
                -0.1606819790842882
            ]
        ],
        "num_matches": 28,
        "num_inliers": 17,
        "mean_reprojection_error": 3.026663532780205,
        "processing_time_ms": 42.4338229931891,
        "viewpoint": "NW",
        "bbox": null,
        "whole_image_estimation": true,
        "processing_mode": "VAPE_MK53_Optimized"
    },
    {
        "frame": 13,
        "timestamp": 1738066747.39614,
        "filename": "frame_00013_1738066747.396.png",
        "pose_estimation_failed": false,
        "position": [
            0.03236338854053792,
            0.07887799424307707,
            1.330830272845039
        ],
        "quaternion": [
            0.20473987336240806,
            -0.25416564787982215,
            -0.08607048548306075,
            0.9413146547367068
        ],
        "rotation_matrix": [
            [
                0.855983389933081,
                0.057963133531037755,
                -0.5137438187559381
            ],
            [
                -0.2661145037709945,
                0.9013469115685107,
                -0.34169696499767854
            ],
            [
                0.4432555775637667,
                0.4292016078222104,
                0.7869628153867507
            ]
        ],
        "translation_vector": [
            [
                0.03236338854053792
            ],
            [
                0.07887799424307707
            ],
            [
                1.330830272845039
            ]
        ],
        "rotation_vector": [
            [
                0.4176827874937034
            ],
            [
                -0.5185146134366964
            ],
            [
                -0.1755894428725474
            ]
        ],
        "num_matches": 26,
        "num_inliers": 18,
        "mean_reprojection_error": 3.6150558085065145,
        "processing_time_ms": 39.45196699351072,
        "viewpoint": "NW",
        "bbox": [
            403,
            229,
            918,
            611
        ],
        "whole_image_estimation": false,
        "processing_mode": "VAPE_MK53_Optimized"
    },
    {
        "frame": 14,
        "timestamp": 1738066747.53998,
        "filename": "frame_00014_1738066747.540.png",
        "pose_estimation_failed": false,
        "position": [
            0.01715651785852529,
            0.06785451210946028,
            1.3391669669251305
        ],
        "quaternion": [
            0.18662000538474866,
            -0.25177720287221733,
            -0.07432368878669966,
            0.9467086156728355
        ],
        "rotation_matrix": [
            [
                0.8621684587979603,
                0.04675242713436986,
                -0.5044598687814476
            ],
            [
                -0.23469907895745049,
                0.9192979257506684,
                -0.31592351296958415
            ],
            [
                0.4489787199750945,
                0.3907755548490259,
                0.8035624274080774
            ]
        ],
        "translation_vector": [
            [
                0.01715651785852529
            ],
            [
                0.06785451210946028
            ],
            [
                1.3391669669251305
            ]
        ],
        "rotation_vector": [
            [
                0.38001480812234345
            ],
            [
                -0.5126945808505763
            ],
            [
                -0.15134552308576166
            ]
        ],
        "num_matches": 24,
        "num_inliers": 17,
        "mean_reprojection_error": 3.691614219312382,
        "processing_time_ms": 43.6776599381119,
        "viewpoint": "NW",
        "bbox": null,
        "whole_image_estimation": true,
        "processing_mode": "VAPE_MK53_Optimized"
    },
    {
        "frame": 15,
        "timestamp": 1738066747.67834,
        "filename": "frame_00015_1738066747.678.png",
        "pose_estimation_failed": false,
        "position": [
            0.015707107099495642,
            0.0673081219665205,
            1.3810984109073183
        ],
        "quaternion": [
            0.19896984922438132,
            -0.2629237782491693,
            -0.0882330798172931,
            0.9399452162529282
        ],
        "rotation_matrix": [
            [
                0.8461720209142737,
                0.061240713547571116,
                -0.529379340384604
            ],
            [
                -0.27049633161053865,
                0.9052518454511643,
                -0.3276443664898008
            ],
            [
                0.4591564500332055,
                0.42043866533829366,
                0.7825641718616172
            ]
        ],
        "translation_vector": [
            [
                0.015707107099495642
            ],
            [
                0.0673081219665205
            ],
            [
                1.3810984109073183
            ]
        ],
        "rotation_vector": [
            [
                0.4061021796463084
            ],
            [
                -0.5366336650706296
            ],
            [
                -0.1800858078265996
            ]
        ],
        "num_matches": 29,
        "num_inliers": 21,
        "mean_reprojection_error": 3.5770028029169367,
        "processing_time_ms": 44.27006503101438,
        "viewpoint": "NW",
        "bbox": null,
        "whole_image_estimation": true,
        "processing_mode": "VAPE_MK53_Optimized"
    },
    {
        "frame": 16,
        "timestamp": 1738066747.79904,
        "filename": "frame_00016_1738066747.799.png",
        "pose_estimation_failed": false,
        "position": [
            0.02212275935327266,
            0.07211373575358464,
            1.3781103887600152
        ],
        "quaternion": [
            0.19499366617961755,
            -0.26586033946690474,
            -0.09095806792684526,
            0.9396927050517044
        ],
        "rotation_matrix": [
            [
                0.8420898195551152,
                0.06726310122408896,
                -0.5351265373865808
            ],
            [
                -0.27462743036172665,
                0.9074082000576945,
                -0.318103965647978
            ],
            [
                0.4641815488518998,
                0.41483253691311744,
                0.782591500096748
            ]
        ],
        "translation_vector": [
            [
                0.02212275935327266
            ],
            [
                0.07211373575358464
            ],
            [
                1.3781103887600152
            ]
        ],
        "rotation_vector": [
            [
                0.3980211649422045
            ],
            [
                -0.5426742524501978
            ],
            [
                -0.18566365188388567
            ]
        ],
        "num_matches": 28,
        "num_inliers": 20,
        "mean_reprojection_error": 3.784920845543867,
        "processing_time_ms": 41.67006502393633,
        "viewpoint": "NW",
        "bbox": null,
        "whole_image_estimation": true,
        "processing_mode": "VAPE_MK53_Optimized"
    },
    {
        "frame": 17,
        "timestamp": 1738066747.939,
        "filename": "frame_00017_1738066747.939.png",
        "pose_estimation_failed": false,
        "position": [
            0.01395452190997846,
            0.0709934662204026,
            1.3670318996580326
        ],
        "quaternion": [
            0.1933530882595338,
            -0.2714782239343627,
            -0.08402047645252347,
            0.9390711989655716
        ],
        "rotation_matrix": [
            [
                0.83848026693227,
                0.05282011313401497,
                -0.5423659996844375
            ],
            [
                -0.2627847251057042,
                0.9111102855943838,
                -0.3175251733882527
            ],
            [
                0.4773835252879061,
                0.40876409227405275,
                0.7778283143798899
            ]
        ],
        "translation_vector": [
            [
                0.01395452190997846
            ],
            [
                0.0709934662204026
            ],
            [
                1.3670318996580326
            ]
        ],
        "rotation_vector": [
            [
                0.39475657200328895
            ],
            [
                -0.554259639804776
            ],
            [
                -0.17153920612822596
            ]
        ],
        "num_matches": 29,
        "num_inliers": 20,
        "mean_reprojection_error": 3.606609412618326,
        "processing_time_ms": 43.29388798214495,
        "viewpoint": "NW",
        "bbox": null,
        "whole_image_estimation": true,
        "processing_mode": "VAPE_MK53_Optimized"
    },
    {
        "frame": 18,
        "timestamp": 1738066748.06581,
        "filename": "frame_00018_1738066748.066.png",
        "pose_estimation_failed": false,
        "position": [
            0.026221180724699387,
            0.06404458922493562,
            1.3411119553321589
        ],
        "quaternion": [
            0.20463581902549974,
            -0.26152853892886785,
            -0.0872161720821603,
            0.9392126192853403
        ],
        "rotation_matrix": [
            [
                0.8479923253061333,
                0.05679284532615117,
                -0.5269569137431037
            ],
            [
                -0.2708652723751558,
                0.9010350417981958,
                -0.33877405106184877
            ],
            [
                0.45556670251789655,
                0.43001212328431315,
                0.7794540097949891
            ]
        ],
        "translation_vector": [
            [
                0.026221180724699387
            ],
            [
                0.06404458922493562
            ],
            [
                1.3411119553321589
            ]
        ],
        "rotation_vector": [
            [
                0.4177715276363049
            ],
            [
                -0.5339201013249256
            ],
            [
                -0.1780550131392911
            ]
        ],
        "num_matches": 29,
        "num_inliers": 20,
        "mean_reprojection_error": 3.4130862033913187,
        "processing_time_ms": 48.01176907494664,
        "viewpoint": "NW",
        "bbox": [
            400,
            206,
            915,
            568
        ],
        "whole_image_estimation": false,
        "processing_mode": "VAPE_MK53_Optimized"
    },
    {
        "frame": 19,
        "timestamp": 1738066748.20878,
        "filename": "frame_00019_1738066748.209.png",
        "pose_estimation_failed": false,
        "position": [
            0.030717157272023062,
            0.057015252798880235,
            1.34116200859518
        ],
        "quaternion": [
            0.20410033969465666,
            -0.26650009790941287,
            -0.07727764324147761,
            0.9388018507682236
        ],
        "rotation_matrix": [
            [
                0.8460117273386325,
                0.03631126797227052,
                -0.5319263567673154
            ],
            [
                -0.2538823100201522,
                0.9047424343831374,
                -0.34203055431540874
            ],
            [
                0.4688367838217631,
                0.42440855227565855,
                0.7746414983015982
            ]
        ],
        "translation_vector": [
            [
                0.030717157272023062
            ],
            [
                0.057015252798880235
            ],
            [
                1.34116200859518
            ]
        ],
        "rotation_vector": [
            [
                0.4167370570873126
            ],
            [
                -0.5441464070192186
            ],
            [
                -0.15778737885138241
            ]
        ],
        "num_matches": 27,
        "num_inliers": 20,
        "mean_reprojection_error": 4.168431207734106,
        "processing_time_ms": 46.07652698177844,
        "viewpoint": "NW",
        "bbox": [
            403,
            201,
            915,
            639
        ],
        "whole_image_estimation": false,
        "processing_mode": "VAPE_MK53_Optimized"
    },
    {
        "frame": 20,
        "timestamp": 1738066748.33273,
        "filename": "frame_00020_1738066748.333.png",
        "pose_estimation_failed": false,
        "position": [
            0.03909288808799336,
            0.0416196040948867,
            1.3444591276861213
        ],
        "quaternion": [
            0.21326655661256685,
            -0.2541332420470264,
            -0.076349079605923,
            0.9402683070063644
        ],
        "rotation_matrix": [
            [
                0.8591742266599918,
                0.03518099674079611,
                -0.5104722771233803
            ],
            [
                -0.25197348254942536,
                0.8973763877478945,
                -0.36224988999923097
            ],
            [
                0.44534145589100443,
                0.43986124650946984,
                0.7798673422345725
            ]
        ],
        "translation_vector": [
            [
                0.03909288808799336
            ],
            [
                0.0416196040948867
            ],
            [
                1.3444591276861213
            ]
        ],
        "rotation_vector": [
            [
                0.43523387320643714
            ],
            [
                -0.5186345060541888
            ],
            [
                -0.15581301710140893
            ]
        ],
        "num_matches": 21,
        "num_inliers": 13,
        "mean_reprojection_error": 3.5503844993333704,
        "processing_time_ms": 48.50809497293085,
        "viewpoint": "NW",
        "bbox": [
            417,
            216,
            905,
            667
        ],
        "whole_image_estimation": false,
        "processing_mode": "VAPE_MK53_Optimized"
    },
    {
        "frame": 21,
        "timestamp": 1738066748.47312,
        "filename": "frame_00021_1738066748.473.png",
        "pose_estimation_failed": false,
        "position": [
            0.05115801195505716,
            0.011023197149753429,
            1.3502153776111163
        ],
        "quaternion": [
            0.21665670603230977,
            -0.25513984256858624,
            -0.06840721186356624,
            0.939831892324558
        ],
        "rotation_matrix": [
            [
                0.8604482281982604,
                0.01802704301174088,
                -0.5092188844796777
            ],
            [
                -0.2391380744857888,
                0.8967606501925649,
                -0.3723349534994499
            ],
            [
                0.44993535971481924,
                0.44214857456115475,
                0.7759270649306127
            ]
        ],
        "translation_vector": [
            [
                0.05115801195505716
            ],
            [
                0.011023197149753429
            ],
            [
                1.3502153776111163
            ]
        ],
        "rotation_vector": [
            [
                0.4422186606635557
            ],
            [
                -0.5207667075200747
            ],
            [
                -0.13962616788572
            ]
        ],
        "num_matches": 23,
        "num_inliers": 16,
        "mean_reprojection_error": 4.543789114681436,
        "processing_time_ms": 48.02916501648724,
        "viewpoint": "NW",
        "bbox": [
            426,
            168,
            937,
            637
        ],
        "whole_image_estimation": false,
        "processing_mode": "VAPE_MK53_Optimized"
    },
    {
        "frame": 22,
        "timestamp": 1738066748.60113,
        "filename": "frame_00022_1738066748.601.png",
        "pose_estimation_failed": false,
        "position": [
            0.059757071314085794,
            -0.0026597542568543545,
            1.3510972721307841
        ],
        "quaternion": [
            0.2074635164166348,
            -0.23935630499537797,
            -0.07032516425309478,
            0.9458973622374574
        ],
        "rotation_matrix": [
            [
                0.8755258610634696,
                0.03372537331016928,
                -0.48199280679711365
            ],
            [
                -0.23235617615350385,
                0.9040265212576399,
                -0.3588128429503769
            ],
            [
                0.4236331833230158,
                0.4261439288056322,
                0.7993348972300086
            ]
        ],
        "translation_vector": [
            [
                0.059757071314085794
            ],
            [
                -0.0026597542568543545
            ],
            [
                1.3510972721307841
            ]
        ],
        "rotation_vector": [
            [
                0.42257570000339606
            ],
            [
                -0.4875370854628883
            ],
            [
                -0.14324304352590506
            ]
        ],
        "num_matches": 27,
        "num_inliers": 19,
        "mean_reprojection_error": 3.501096158765604,
        "processing_time_ms": 60.05861202720553,
        "viewpoint": "NW",
        "bbox": [
            437,
            150,
            955,
            621
        ],
        "whole_image_estimation": false,
        "processing_mode": "VAPE_MK53_Optimized"
    },
    {
        "frame": 23,
        "timestamp": 1738066748.73909,
        "filename": "frame_00023_1738066748.739.png",
        "pose_estimation_failed": false,
        "position": [
            0.06932420525395745,
            0.00609281153769455,
            1.3867375695881308
        ],
        "quaternion": [
            0.20646381518563212,
            -0.2501476870343391,
            -0.07545900644048081,
            0.94292352077853
        ],
        "rotation_matrix": [
            [
                0.8634641460367716,
                0.039011252404673624,
                -0.5028993842656875
            ],
            [
                -0.24559703570455815,
                0.9033572627320172,
                -0.3516073832024168
            ],
            [
                0.440581166826412,
                0.42711096691039907,
                0.7895976553807269
            ]
        ],
        "translation_vector": [
            [
                0.06932420525395745
            ],
            [
                0.00609281153769455
            ],
            [
                1.3867375695881308
            ]
        ],
        "rotation_vector": [
            [
                0.4209676444004151
            ],
            [
                -0.5100365043064754
            ],
            [
                -0.1538565010119776
            ]
        ],
        "num_matches": 24,
        "num_inliers": 16,
        "mean_reprojection_error": 3.751239633639765,
        "processing_time_ms": 44.10609800834209,
        "viewpoint": "NW",
        "bbox": null,
        "whole_image_estimation": true,
        "processing_mode": "VAPE_MK53_Optimized"
    },
    {
        "frame": 24,
        "timestamp": 1738066748.88277,
