{
    "frames": [
        {
            "image": "00000001.png",
            "object_poses": [
                {
                    "name": "Camera",
                    "pose": [
                        [
                            -0.6691305637359619,
                            -0.1290455013513565,
                            0.7318548560142517,
                            3.0
                        ],
                        [
                            0.7431448698043823,
                            -0.11619351804256439,
                            0.6589649319648743,
                            3.0
                        ],
                        [
                            3.2584136988589307e-07,
                            0.9848077893257141,
                            0.17364813387393951,
                            6.0
                        ],
                        [
                            0.0,
                            0.0,
                            0.0,
                            1.0
                        ]
                    ]
                },
                {
                    "name": "Lamp",
                    "pose": [
                        [
                            -0.29086464643478394,
                            -0.7711008191108704,
                            0.5663931965827942,
                            -0.9046268463134766
                        ],
                        [
                            0.9551711678504944,
                            -0.1998833566904068,
                            0.21839119493961334,
                            -2.966461658477783
                        ],
                        [
                            -0.05518905818462372,
                            0.6045247316360474,
                            0.7946722507476807,
                            5.903861999511719
                        ],
                        [
                            0.0,
                            0.0,
                            0.0,
                            1.0
                        ]
                    ]
                },
                {
                    "name": "Lamp.001",
                    "pose": [
                        [
                            -0.29086464643478394,
                            -0.7711008191108704,
                            0.5663931965827942,
                            -2.7746357917785645
                        ],
                        [
                            0.9551711678504944,
                            -0.1998833566904068,
                            0.21839119493961334,
                            2.3410749435424805
                        ],
                        [
                            -0.05518905818462372,
                            0.6045247316360474,
                            0.7946722507476807,
                            7.734886169433594
                        ],
                        [
                            0.0,
                            0.0,
                            0.0,
                            1.0
                        ]
                    ]
                },
                {
                    "name": "Lamp.002",
                    "pose": [
                        [
                            -0.29086464643478394,
                            -0.7711008191108704,
                            0.5663931965827942,
                            0.0
                        ],
                        [
                            0.9551711678504944,
                            -0.1998833566904068,
                            0.21839119493961334,
                            0.0
                        ],
                        [
                            -0.05518905818462372,
                            0.6045247316360474,
                            0.7946722507476807,
                            7.734886169433594
                        ],
                        [
                            0.0,
                            0.0,
                            0.0,
                            1.0
                        ]
                    ]
                },
                {
                    "name": "Lamp.003",
                    "pose": [
                        [
                            -0.29086464643478394,
                            -0.7711008191108704,
                            0.5663931965827942,
                            -0.9046268463134766
                        ],
                        [
                            0.9551711678504944,
                            -0.1998833566904068,
                            0.21839119493961334,
                            4.248056411743164
                        ],
                        [
                            -0.05518905818462372,
                            0.6045247316360474,
                            0.7946722507476807,
                            7.734886169433594
                        ],
                        [
                            0.0,
                            0.0,
                            0.0,
                            1.0
                        ]
                    ]
                },
                {
                    "name": "Lamp.004",
                    "pose": [
                        [
                            -0.29086464643478394,
                            -0.7711008191108704,
                            0.5663931965827942,
                            -2.7746357917785645
                        ],
                        [
                            0.9551711678504944,
                            -0.1998833566904068,
                            0.21839119493961334,
                            2.3410749435424805
                        ],
                        [
                            -0.05518905818462372,
                            0.6045247316360474,
                            0.7946722507476807,
                            2.2199249267578125
                        ],
                        [
                            0.0,
                            0.0,
                            0.0,
                            1.0
                        ]
                    ]
                },
                {
                    "name": "Ss",
                    "pose": [
                        [
                            0.0013927455293014646,
                            0.0,
                            0.0,
                            0.00697768060490489
                        ],
                        [
                            0.0,
                            0.0014044961426407099,
                            0.0,
                            0.003745553782209754
                        ],
                        [
                            0.0,
                            0.0,
                            0.0014315819134935737,
                            5.000180244445801
                        ],
                        [
                            0.0,
                            0.0,
                            0.0,
                            1.0
                        ]
                    ]
                }
            ]
        },
        {
            "image": "00000002.png",
            "object_poses": [
                {
                    "name": "Camera",
                    "pose": [
                        [
                            -0.6693766713142395,
                            -0.12957587838172913,
                            0.7315360307693481,
                            2.9979441165924072
                        ],
                        [
                            0.7429231405258179,
                            -0.11624886095523834,
                            0.6592051386833191,
                            3.001020669937134
                        ],
                        [
                            -0.0003768523456528783,
                            0.9847315549850464,
                            0.17407919466495514,
                            6.001020431518555
                        ],
                        [
                            0.0,
                            0.0,
                            0.0,
                            1.0
                        ]
                    ]
                },
                {
                    "name": "Lamp",
                    "pose": [
                        [
                            -0.29086464643478394,
                            -0.7711008191108704,
                            0.5663931965827942,
                            -0.9046268463134766
                        ],
                        [
                            0.9551711678504944,
                            -0.1998833566904068,
                            0.21839119493961334,
                            -2.966461658477783
                        ],
                        [
                            -0.05518905818462372,
                            0.6045247316360474,
                            0.7946722507476807,
                            5.903861999511719
                        ],
                        [
                            0.0,
                            0.0,
                            0.0,
                            1.0
                        ]
                    ]
                },
                {
                    "name": "Lamp.001",
                    "pose": [
                        [
                            -0.29086464643478394,
                            -0.7711008191108704,
                            0.5663931965827942,
                            -2.7746357917785645
                        ],
                        [
                            0.9551711678504944,
                            -0.1998833566904068,
                            0.21839119493961334,
                            2.3410749435424805
                        ],
                        [
                            -0.05518905818462372,
                            0.6045247316360474,
                            0.7946722507476807,
                            7.734886169433594
                        ],
                        [
                            0.0,
                            0.0,
                            0.0,
                            1.0
                        ]
                    ]
                },
                {
                    "name": "Lamp.002",
                    "pose": [
                        [
                            -0.29086464643478394,
                            -0.7711008191108704,
                            0.5663931965827942,
                            0.0
                        ],
                        [
                            0.9551711678504944,
                            -0.1998833566904068,
                            0.21839119493961334,
                            0.0
                        ],
                        [
                            -0.05518905818462372,
                            0.6045247316360474,
                            0.7946722507476807,
                            7.734886169433594
                        ],
                        [
                            0.0,
                            0.0,
                            0.0,
                            1.0
                        ]
                    ]
                },
                {
                    "name": "Lamp.003",
                    "pose": [
                        [
                            -0.29086464643478394,
                            -0.7711008191108704,
                            0.5663931965827942,
                            -0.9046268463134766
                        ],
                        [
                            0.9551711678504944,
                            -0.1998833566904068,
                            0.21839119493961334,
                            4.248056411743164
                        ],
                        [
                            -0.05518905818462372,
                            0.6045247316360474,
                            0.7946722507476807,
                            7.734886169433594
                        ],
                        [
                            0.0,
                            0.0,
                            0.0,
                            1.0
                        ]
                    ]
                },
                {
                    "name": "Lamp.004",
                    "pose": [
                        [
                            -0.29086464643478394,
                            -0.7711008191108704,
                            0.5663931965827942,
                            -2.7746357917785645
                        ],
                        [
                            0.9551711678504944,
                            -0.1998833566904068,
                            0.21839119493961334,
                            2.3410749435424805
                        ],
                        [
                            -0.05518905818462372,
                            0.6045247316360474,
                            0.7946722507476807,
                            2.2199249267578125
                        ],
                        [
                            0.0,
                            0.0,
                            0.0,
                            1.0
                        ]
                    ]
                },
                {
                    "name": "Ss",
                    "pose": [
                        [
                            0.0013927455293014646,
                            0.0,
                            0.0,
                            0.00697768060490489
                        ],
                        [
                            0.0,
                            0.0014044961426407099,
                            0.0,
                            0.003745553782209754
                        ],
                        [
                            0.0,
                            0.0,
                            0.0014315819134935737,
                            5.000180244445801
                        ],
                        [
                            0.0,
                            0.0,
                            0.0,
                            1.0
                        ]
                    ]
                }
            ]
        },
        {
            "image": "00000003.png",
            "object_poses": [
                {
                    "name": "Camera",
                    "pose": [
                        [
                            -0.6701135635375977,
                            -0.13112735748291016,
                            0.7305842638015747,
                            2.991834878921509
                        ],
                        [
                            0.7422571182250977,
                            -0.11641783267259598,
                            0.6599252223968506,
                            3.004009246826172
                        ],
                        [
                            -0.0014812066219747066,
                            0.9845062494277954,
                            0.1753433793783188,
                            6.004009246826172
                        ],
                        [
                            0.0,
                            0.0,
                            0.0,
                            1.0
                        ]
                    ]
                },
                {
                    "name": "Lamp",
                    "pose": [
                        [
                            -0.29086464643478394,
                            -0.7711008191108704,
                            0.5663931965827942,
                            -0.9046268463134766
                        ],
                        [
                            0.9551711678504944,
                            -0.1998833566904068,
                            0.21839119493961334,
                            -2.966461658477783
                        ],
                        [
                            -0.05518905818462372,
                            0.6045247316360474,
                            0.7946722507476807,
                            5.903861999511719
                        ],
                        [
                            0.0,
                            0.0,
                            0.0,
                            1.0
                        ]
                    ]
                },
                {
                    "name": "Lamp.001",
                    "pose": [
                        [
                            -0.29086464643478394,
                            -0.7711008191108704,
                            0.5663931965827942,
                            -2.7746357917785645
                        ],
                        [
                            0.9551711678504944,
                            -0.1998833566904068,
                            0.21839119493961334,
                            2.3410749435424805
                        ],
                        [
                            -0.05518905818462372,
                            0.6045247316360474,
                            0.7946722507476807,
                            7.734886169433594
                        ],
                        [
                            0.0,
                            0.0,
                            0.0,
                            1.0
                        ]
                    ]
                },
                {
                    "name": "Lamp.002",
                    "pose": [
                        [
                            -0.29086464643478394,
                            -0.7711008191108704,
                            0.5663931965827942,
                            0.0
                        ],
                        [
                            0.9551711678504944,
                            -0.1998833566904068,
                            0.21839119493961334,
                            0.0
                        ],
                        [
                            -0.05518905818462372,
                            0.6045247316360474,
                            0.7946722507476807,
                            7.734886169433594
                        ],
                        [
                            0.0,
                            0.0,
                            0.0,
                            1.0
                        ]
                    ]
                },
                {
                    "name": "Lamp.003",
                    "pose": [
                        [
                            -0.29086464643478394,
                            -0.7711008191108704,
                            0.5663931965827942,
                            -0.9046268463134766
                        ],
                        [
                            0.9551711678504944,
                            -0.1998833566904068,
                            0.21839119493961334,
                            4.248056411743164
                        ],
                        [
                            -0.05518905818462372,
                            0.6045247316360474,
                            0.7946722507476807,
                            7.734886169433594
                        ],
                        [
                            0.0,
                            0.0,
                            0.0,
                            1.0
                        ]
                    ]
                },
                {
                    "name": "Lamp.004",
                    "pose": [
                        [
                            -0.29086464643478394,
                            -0.7711008191108704,
                            0.5663931965827942,
                            -2.7746357917785645
                        ],
                        [
                            0.9551711678504944,
                            -0.1998833566904068,
                            0.21839119493961334,
                            2.3410749435424805
                        ],
                        [
                            -0.05518905818462372,
                            0.6045247316360474,
                            0.7946722507476807,
                            2.2199249267578125
                        ],
                        [
                            0.0,
                            0.0,
                            0.0,
                            1.0
                        ]
                    ]
                },
                {
                    "name": "Ss",
                    "pose": [
                        [
                            0.0013927455293014646,
                            0.0,
                            0.0,
                            0.00697768060490489
                        ],
                        [
                            0.0,
                            0.0014044961426407099,
                            0.0,
                            0.003745553782209754
                        ],
                        [
                            0.0,
                            0.0,
                            0.0014315819134935737,
                            5.000180244445801
                        ],
                        [
                            0.0,
                            0.0,
                            0.0,
                            1.0
                        ]
                    ]
                }
            ]
        },
        {
            "image": "00000004.png",
            "object_poses": [
                {
                    "name": "Camera",
                    "pose": [
                        [
                            -0.6713380813598633,
                            -0.1336386799812317,
                            0.7290033102035522,
                            2.981757640838623
                        ],
                        [
                            0.7411440014839172,
                            -0.11670667678117752,
                            0.6611241102218628,
                            3.008857011795044
                        ],
                        [
                            -0.00327220163308084,
                            0.9841342568397522,
                            0.17739515006542206,
                            6.008856773376465
                        ],
                        [
                            0.0,
                            0.0,
                            0.0,
                            1.0
                        ]
                    ]
                },
                {
                    "name": "Lamp",
                    "pose": [
                        [
                            -0.29086464643478394,
                            -0.7711008191108704,
                            0.5663931965827942,
                            -0.9046268463134766
                        ],
                        [
                            0.9551711678504944,
                            -0.1998833566904068,
                            0.21839119493961334,
                            -2.966461658477783
                        ],
                        [
                            -0.05518905818462372,
                            0.6045247316360474,
                            0.7946722507476807,
                            5.903861999511719
                        ],
                        [
                            0.0,
                            0.0,
                            0.0,
                            1.0
                        ]
                    ]
                },
                {
                    "name": "Lamp.001",
                    "pose": [
                        [
                            -0.29086464643478394,
                            -0.7711008191108704,
                            0.5663931965827942,
                            -2.7746357917785645
                        ],
                        [
                            0.9551711678504944,
                            -0.1998833566904068,
                            0.21839119493961334,
                            2.3410749435424805
                        ],
                        [
                            -0.05518905818462372,
                            0.6045247316360474,
                            0.7946722507476807,
                            7.734886169433594
                        ],
                        [
                            0.0,
                            0.0,
                            0.0,
                            1.0
                        ]
                    ]
                },
                {
                    "name": "Lamp.002",
                    "pose": [
                        [
                            -0.29086464643478394,
                            -0.7711008191108704,
                            0.5663931965827942,
                            0.0
                        ],
                        [
                            0.9551711678504944,
                            -0.1998833566904068,
                            0.21839119493961334,
                            0.0
                        ],
                        [
                            -0.05518905818462372,
                            0.6045247316360474,
                            0.7946722507476807,
                            7.734886169433594
                        ],
                        [
                            0.0,
                            0.0,
                            0.0,
                            1.0
                        ]
                    ]
                },
                {
                    "name": "Lamp.003",
                    "pose": [
                        [
                            -0.29086464643478394,
                            -0.7711008191108704,
                            0.5663931965827942,
                            -0.9046268463134766
                        ],
                        [
                            0.9551711678504944,
                            -0.1998833566904068,
                            0.21839119493961334,
                            4.248056411743164
                        ],
                        [
                            -0.05518905818462372,
                            0.6045247316360474,
                            0.7946722507476807,
                            7.734886169433594
                        ],
                        [
                            0.0,
                            0.0,
                            0.0,
                            1.0
                        ]
                    ]
                },
                {
                    "name": "Lamp.004",
                    "pose": [
                        [
                            -0.29086464643478394,
                            -0.7711008191108704,
                            0.5663931965827942,
                            -2.7746357917785645
                        ],
                        [
                            0.9551711678504944,
                            -0.1998833566904068,
                            0.21839119493961334,
                            2.3410749435424805
                        ],
                        [
                            -0.05518905818462372,
                            0.6045247316360474,
                            0.7946722507476807,
                            2.2199249267578125
                        ],
                        [
                            0.0,
                            0.0,
                            0.0,
                            1.0
                        ]
                    ]
                },
                {
                    "name": "Ss",
                    "pose": [
                        [
                            0.0013927455293014646,
                            0.0,
                            0.0,
                            0.00697768060490489
                        ],
                        [
                            0.0,
                            0.0014044961426407099,
                            0.0,
                            0.003745553782209754
                        ],
                        [
                            0.0,
                            0.0,
                            0.0014315819134935737,
                            5.000180244445801
                        ],
                        [
                            0.0,
                            0.0,
                            0.0,
                            1.0
                        ]
                    ]
                }
            ]
        },
        {
            "image": "00000005.png",
            "object_poses": [
                {
                    "name": "Camera",
                    "pose": [
                        [
                            -0.67304527759552,
                            -0.1370481699705124,
                            0.7267928719520569,
                            2.967799425125122
                        ],
                        [
                            0.7395792007446289,
                            -0.11712494492530823,
                            0.6628003716468811,
                            3.015454053878784
                        ],
                        [
                            -0.005710006691515446,
                            0.9836155772209167,
                            0.1801883727312088,
                            6.015454292297363
                        ],
                        [
                            0.0,
                            0.0,
                            0.0,
                            1.0
                        ]
                    ]
                },
                {
                    "name": "Lamp",
                    "pose": [
                        [
                            -0.29086464643478394,
                            -0.7711008191108704,
                            0.5663931965827942,
                            -0.9046268463134766
                        ],
                        [
                            0.9551711678504944,
                            -0.1998833566904068,
                            0.21839119493961334,
                            -2.966461658477783
                        ],
                        [
                            -0.05518905818462372,
                            0.6045247316360474,
                            0.7946722507476807,
                            5.903861999511719
                        ],
                        [
                            0.0,
                            0.0,
                            0.0,
                            1.0
                        ]
                    ]
                },
                {
                    "name": "Lamp.001",
                    "pose": [
                        [
                            -0.29086464643478394,
                            -0.7711008191108704,
                            0.5663931965827942,
                            -2.7746357917785645
                        ],
                        [
                            0.9551711678504944,
                            -0.1998833566904068,
                            0.21839119493961334,
                            2.3410749435424805
                        ],
                        [
                            -0.05518905818462372,
                            0.6045247316360474,
                            0.7946722507476807,
                            7.734886169433594
                        ],
                        [
                            0.0,
                            0.0,
                            0.0,
                            1.0
                        ]
                    ]
                },
                {
                    "name": "Lamp.002",
                    "pose": [
                        [
                            -0.29086464643478394,
                            -0.7711008191108704,
                            0.5663931965827942,
                            0.0
                        ],
                        [
                            0.9551711678504944,
                            -0.1998833566904068,
                            0.21839119493961334,
                            0.0
                        ],
                        [
                            -0.05518905818462372,
                            0.6045247316360474,
                            0.7946722507476807,
                            7.734886169433594
                        ],
                        [
                            0.0,
                            0.0,
                            0.0,
                            1.0
                        ]
                    ]
                },
                {
                    "name": "Lamp.003",
                    "pose": [
                        [
                            -0.29086464643478394,
                            -0.7711008191108704,
                            0.5663931965827942,
                            -0.9046268463134766
                        ],
                        [
                            0.9551711678504944,
                            -0.1998833566904068,
                            0.21839119493961334,
                            4.248056411743164
                        ],
                        [
                            -0.05518905818462372,
                            0.6045247316360474,
                            0.7946722507476807,
                            7.734886169433594
                        ],
                        [
                            0.0,
                            0.0,
                            0.0,
                            1.0
                        ]
                    ]
                },
                {
                    "name": "Lamp.004",
                    "pose": [
                        [
                            -0.29086464643478394,
                            -0.7711008191108704,
                            0.5663931965827942,
                            -2.7746357917785645
                        ],
                        [
                            0.9551711678504944,
                            -0.1998833566904068,
                            0.21839119493961334,
                            2.3410749435424805
                        ],
                        [
                            -0.05518905818462372,
                            0.6045247316360474,
                            0.7946722507476807,
                            2.2199249267578125
                        ],
                        [
                            0.0,
                            0.0,
                            0.0,
                            1.0
                        ]
                    ]
                },
                {
                    "name": "Ss",
                    "pose": [
                        [
                            0.0013927455293014646,
                            0.0,
                            0.0,
                            0.00697768060490489
                        ],
                        [
                            0.0,
                            0.0014044961426407099,
                            0.0,
                            0.003745553782209754
                        ],
                        [
                            0.0,
                            0.0,
                            0.0014315819134935737,
                            5.000180244445801
                        ],
                        [
                            0.0,
                            0.0,
                            0.0,
                            1.0
                        ]
                    ]
                }
            ]
        },
        {
            "image": "00000006.png",
            "object_poses": [
                {
                    "name": "Camera",
                    "pose": [
                        [
                            -0.6752285361289978,
                            -0.14129319787025452,
                            0.7239493131637573,
                            2.9500458240509033
                        ],
                        [
                            0.7375566363334656,
                            -0.11768709123134613,
                            0.6649510860443115,
                            3.023691415786743
                        ],
                        [
                            -0.008753577247262001,
                            0.982947587966919,
                            0.18367742002010345,
                            6.023691654205322
                        ],
                        [
                            0.0,
                            0.0,
                            0.0,
                            1.0
                        ]
                    ]
                },
                {
                    "name": "Lamp",
                    "pose": [
                        [
                            -0.29086464643478394,
                            -0.7711008191108704,
                            0.5663931965827942,
                            -0.9046268463134766
                        ],
                        [
                            0.9551711678504944,
                            -0.1998833566904068,
                            0.21839119493961334,
                            -2.966461658477783
                        ],
                        [
                            -0.05518905818462372,
                            0.6045247316360474,
                            0.7946722507476807,
                            5.903861999511719
                        ],
                        [
                            0.0,
                            0.0,
                            0.0,
                            1.0
                        ]
                    ]
                },
                {
                    "name": "Lamp.001",
                    "pose": [
                        [
                            -0.29086464643478394,
                            -0.7711008191108704,
                            0.5663931965827942,
                            -2.7746357917785645
                        ],
                        [
                            0.9551711678504944,
                            -0.1998833566904068,
                            0.21839119493961334,
                            2.3410749435424805
                        ],
                        [
                            -0.05518905818462372,
                            0.6045247316360474,
                            0.7946722507476807,
                            7.734886169433594
                        ],
                        [
                            0.0,
                            0.0,
                            0.0,
                            1.0
                        ]
                    ]
                },
                {
                    "name": "Lamp.002",
                    "pose": [
                        [
                            -0.29086464643478394,
